3 0.392969 0.290278 0.060937 0.202778
3 0.441406 0.500000 0.064062 0.194444
3 0.560156 0.477778 0.089063 0.177778
3 0.655469 0.400000 0.101562 0.138889
3 0.620313 0.240278 0.075000 0.175000
3 0.529687 0.163889 0.100000 0.100000
3 0.714063 0.168056 0.100000 0.113889
3 0.921094 0.216667 0.098437 0.150000
3 0.342969 0.168056 0.123438 0.130556
3 0.245312 0.136111 0.075000 0.188889
3 0.187500 0.213889 0.081250 0.183333
3 0.138281 0.419444 0.104688 0.122222
3 0.296094 0.415278 0.107813 0.163889
3 0.307031 0.570833 0.095312 0.180556
3 0.417187 0.845833 0.075000 0.180556
3 0.199219 0.727778 0.110937 0.105556
3 0.083594 0.598611 0.085938 0.180556
3 0.092188 0.787500 0.087500 0.175000
3 0.627344 0.923611 0.107813 0.141667
3 0.500781 0.809722 0.079687 0.175000
3 0.697656 0.683333 0.107813 0.144444
3 0.821875 0.840278 0.103125 0.169444
3 0.928906 0.850000 0.098437 0.138889
3 0.747656 0.476389 0.089063 0.208333
3 0.840625 0.422222 0.084375 0.194444
3 0.914844 0.401389 0.095312 0.158333
3 0.069531 0.100000 0.064062 0.177778
1 0.817187 0.227778 0.043750 0.077778
1 0.857812 0.231944 0.034375 0.075000
2 0.853906 0.597222 0.039062 0.061111
2 0.833594 0.531944 0.032813 0.058333
2 0.872656 0.538889 0.035937 0.061111
2 0.915625 0.530556 0.037500 0.055556
2 0.894531 0.593056 0.039062 0.063889
2 0.936719 0.593056 0.039062 0.063889
2 0.957812 0.656944 0.034375 0.063889
2 0.975781 0.595833 0.032813 0.058333
2 0.836719 0.291667 0.035937 0.066667
2 0.796875 0.286111 0.040625 0.066667
2 0.674219 0.288889 0.032813 0.066667
2 0.653906 0.484722 0.035937 0.069444
2 0.692187 0.472222 0.037500 0.066667
2 0.635938 0.538889 0.037500 0.072222
2 0.659375 0.598611 0.043750 0.069444
2 0.616406 0.601389 0.042188 0.075000
2 0.596094 0.658333 0.048438 0.072222
2 0.621094 0.718056 0.039062 0.069444
2 0.658594 0.719444 0.035937 0.066667
2 0.678125 0.784722 0.034375 0.058333
2 0.717969 0.781944 0.042188 0.069444
2 0.778125 0.718056 0.034375 0.069444
2 0.756250 0.658333 0.037500 0.066667
2 0.777344 0.597222 0.039062 0.066667
2 0.738281 0.600000 0.039062 0.072222
2 0.816406 0.726389 0.042188 0.069444
2 0.840625 0.658333 0.037500 0.061111
2 0.760938 0.779167 0.037500 0.069444
2 0.799219 0.784722 0.039062 0.075000
2 0.739062 0.845833 0.040625 0.075000
2 0.716406 0.905556 0.039062 0.077778
2 0.757031 0.912500 0.039062 0.063889
2 0.735156 0.959722 0.039062 0.069444
2 0.775781 0.963889 0.035937 0.061111
2 0.817969 0.961111 0.039062 0.066667
2 0.853906 0.958333 0.035937 0.072222
2 0.894531 0.962500 0.039062 0.058333
2 0.935156 0.959722 0.042188 0.075000
2 0.974219 0.956944 0.035937 0.069444
2 0.954688 0.906944 0.034375 0.069444
2 0.561719 0.780556 0.032813 0.066667
2 0.558594 0.898611 0.035937 0.058333
2 0.578906 0.850000 0.039062 0.066667
2 0.581250 0.959722 0.037500 0.069444
2 0.363281 0.901389 0.042188 0.075000
2 0.380469 0.841667 0.032813 0.066667
2 0.362500 0.772222 0.037500 0.072222
2 0.341406 0.729167 0.032813 0.063889
2 0.305469 0.723611 0.039062 0.075000
2 0.281250 0.663889 0.037500 0.066667
2 0.266406 0.722222 0.039062 0.066667
2 0.282813 0.784722 0.040625 0.069444
2 0.323437 0.783333 0.040625 0.077778
2 0.346094 0.844444 0.035937 0.077778
2 0.324219 0.906944 0.039062 0.069444
2 0.266406 0.848611 0.042188 0.069444
2 0.247656 0.905556 0.042188 0.066667
2 0.164844 0.905556 0.042188 0.061111
2 0.187500 0.851389 0.037500 0.058333
2 0.242969 0.663889 0.035937 0.061111
2 0.204687 0.658333 0.040625 0.066667
2 0.187500 0.606944 0.037500 0.069444
2 0.208594 0.544444 0.039062 0.072222
2 0.223438 0.484722 0.040625 0.069444
2 0.146094 0.484722 0.039062 0.058333
2 0.126562 0.545833 0.034375 0.069444
2 0.105469 0.480556 0.039062 0.061111
2 0.066406 0.361111 0.039062 0.072222
2 0.085938 0.293056 0.046875 0.075000
2 0.145313 0.358333 0.043750 0.077778
2 0.101562 0.236111 0.040625 0.072222
2 0.282031 0.295833 0.039062 0.069444
2 0.224219 0.240278 0.042188 0.052778
2 0.163281 0.172222 0.039062 0.072222
2 0.437500 0.166667 0.046875 0.077778
2 0.458594 0.230556 0.039062 0.066667
2 0.501563 0.230556 0.040625 0.066667
2 0.544531 0.236111 0.042188 0.061111
2 0.483594 0.287500 0.039062 0.058333
2 0.499219 0.354167 0.039062 0.069444
2 0.540625 0.362500 0.037500 0.069444
2 0.498437 0.104167 0.037500 0.069444
