3 0.280469 0.222917 0.059375 0.065278
3 0.295703 0.297917 0.058594 0.051389
3 0.022656 0.117361 0.034375 0.098611
3 0.057422 0.090278 0.052344 0.063889
3 0.060937 0.131250 0.032813 0.048611
3 0.066016 0.161111 0.039844 0.077778
3 0.067969 0.215278 0.051562 0.080556
3 0.085547 0.276389 0.027344 0.052778
3 0.033984 0.190972 0.028906 0.112500
3 0.109375 0.218750 0.037500 0.093056
3 0.092188 0.134722 0.034375 0.094444
3 0.118750 0.111111 0.039062 0.066667
3 0.101172 0.063889 0.058594 0.058333
3 0.019141 0.039583 0.032031 0.076389
3 0.155078 0.031250 0.053906 0.059722
3 0.155078 0.075000 0.058594 0.058333
3 0.170703 0.115972 0.047656 0.056944
3 0.200391 0.060417 0.030469 0.068056
3 0.212109 0.016667 0.053906 0.030556
3 0.235547 0.086806 0.038281 0.101389
3 0.214453 0.117361 0.036719 0.079167
3 0.181641 0.171528 0.046094 0.084722
3 0.182422 0.192361 0.046094 0.054167
3 0.182422 0.230556 0.050781 0.055556
3 0.147266 0.174306 0.052344 0.068056
3 0.258594 0.056944 0.032813 0.080556
3 0.311328 0.054167 0.030469 0.094444
3 0.278906 0.038194 0.025000 0.073611
3 0.337109 0.033333 0.025781 0.063889
3 0.357031 0.024306 0.026562 0.045833
3 0.467578 0.047917 0.053906 0.048611
3 0.502344 0.064583 0.029687 0.098611
3 0.465625 0.102083 0.054688 0.068056
3 0.421875 0.140972 0.026562 0.104167
3 0.374609 0.097222 0.060156 0.058333
3 0.324219 0.128472 0.045312 0.076389
3 0.292969 0.164583 0.048438 0.073611
3 0.343359 0.159722 0.055469 0.080556
3 0.350391 0.194444 0.046094 0.088889
3 0.362891 0.205556 0.047656 0.072222
3 0.390625 0.235417 0.029687 0.112500
3 0.419531 0.243750 0.034375 0.109722
3 0.105469 0.947917 0.057813 0.079167
3 0.069531 0.926389 0.028125 0.080556
3 0.064844 0.839583 0.051562 0.087500
3 0.086719 0.782639 0.025000 0.054167
3 0.112891 0.822222 0.036719 0.091667
3 0.150781 0.775000 0.026562 0.055556
3 0.176172 0.881944 0.038281 0.100000
3 0.194531 0.928472 0.032813 0.098611
3 0.235547 0.859722 0.061719 0.075000
3 0.250000 0.938889 0.057813 0.094444
3 0.318750 0.963889 0.050000 0.050000
3 0.455078 0.973611 0.046094 0.052778
3 0.519141 0.943750 0.050781 0.056944
3 0.541797 0.974306 0.044531 0.051389
3 0.492969 0.900000 0.035937 0.108333
3 0.530078 0.865972 0.027344 0.098611
3 0.416016 0.849306 0.035156 0.101389
3 0.390234 0.806944 0.027344 0.088889
3 0.703516 0.938889 0.033594 0.077778
3 0.762891 0.934722 0.027344 0.100000
3 0.739453 0.863194 0.032031 0.073611
3 0.777734 0.832639 0.030469 0.090278
3 0.760156 0.852083 0.043750 0.081944
3 0.871875 0.836111 0.034375 0.100000
3 0.914062 0.834028 0.037500 0.095833
3 0.889453 0.703472 0.033594 0.109722
3 0.805469 0.575000 0.045312 0.083333
3 0.709375 0.564583 0.053125 0.059722
3 0.719922 0.613889 0.050781 0.075000
3 0.689453 0.678472 0.035156 0.098611
3 0.682813 0.616667 0.026562 0.080556
3 0.933594 0.456944 0.040625 0.111111
3 0.882031 0.407639 0.056250 0.087500
3 0.844922 0.420139 0.058594 0.068056
3 0.886719 0.353472 0.034375 0.076389
3 0.923438 0.322917 0.037500 0.104167
3 0.891797 0.246528 0.039844 0.093056
3 0.832812 0.239583 0.026562 0.090278
3 0.805078 0.213194 0.022656 0.051389
3 0.778125 0.292361 0.043750 0.090278
3 0.732422 0.235417 0.058594 0.062500
3 0.710547 0.302778 0.058594 0.058333
3 0.689453 0.239583 0.042969 0.104167
3 0.656250 0.213194 0.056250 0.076389
3 0.622656 0.307639 0.043750 0.095833
3 0.580859 0.312500 0.049219 0.075000
3 0.945703 0.179167 0.042969 0.088889
3 0.907031 0.179167 0.059375 0.066667
3 0.876172 0.124306 0.027344 0.087500
3 0.860156 0.072222 0.054688 0.050000
3 0.894141 0.072917 0.027344 0.104167
3 0.924609 0.070139 0.055469 0.059722
3 0.952344 0.078472 0.039062 0.084722
3 0.983203 0.119444 0.027344 0.100000
3 0.968359 0.056944 0.033594 0.075000
3 0.756250 0.131250 0.053125 0.059722
3 0.747266 0.081250 0.052344 0.065278
3 0.713672 0.056944 0.033594 0.066667
3 0.676953 0.072917 0.047656 0.076389
3 0.668750 0.156250 0.060937 0.051389
3 0.628906 0.167361 0.028125 0.059722
3 0.601172 0.116667 0.039844 0.080556
3 0.543359 0.104861 0.052344 0.062500
3 0.551172 0.045139 0.057031 0.068056
3 0.458984 0.176389 0.053906 0.058333
3 0.457422 0.252778 0.050781 0.069444
3 0.447656 0.305556 0.023438 0.038889
3 0.458984 0.334722 0.021094 0.038889
3 0.769141 0.442361 0.041406 0.104167
3 0.733594 0.417361 0.034375 0.104167
3 0.028516 0.408333 0.047656 0.083333
3 0.044922 0.615972 0.061719 0.084722
3 0.056641 0.636806 0.041406 0.068056
3 0.028516 0.556944 0.055469 0.058333
3 0.084375 0.697917 0.051562 0.068056
3 0.067969 0.504861 0.057813 0.051389
3 0.075391 0.409028 0.030469 0.106944
3 0.080859 0.450000 0.053906 0.061111
3 0.123047 0.446528 0.052344 0.090278
3 0.129688 0.381944 0.034375 0.072222
3 0.101562 0.347222 0.028125 0.102778
3 0.151562 0.319444 0.056250 0.061111
3 0.196875 0.293750 0.037500 0.076389
3 0.226172 0.300000 0.049219 0.086111
3 0.182031 0.369444 0.051562 0.094444
3 0.199219 0.416667 0.048438 0.094444
3 0.173047 0.509028 0.033594 0.098611
3 0.140234 0.553472 0.050781 0.084722
3 0.103516 0.565972 0.032031 0.093056
3 0.126953 0.619444 0.027344 0.100000
3 0.162891 0.616667 0.039844 0.077778
3 0.161719 0.657639 0.051562 0.065278
3 0.170703 0.729861 0.038281 0.076389
3 0.200391 0.672222 0.028906 0.100000
3 0.210547 0.611806 0.025781 0.070833
3 0.241406 0.720139 0.032813 0.104167
3 0.276953 0.723611 0.049219 0.058333
3 0.302344 0.773611 0.054688 0.061111
3 0.338672 0.819444 0.039844 0.102778
3 0.372266 0.709028 0.036719 0.093056
3 0.394922 0.713194 0.025781 0.109722
3 0.364844 0.751389 0.026562 0.097222
3 0.459375 0.743750 0.056250 0.073611
3 0.533984 0.752083 0.049219 0.098611
3 0.566406 0.808333 0.031250 0.097222
3 0.437891 0.662500 0.060156 0.058333
3 0.434375 0.611111 0.060937 0.063889
3 0.464844 0.594444 0.054688 0.083333
3 0.405469 0.549306 0.048438 0.068056
3 0.367188 0.518750 0.054688 0.081944
3 0.343750 0.567361 0.035937 0.104167
3 0.363281 0.642361 0.045312 0.087500
3 0.321484 0.630556 0.035156 0.105556
3 0.292578 0.672222 0.033594 0.072222
3 0.311719 0.556250 0.039062 0.095833
3 0.310547 0.468056 0.039844 0.091667
3 0.254688 0.360417 0.039062 0.098611
3 0.343359 0.279861 0.044531 0.093056
3 0.358203 0.315278 0.042969 0.088889
3 0.408594 0.306250 0.056250 0.068056
3 0.389844 0.356944 0.046875 0.069444
3 0.360156 0.442361 0.051562 0.084722
3 0.336328 0.381944 0.066406 0.058333
3 0.405859 0.395139 0.019531 0.093056
3 0.431250 0.378472 0.042188 0.084722
3 0.474609 0.395139 0.044531 0.090278
3 0.473047 0.500000 0.058594 0.058333
3 0.528906 0.453472 0.056250 0.070833
3 0.521094 0.393056 0.035937 0.100000
3 0.491016 0.300000 0.025781 0.088889
3 0.499609 0.225694 0.035156 0.098611
3 0.531250 0.232639 0.028125 0.098611
3 0.516016 0.313194 0.033594 0.098611
3 0.544922 0.317361 0.028906 0.104167
3 0.566797 0.255556 0.049219 0.075000
3 0.572656 0.394444 0.045312 0.086111
3 0.631641 0.381250 0.055469 0.045833
3 0.618359 0.429861 0.052344 0.051389
3 0.519141 0.613889 0.035156 0.066667
3 0.533203 0.665278 0.063281 0.050000
3 0.551172 0.714583 0.047656 0.054167
3 0.583984 0.748611 0.033594 0.102778
3 0.625391 0.776389 0.061719 0.058333
3 0.616016 0.726389 0.032031 0.102778
3 0.603516 0.685417 0.027344 0.095833
3 0.646875 0.700000 0.048438 0.072222
3 0.630859 0.612500 0.053906 0.088889
3 0.592187 0.594444 0.050000 0.088889
3 0.644141 0.480556 0.063281 0.063889
3 0.689063 0.496528 0.057813 0.090278
