3 0.050391 0.139583 0.025781 0.106944
3 0.028906 0.047917 0.031250 0.062500
3 0.054688 0.036806 0.046875 0.056944
3 0.080078 0.043056 0.041406 0.083333
3 0.035547 0.107639 0.036719 0.073611
3 0.074219 0.133333 0.018750 0.091667
3 0.096484 0.061806 0.033594 0.090278
3 0.111328 0.099306 0.024219 0.084722
3 0.134375 0.074306 0.037500 0.081944
3 0.145313 0.040278 0.025000 0.077778
3 0.166797 0.035417 0.025781 0.068056
3 0.119922 0.144444 0.035156 0.069444
3 0.089063 0.144444 0.021875 0.094444
3 0.029687 0.190278 0.037500 0.091667
3 0.055078 0.256944 0.049219 0.091667
3 0.077734 0.230556 0.028906 0.097222
3 0.102344 0.277778 0.031250 0.102778
3 0.106641 0.204167 0.039844 0.069444
3 0.163672 0.144444 0.057031 0.050000
3 0.178516 0.109028 0.053906 0.054167
3 0.135937 0.180556 0.025000 0.069444
3 0.150391 0.216667 0.028906 0.097222
3 0.213672 0.216667 0.032031 0.094444
3 0.200391 0.161806 0.032031 0.087500
3 0.188672 0.210417 0.057031 0.073611
3 0.182812 0.261806 0.040625 0.087500
3 0.151172 0.284028 0.042969 0.090278
3 0.157812 0.331944 0.050000 0.041667
3 0.134766 0.363194 0.035156 0.098611
3 0.104688 0.357639 0.031250 0.087500
3 0.068750 0.355556 0.031250 0.091667
3 0.045703 0.377778 0.033594 0.086111
3 0.036328 0.488194 0.049219 0.093056
3 0.054297 0.436806 0.057031 0.045833
3 0.103125 0.435417 0.056250 0.070833
3 0.081641 0.377083 0.021094 0.051389
3 0.014063 0.430556 0.026562 0.094444
3 0.016406 0.322917 0.031250 0.079167
3 0.011719 0.243056 0.021875 0.075000
3 0.256250 0.035417 0.034375 0.068056
3 0.236328 0.091667 0.052344 0.072222
3 0.241797 0.119444 0.047656 0.050000
3 0.217969 0.130556 0.029687 0.088889
3 0.254297 0.205556 0.038281 0.080556
3 0.228906 0.239583 0.021875 0.051389
3 0.274609 0.140278 0.038281 0.075000
3 0.292578 0.093056 0.053906 0.047222
3 0.314063 0.032639 0.040625 0.062500
3 0.346484 0.027778 0.027344 0.052778
3 0.367578 0.024306 0.021094 0.045833
3 0.403125 0.045139 0.028125 0.087500
3 0.387109 0.103472 0.038281 0.098611
3 0.352344 0.129167 0.031250 0.111111
3 0.335156 0.120139 0.028125 0.087500
3 0.319531 0.180556 0.029687 0.083333
3 0.307031 0.149306 0.037500 0.098611
3 0.299219 0.250694 0.051562 0.079167
3 0.292187 0.304167 0.037500 0.080556
3 0.261328 0.290972 0.025781 0.090278
3 0.241016 0.306250 0.025781 0.087500
3 0.212891 0.325694 0.039844 0.079167
3 0.236719 0.374306 0.050000 0.068056
3 0.275000 0.429167 0.043750 0.072222
3 0.279297 0.366667 0.041406 0.077778
3 0.307812 0.332639 0.037500 0.084722
3 0.322656 0.360417 0.046875 0.048611
3 0.341406 0.306250 0.042188 0.062500
3 0.339844 0.251389 0.042188 0.075000
3 0.332813 0.211806 0.020313 0.043056
3 0.358203 0.194444 0.046094 0.036111
3 0.381641 0.204167 0.042969 0.077778
3 0.409766 0.200000 0.047656 0.050000
3 0.423828 0.156944 0.039844 0.061111
3 0.412109 0.100694 0.038281 0.045833
3 0.437891 0.080556 0.032031 0.080556
3 0.392188 0.260417 0.034375 0.076389
3 0.375391 0.331944 0.042969 0.091667
3 0.353516 0.430556 0.042969 0.072222
3 0.387500 0.416667 0.039062 0.083333
3 0.419141 0.425694 0.047656 0.065278
3 0.439453 0.459028 0.030469 0.081944
3 0.448437 0.525000 0.037500 0.100000
3 0.414453 0.549306 0.025781 0.095833
3 0.391797 0.499306 0.044531 0.068056
3 0.423438 0.309028 0.042188 0.073611
3 0.453125 0.297917 0.025000 0.098611
3 0.448047 0.230556 0.035156 0.088889
3 0.453125 0.155556 0.043750 0.069444
3 0.473438 0.105556 0.034375 0.083333
3 0.464062 0.069444 0.025000 0.055556
3 0.495312 0.052083 0.025000 0.051389
3 0.530078 0.044444 0.024219 0.083333
3 0.485938 0.018056 0.037500 0.033333
3 0.554297 0.063194 0.027344 0.081944
3 0.571094 0.034028 0.028125 0.065278
3 0.597266 0.036806 0.024219 0.070833
3 0.617578 0.040278 0.027344 0.077778
3 0.621094 0.081944 0.051562 0.055556
3 0.601953 0.129167 0.035156 0.075000
3 0.581250 0.086806 0.028125 0.056944
3 0.548828 0.143056 0.041406 0.083333
3 0.511719 0.111806 0.051562 0.051389
3 0.483594 0.181944 0.031250 0.094444
3 0.507812 0.193056 0.028125 0.102778
3 0.531641 0.186806 0.025781 0.081944
3 0.560937 0.194444 0.028125 0.086111
3 0.581641 0.174306 0.024219 0.093056
3 0.611328 0.199306 0.036719 0.081944
3 0.635156 0.170833 0.031250 0.094444
3 0.665234 0.113194 0.038281 0.079167
3 0.660547 0.050694 0.035156 0.090278
3 0.528906 0.280556 0.028125 0.091667
3 0.490234 0.250694 0.055469 0.056944
3 0.499219 0.302778 0.045312 0.055556
3 0.469141 0.313194 0.019531 0.081944
3 0.503125 0.355556 0.053125 0.055556
3 0.543359 0.332639 0.028906 0.098611
3 0.556641 0.277778 0.028906 0.094444
3 0.585547 0.253472 0.030469 0.098611
3 0.609375 0.274306 0.040625 0.090278
3 0.662891 0.261806 0.042969 0.106944
3 0.680859 0.184028 0.058594 0.070833
3 0.683203 0.133333 0.042969 0.066667
3 0.640234 0.331944 0.035156 0.102778
3 0.667578 0.363194 0.036719 0.081944
3 0.618359 0.357639 0.035156 0.087500
3 0.581641 0.352778 0.025781 0.088889
3 0.452344 0.385417 0.050000 0.090278
3 0.494531 0.391667 0.057813 0.061111
3 0.508984 0.450000 0.050781 0.075000
3 0.556250 0.429167 0.043750 0.080556
3 0.607422 0.400000 0.055469 0.075000
3 0.587891 0.444444 0.050781 0.050000
3 0.538281 0.531944 0.042188 0.088889
3 0.576953 0.497917 0.050781 0.081944
3 0.608594 0.502083 0.026562 0.095833
3 0.587891 0.554167 0.050781 0.069444
3 0.570312 0.575694 0.056250 0.068056
3 0.577734 0.618056 0.058594 0.050000
3 0.481250 0.555556 0.050000 0.055556
3 0.526563 0.613194 0.040625 0.084722
3 0.500000 0.649306 0.056250 0.054167
3 0.355078 0.561806 0.039844 0.095833
3 0.332813 0.610417 0.053125 0.090278
3 0.310156 0.555556 0.054688 0.055556
3 0.304297 0.515278 0.053906 0.069444
3 0.272266 0.495139 0.049219 0.065278
3 0.230469 0.441667 0.056250 0.080556
3 0.185938 0.391667 0.048438 0.072222
3 0.151172 0.393056 0.047656 0.061111
3 0.144141 0.422222 0.042969 0.050000
3 0.166406 0.463889 0.029687 0.100000
3 0.137500 0.477778 0.053125 0.061111
3 0.213672 0.493056 0.055469 0.061111
3 0.172266 0.532639 0.052344 0.073611
3 0.198047 0.561806 0.050781 0.059722
3 0.230859 0.575694 0.028906 0.090278
3 0.066406 0.569444 0.050000 0.069444
3 0.089844 0.533333 0.046875 0.041667
3 0.084766 0.480556 0.050781 0.075000
3 0.128516 0.536806 0.035156 0.093056
3 0.104688 0.615278 0.034375 0.097222
3 0.081641 0.663194 0.033594 0.106944
3 0.041016 0.651389 0.044531 0.088889
3 0.040234 0.606944 0.058594 0.050000
3 0.050391 0.728472 0.044531 0.087500
3 0.035156 0.785417 0.057813 0.070833
3 0.031641 0.859028 0.049219 0.073611
3 0.041797 0.916667 0.044531 0.080556
3 0.082031 0.849306 0.043750 0.093056
3 0.100391 0.888194 0.053906 0.073611
3 0.100781 0.774306 0.046875 0.081944
3 0.092969 0.729167 0.043750 0.094444
3 0.129688 0.675694 0.034375 0.093056
3 0.160547 0.613194 0.035156 0.090278
3 0.196484 0.622917 0.049219 0.059722
3 0.232422 0.660417 0.057031 0.104167
3 0.269922 0.666667 0.030469 0.080556
3 0.291016 0.700694 0.038281 0.104167
3 0.324609 0.719444 0.038281 0.091667
3 0.353906 0.747917 0.050000 0.087500
3 0.400391 0.743056 0.050781 0.058333
3 0.410547 0.780556 0.052344 0.058333
3 0.387109 0.825694 0.050781 0.070833
3 0.341016 0.824306 0.042969 0.081944
3 0.315625 0.793056 0.053125 0.061111
3 0.285547 0.802778 0.036719 0.083333
3 0.259766 0.777778 0.050781 0.069444
3 0.239453 0.730556 0.044531 0.072222
3 0.212891 0.766667 0.038281 0.091667
3 0.175391 0.715278 0.047656 0.102778
3 0.145313 0.736806 0.056250 0.081944
3 0.100781 0.966667 0.054688 0.066667
3 0.170313 0.889583 0.046875 0.076389
3 0.138672 0.864583 0.036719 0.101389
3 0.155078 0.804167 0.053906 0.080556
3 0.206641 0.902778 0.042969 0.083333
3 0.229297 0.858333 0.050781 0.066667
3 0.260156 0.905556 0.034375 0.094444
3 0.288672 0.960417 0.044531 0.079167
3 0.310547 0.901389 0.053906 0.075000
3 0.365625 0.885417 0.046875 0.095833
3 0.388672 0.930556 0.050781 0.100000
3 0.454688 0.927778 0.050000 0.080556
3 0.496094 0.944444 0.048438 0.083333
3 0.550000 0.964583 0.059375 0.062500
3 0.460938 0.696528 0.050000 0.081944
3 0.481641 0.730556 0.050781 0.050000
3 0.476562 0.774306 0.053125 0.043056
3 0.496094 0.827083 0.053125 0.073611
3 0.451953 0.843056 0.046094 0.080556
3 0.518750 0.788194 0.031250 0.073611
3 0.583203 0.899306 0.055469 0.079167
3 0.561328 0.831944 0.035156 0.094444
3 0.536719 0.756944 0.051562 0.075000
3 0.529297 0.705556 0.046094 0.072222
3 0.562500 0.690278 0.028125 0.094444
3 0.598437 0.731944 0.046875 0.083333
3 0.630859 0.755556 0.053906 0.061111
3 0.635938 0.824306 0.051562 0.084722
3 0.641016 0.888889 0.055469 0.075000
3 0.669141 0.938194 0.050781 0.084722
3 0.719141 0.974306 0.060156 0.051389
3 0.985938 0.943056 0.028125 0.069444
3 0.781641 0.910417 0.042969 0.081944
3 0.735156 0.890278 0.046875 0.075000
3 0.811328 0.838194 0.042969 0.095833
3 0.778516 0.818056 0.057031 0.091667
3 0.684766 0.739583 0.036719 0.087500
3 0.608984 0.669444 0.055469 0.077778
3 0.625000 0.615972 0.040625 0.098611
3 0.648047 0.644444 0.028906 0.094444
3 0.679688 0.669444 0.050000 0.077778
3 0.715234 0.686806 0.035156 0.095833
3 0.751953 0.683333 0.052344 0.072222
3 0.755078 0.735417 0.055469 0.062500
3 0.791797 0.743056 0.052344 0.052778
3 0.828125 0.719444 0.059375 0.083333
3 0.954297 0.759028 0.032031 0.101389
3 0.892578 0.713194 0.053906 0.079167
3 0.844141 0.655556 0.055469 0.047222
3 0.806641 0.636806 0.024219 0.054167
3 0.936719 0.624306 0.057813 0.065278
3 0.969922 0.506944 0.028906 0.105556
3 0.969922 0.395833 0.032031 0.100000
3 0.936719 0.460417 0.046875 0.070833
3 0.926953 0.419444 0.057031 0.066667
3 0.891016 0.480556 0.050781 0.080556
3 0.866797 0.561806 0.036719 0.095833
3 0.880469 0.633333 0.045312 0.083333
3 0.829688 0.552778 0.040625 0.088889
3 0.792578 0.594444 0.049219 0.069444
3 0.812891 0.581944 0.039844 0.069444
3 0.758203 0.604167 0.052344 0.075000
3 0.717969 0.574306 0.050000 0.087500
3 0.679297 0.605556 0.036719 0.094444
3 0.646094 0.568056 0.053125 0.066667
3 0.673047 0.540278 0.057031 0.058333
3 0.645312 0.486806 0.040625 0.090278
3 0.664062 0.424306 0.053125 0.045833
3 0.681641 0.481944 0.035156 0.094444
3 0.712891 0.454167 0.038281 0.083333
3 0.696875 0.405556 0.031250 0.080556
3 0.725000 0.393056 0.046875 0.066667
3 0.729297 0.477083 0.025781 0.090278
3 0.750000 0.464583 0.025000 0.095833
3 0.771875 0.472917 0.034375 0.081944
3 0.807422 0.461806 0.039844 0.079167
3 0.835938 0.499306 0.056250 0.056944
3 0.845313 0.450694 0.057813 0.056944
3 0.789844 0.421528 0.064062 0.048611
3 0.714063 0.349306 0.050000 0.045833
3 0.716016 0.291667 0.044531 0.086111
3 0.703516 0.256944 0.038281 0.097222
3 0.813672 0.377083 0.055469 0.056944
3 0.870313 0.413194 0.062500 0.048611
3 0.906641 0.369444 0.039844 0.063889
3 0.757422 0.360417 0.033594 0.098611
3 0.791016 0.352778 0.047656 0.088889
3 0.762891 0.297222 0.044531 0.050000
3 0.797266 0.270139 0.032031 0.098611
3 0.753906 0.211806 0.050000 0.090278
3 0.721484 0.168056 0.033594 0.097222
3 0.689453 0.063194 0.032031 0.093056
3 0.715234 0.063194 0.044531 0.098611
3 0.754297 0.124306 0.041406 0.095833
3 0.746875 0.082639 0.034375 0.090278
3 0.773438 0.047917 0.045312 0.093056
3 0.790625 0.130556 0.050000 0.083333
3 0.804688 0.166667 0.045312 0.091667
3 0.803125 0.038889 0.034375 0.075000
3 0.828516 0.060417 0.033594 0.106944
3 0.846094 0.105556 0.050000 0.050000
3 0.864453 0.061806 0.049219 0.059722
3 0.916016 0.064583 0.028906 0.109722
3 0.881641 0.077778 0.046094 0.061111
3 0.969922 0.115278 0.032031 0.105556
3 0.942578 0.115972 0.036719 0.112500
3 0.892188 0.136806 0.037500 0.079167
3 0.843750 0.156944 0.059375 0.080556
3 0.879297 0.209028 0.052344 0.054167
3 0.843750 0.236806 0.050000 0.073611
3 0.826172 0.305556 0.030469 0.105556
3 0.853125 0.316667 0.031250 0.094444
3 0.880078 0.346528 0.046094 0.084722
3 0.884766 0.275694 0.042969 0.093056
3 0.920312 0.168056 0.028125 0.072222
3 0.929688 0.255556 0.056250 0.105556
3 0.949219 0.209028 0.042188 0.087500
3 0.964453 0.261806 0.027344 0.104167
3 0.947266 0.300694 0.036719 0.076389
3 0.933594 0.344444 0.050000 0.080556
3 0.917188 0.535417 0.034375 0.093056
3 0.984375 0.218056 0.031250 0.083333
1 0.662891 0.803472 0.022656 0.037500
1 0.692969 0.833333 0.018750 0.041667
1 0.732031 0.832639 0.018750 0.034722
1 0.712109 0.896528 0.021094 0.034722
1 0.722266 0.804861 0.024219 0.040278
1 0.860547 0.750694 0.019531 0.048611
1 0.880859 0.750000 0.019531 0.036111
1 0.870703 0.720833 0.021094 0.033333
1 0.861328 0.693750 0.022656 0.043056
1 0.921484 0.695139 0.021094 0.037500
1 0.910547 0.663889 0.019531 0.036111
1 0.942187 0.570833 0.021875 0.030556
1 0.931250 0.661806 0.021875 0.043056
1 0.301172 0.632639 0.021094 0.037500
