3 0.053125 0.049306 0.059375 0.084722
3 0.026172 0.134028 0.050781 0.120833
3 0.171094 0.195139 0.067187 0.101389
3 0.231641 0.091667 0.044531 0.094444
3 0.294531 0.218056 0.042188 0.102778
3 0.316797 0.286806 0.046094 0.065278
3 0.379688 0.289583 0.053125 0.079167
3 0.312891 0.041667 0.046094 0.080556
3 0.344922 0.100694 0.035156 0.093056
3 0.389844 0.177778 0.034375 0.086111
3 0.409375 0.129167 0.031250 0.097222
3 0.421094 0.061806 0.054688 0.084722
3 0.331641 0.380556 0.055469 0.061111
3 0.314063 0.455556 0.050000 0.111111
3 0.192578 0.325694 0.052344 0.081944
3 0.156641 0.349306 0.028906 0.106944
3 0.114844 0.346528 0.046875 0.087500
3 0.044141 0.389583 0.041406 0.101389
3 0.078906 0.482639 0.050000 0.093056
3 0.117969 0.414583 0.042188 0.059722
3 0.019922 0.502083 0.038281 0.104167
3 0.031250 0.594444 0.037500 0.105556
3 0.071875 0.570833 0.068750 0.080556
3 0.083203 0.635417 0.047656 0.104167
3 0.071484 0.702083 0.036719 0.101389
3 0.051953 0.718750 0.028906 0.104167
3 0.025000 0.729167 0.039062 0.100000
3 0.042969 0.854167 0.032813 0.122222
3 0.020313 0.874306 0.029687 0.109722
3 0.083203 0.831250 0.053906 0.079167
3 0.120703 0.952083 0.049219 0.095833
3 0.150781 0.872917 0.051562 0.084722
3 0.180078 0.917361 0.036719 0.115278
3 0.211719 0.916667 0.029687 0.113889
3 0.199609 0.828472 0.052344 0.101389
3 0.210938 0.770139 0.048438 0.079167
3 0.231250 0.740278 0.048438 0.091667
3 0.250391 0.829167 0.030469 0.116667
3 0.278906 0.865972 0.043750 0.098611
4 0.319531 0.933333 0.040625 0.133333
3 0.331641 0.844444 0.055469 0.086111
3 0.371875 0.910417 0.062500 0.084722
3 0.309375 0.776389 0.050000 0.075000
3 0.333984 0.738889 0.057031 0.086111
3 0.354297 0.676389 0.055469 0.080556
3 0.285938 0.598611 0.054688 0.083333
3 0.257422 0.630556 0.061719 0.063889
3 0.264844 0.690972 0.032813 0.084722
3 0.223438 0.652083 0.046875 0.098611
3 0.188672 0.712500 0.044531 0.091667
3 0.170703 0.671528 0.057031 0.087500
3 0.176953 0.580556 0.066406 0.094444
3 0.123828 0.525000 0.036719 0.122222
3 0.195312 0.492361 0.056250 0.109722
3 0.169531 0.410417 0.034375 0.093056
3 0.198828 0.406250 0.039844 0.098611
3 0.235937 0.415278 0.042188 0.094444
3 0.242188 0.480556 0.060937 0.063889
3 0.451172 0.882639 0.035156 0.095833
3 0.483594 0.833333 0.054688 0.066667
3 0.417187 0.709722 0.042188 0.111111
3 0.448047 0.635417 0.044531 0.095833
3 0.453906 0.564583 0.056250 0.059722
3 0.428906 0.598611 0.053125 0.061111
3 0.441797 0.514583 0.036719 0.087500
3 0.409375 0.387500 0.028125 0.108333
3 0.395313 0.328472 0.026562 0.095833
3 0.433594 0.222917 0.035937 0.115278
3 0.443359 0.302083 0.035156 0.101389
3 0.448828 0.375000 0.047656 0.088889
3 0.481641 0.368750 0.061719 0.070833
3 0.461328 0.466667 0.058594 0.075000
3 0.486328 0.439583 0.041406 0.081944
3 0.491016 0.503472 0.032031 0.095833
3 0.513672 0.488889 0.025781 0.102778
3 0.541797 0.500694 0.042969 0.109722
3 0.503906 0.581250 0.048438 0.084722
3 0.500000 0.659028 0.060937 0.095833
3 0.471875 0.210417 0.029687 0.106944
3 0.500781 0.229167 0.032813 0.116667
3 0.512500 0.147222 0.056250 0.080556
3 0.582812 0.141667 0.064062 0.086111
3 0.580469 0.055556 0.032813 0.086111
3 0.621094 0.125694 0.029687 0.101389
3 0.644922 0.111111 0.042969 0.105556
3 0.671875 0.093750 0.053125 0.059722
3 0.739062 0.048611 0.034375 0.094444
3 0.785937 0.070139 0.039062 0.093056
3 0.857812 0.088194 0.053125 0.081944
3 0.968359 0.186111 0.050781 0.080556
3 0.955859 0.236806 0.025781 0.084722
3 0.930469 0.229167 0.042188 0.105556
3 0.838672 0.188194 0.035156 0.084722
3 0.846875 0.231250 0.050000 0.087500
3 0.776172 0.187500 0.063281 0.086111
3 0.697266 0.163889 0.060156 0.077778
3 0.726172 0.216667 0.055469 0.077778
3 0.746094 0.256250 0.046875 0.090278
3 0.783594 0.275000 0.035937 0.100000
3 0.701953 0.286806 0.058594 0.073611
3 0.616797 0.254167 0.039844 0.058333
3 0.598437 0.245833 0.045312 0.105556
3 0.587500 0.199306 0.031250 0.062500
3 0.562891 0.228472 0.038281 0.104167
3 0.540625 0.262500 0.040625 0.105556
3 0.559766 0.368750 0.060156 0.087500
3 0.633594 0.320139 0.053125 0.095833
3 0.605859 0.411111 0.028906 0.097222
3 0.641797 0.445833 0.038281 0.108333
3 0.601562 0.489583 0.043750 0.084722
3 0.576172 0.536111 0.033594 0.105556
3 0.548828 0.569444 0.057031 0.072222
3 0.563672 0.640278 0.027344 0.111111
3 0.585156 0.617361 0.029687 0.084722
3 0.600391 0.563194 0.027344 0.104167
3 0.618359 0.577083 0.024219 0.070833
3 0.607031 0.643056 0.046875 0.100000
3 0.580469 0.745833 0.026562 0.119444
3 0.603125 0.723611 0.032813 0.086111
3 0.624609 0.772917 0.050781 0.073611
3 0.603906 0.840278 0.028125 0.108333
3 0.631250 0.854861 0.034375 0.118056
3 0.620313 0.933333 0.035937 0.088889
3 0.653125 0.895833 0.026562 0.111111
3 0.676562 0.916667 0.039062 0.102778
3 0.701562 0.954861 0.037500 0.090278
3 0.747656 0.921528 0.062500 0.070833
3 0.867969 0.944444 0.045312 0.100000
3 0.966406 0.761806 0.031250 0.126389
3 0.955078 0.512500 0.057031 0.072222
3 0.953516 0.445139 0.058594 0.056944
3 0.963281 0.353472 0.048438 0.081944
3 0.937109 0.390278 0.057031 0.063889
3 0.911328 0.296528 0.061719 0.062500
3 0.896484 0.360417 0.035156 0.101389
3 0.858594 0.339583 0.051562 0.081944
3 0.861328 0.385417 0.050781 0.093056
3 0.871484 0.434722 0.032031 0.108333
3 0.871484 0.525000 0.036719 0.086111
3 0.874609 0.612500 0.050781 0.083333
3 0.923828 0.599306 0.053906 0.090278
3 0.916016 0.679861 0.057031 0.095833
3 0.884375 0.711806 0.062500 0.076389
3 0.847656 0.504861 0.034375 0.093056
3 0.827734 0.402778 0.032031 0.075000
3 0.821094 0.351389 0.043750 0.086111
3 0.800391 0.324306 0.053906 0.076389
3 0.764844 0.365278 0.059375 0.097222
3 0.720703 0.395139 0.055469 0.070833
3 0.797656 0.447222 0.045312 0.066667
3 0.798828 0.505556 0.052344 0.063889
3 0.771875 0.563194 0.050000 0.087500
3 0.752734 0.486111 0.036719 0.111111
3 0.717578 0.497222 0.036719 0.088889
3 0.741016 0.604861 0.044531 0.109722
3 0.684766 0.512500 0.053906 0.075000
3 0.663672 0.550000 0.044531 0.105556
3 0.671094 0.618056 0.060937 0.072222
3 0.712109 0.658333 0.025781 0.105556
3 0.684375 0.668750 0.040625 0.098611
3 0.680859 0.730556 0.055469 0.063889
3 0.745313 0.707639 0.056250 0.079167
3 0.786719 0.675000 0.035937 0.100000
3 0.809375 0.784028 0.032813 0.104167
3 0.884375 0.803472 0.039062 0.087500
3 0.853906 0.834722 0.032813 0.088889
3 0.764453 0.760417 0.058594 0.070833
3 0.716797 0.795139 0.060156 0.065278
3 0.737500 0.828472 0.060937 0.068056
3 0.767969 0.872222 0.042188 0.122222
3 0.804688 0.897917 0.045312 0.090278
3 0.673047 0.818750 0.046094 0.112500
