3 0.077344 0.043056 0.062500 0.083333
3 0.076563 0.174306 0.034375 0.106944
3 0.055469 0.243056 0.031250 0.080556
3 0.034375 0.256944 0.031250 0.111111
3 0.028516 0.199306 0.055469 0.056944
3 0.042188 0.355556 0.025000 0.097222
3 0.023438 0.399306 0.029687 0.090278
3 0.078125 0.341667 0.053125 0.080556
3 0.068359 0.286806 0.038281 0.093056
3 0.116016 0.249306 0.058594 0.045833
3 0.110156 0.199306 0.040625 0.070833
3 0.134766 0.172917 0.033594 0.112500
3 0.186719 0.170833 0.053125 0.061111
3 0.114062 0.293056 0.062500 0.055556
3 0.119922 0.340278 0.057031 0.069444
3 0.138672 0.371528 0.057031 0.059722
3 0.125391 0.418056 0.042969 0.086111
3 0.100391 0.385417 0.025781 0.093056
3 0.069531 0.388889 0.046875 0.072222
3 0.038672 0.450000 0.066406 0.075000
3 0.057813 0.495833 0.040625 0.113889
3 0.089063 0.472917 0.034375 0.098611
3 0.151562 0.449306 0.062500 0.062500
3 0.146094 0.514583 0.028125 0.098611
3 0.217188 0.340278 0.040625 0.102778
3 0.234375 0.451389 0.050000 0.102778
3 0.169922 0.574306 0.063281 0.054167
3 0.175391 0.629167 0.038281 0.097222
3 0.129297 0.561806 0.028906 0.093056
3 0.104688 0.554167 0.034375 0.094444
3 0.115625 0.619444 0.065625 0.058333
3 0.060937 0.586806 0.037500 0.084722
3 0.036719 0.588889 0.040625 0.100000
3 0.014844 0.585417 0.028125 0.098611
3 0.062891 0.665278 0.050781 0.077778
3 0.059375 0.697917 0.040625 0.054167
3 0.027344 0.686806 0.023438 0.045833
3 0.016016 0.736806 0.030469 0.081944
3 0.032422 0.749306 0.039844 0.106944
3 0.022266 0.849306 0.035156 0.106944
3 0.050391 0.819444 0.022656 0.072222
3 0.062891 0.868056 0.049219 0.044444
3 0.062891 0.766667 0.033594 0.097222
3 0.089063 0.745139 0.053125 0.084722
3 0.129688 0.768056 0.051562 0.091667
3 0.117969 0.822917 0.067187 0.056944
3 0.144141 0.729167 0.050781 0.044444
3 0.142969 0.686806 0.040625 0.054167
3 0.166797 0.843056 0.052344 0.102778
3 0.213672 0.788194 0.027344 0.109722
3 0.252344 0.739583 0.062500 0.073611
3 0.239063 0.852778 0.028125 0.091667
3 0.241016 0.884028 0.055469 0.073611
3 0.205469 0.905556 0.060937 0.055556
3 0.203125 0.941667 0.031250 0.069444
3 0.053125 0.947917 0.037500 0.093056
3 0.066016 0.913889 0.035156 0.072222
3 0.386719 0.977778 0.048438 0.044444
3 0.348828 0.755556 0.050781 0.094444
3 0.604688 0.925694 0.043750 0.098611
3 0.517188 0.861806 0.037500 0.104167
3 0.593750 0.845833 0.043750 0.088889
3 0.626953 0.849306 0.028906 0.104167
3 0.651953 0.851389 0.035156 0.102778
3 0.667188 0.815278 0.031250 0.111111
3 0.692969 0.870139 0.029687 0.098611
3 0.967969 0.932639 0.040625 0.098611
3 0.835938 0.893056 0.059375 0.055556
3 0.810937 0.843056 0.031250 0.088889
3 0.792188 0.789583 0.031250 0.101389
3 0.762891 0.824306 0.050781 0.081944
3 0.753125 0.904167 0.050000 0.091667
3 0.807813 0.934028 0.056250 0.065278
3 0.817578 0.968056 0.035156 0.052778
3 0.962891 0.830556 0.035156 0.113889
3 0.941016 0.830556 0.041406 0.094444
3 0.926172 0.772917 0.041406 0.118056
3 0.892188 0.713889 0.050000 0.063889
3 0.889844 0.761806 0.034375 0.062500
3 0.978125 0.759028 0.034375 0.131944
3 0.962891 0.736806 0.038281 0.084722
3 0.931250 0.713889 0.040625 0.097222
3 0.843750 0.736806 0.031250 0.115278
3 0.821094 0.688194 0.043750 0.098611
3 0.796875 0.666667 0.062500 0.083333
3 0.937891 0.545833 0.032031 0.111111
3 0.903516 0.599306 0.049219 0.101389
3 0.935937 0.334028 0.037500 0.095833
3 0.908594 0.444444 0.050000 0.091667
3 0.891797 0.380556 0.050781 0.088889
3 0.840625 0.386806 0.059375 0.087500
3 0.947266 0.235417 0.044531 0.095833
3 0.970313 0.163194 0.053125 0.054167
3 0.961719 0.110417 0.039062 0.081944
3 0.937500 0.155556 0.043750 0.075000
3 0.907813 0.168056 0.056250 0.086111
3 0.885938 0.059028 0.060937 0.079167
3 0.876563 0.193056 0.037500 0.108333
3 0.897266 0.286806 0.058594 0.073611
3 0.826172 0.225694 0.032031 0.118056
3 0.809766 0.121528 0.061719 0.056944
3 0.842187 0.086806 0.031250 0.093056
3 0.814844 0.039583 0.048438 0.062500
3 0.842969 0.155556 0.040625 0.075000
3 0.794141 0.213194 0.030469 0.112500
3 0.740625 0.260417 0.062500 0.068056
3 0.734766 0.110417 0.060156 0.093056
3 0.720313 0.193056 0.056250 0.094444
3 0.669141 0.211806 0.055469 0.101389
3 0.631641 0.166667 0.038281 0.088889
3 0.597266 0.189583 0.033594 0.087500
3 0.670312 0.280556 0.053125 0.088889
3 0.706641 0.330556 0.028906 0.055556
3 0.681641 0.343056 0.049219 0.069444
3 0.682813 0.399306 0.040625 0.093056
3 0.841406 0.586806 0.056250 0.090278
3 0.838672 0.497917 0.038281 0.095833
3 0.789844 0.504167 0.039062 0.113889
3 0.807813 0.599306 0.050000 0.093056
3 0.735938 0.594444 0.037500 0.111111
3 0.735938 0.443056 0.056250 0.080556
3 0.692969 0.490278 0.048438 0.086111
3 0.692187 0.600694 0.031250 0.104167
3 0.667188 0.561806 0.025000 0.068056
3 0.655469 0.472917 0.062500 0.073611
3 0.648438 0.422917 0.057813 0.051389
3 0.664453 0.040278 0.047656 0.077778
3 0.598828 0.084722 0.055469 0.050000
3 0.558984 0.047917 0.035156 0.081944
3 0.553125 0.110417 0.062500 0.065278
3 0.518750 0.133333 0.059375 0.061111
3 0.517188 0.041667 0.040625 0.080556
3 0.498047 0.050694 0.032031 0.081944
3 0.458984 0.035417 0.050781 0.068056
3 0.357422 0.025694 0.061719 0.043056
3 0.376563 0.061806 0.045312 0.059722
3 0.331641 0.066667 0.035156 0.058333
3 0.356641 0.084028 0.049219 0.048611
3 0.370312 0.122917 0.034375 0.054167
3 0.339062 0.118056 0.037500 0.069444
3 0.377734 0.149306 0.025781 0.073611
3 0.435547 0.168056 0.055469 0.105556
3 0.442578 0.247917 0.060156 0.073611
3 0.461719 0.329167 0.035937 0.100000
3 0.429688 0.294444 0.028125 0.069444
3 0.368750 0.194444 0.040625 0.063889
3 0.363672 0.230556 0.044531 0.077778
3 0.331641 0.180556 0.049219 0.116667
3 0.301563 0.141667 0.029687 0.080556
3 0.262109 0.099306 0.049219 0.070833
3 0.299219 0.265278 0.051562 0.086111
3 0.281641 0.389583 0.041406 0.104167
3 0.308594 0.325694 0.040625 0.079167
3 0.321094 0.372917 0.035937 0.104167
3 0.354687 0.311806 0.050000 0.081944
3 0.373828 0.363194 0.027344 0.090278
3 0.343359 0.404167 0.038281 0.102778
3 0.369141 0.420833 0.027344 0.072222
3 0.304688 0.474306 0.053125 0.098611
3 0.298438 0.607639 0.059375 0.087500
3 0.358984 0.493750 0.025781 0.112500
3 0.365234 0.580556 0.042969 0.097222
3 0.357031 0.639583 0.031250 0.101389
3 0.398828 0.441667 0.041406 0.116667
3 0.448437 0.430556 0.037500 0.080556
3 0.435937 0.470833 0.053125 0.066667
3 0.407813 0.521528 0.034375 0.104167
3 0.446875 0.547917 0.056250 0.093056
3 0.473438 0.595139 0.057813 0.062500
3 0.445312 0.652083 0.031250 0.098611
3 0.471875 0.680556 0.025000 0.083333
3 0.429688 0.750694 0.040625 0.062500
3 0.484766 0.730556 0.038281 0.063889
3 0.506250 0.774306 0.053125 0.076389
3 0.541016 0.743056 0.032031 0.105556
3 0.578516 0.713194 0.044531 0.090278
3 0.501172 0.341667 0.052344 0.105556
3 0.531250 0.365278 0.028125 0.080556
3 0.509766 0.405556 0.030469 0.108333
3 0.586719 0.331944 0.054688 0.100000
3 0.571875 0.520139 0.046875 0.087500
3 0.530469 0.581944 0.056250 0.077778
3 0.550000 0.669444 0.057813 0.091667
3 0.590234 0.647222 0.050781 0.075000
3 0.598828 0.591667 0.041406 0.069444
3 0.648438 0.618056 0.046875 0.105556
3 0.639062 0.679167 0.053125 0.080556
3 0.608984 0.712500 0.036719 0.094444
3 0.610547 0.768750 0.049219 0.084722
3 0.646484 0.746528 0.038281 0.095833
3 0.683594 0.723611 0.035937 0.108333
3 0.707812 0.788889 0.037500 0.108333
