0 0.285677 0.587500 0.028646 0.062037
0 0.404427 0.387037 0.020313 0.061111
0 0.257812 0.432870 0.033333 0.054630
0 0.188021 0.136574 0.020833 0.067593
0 0.158333 0.536574 0.032292 0.050926
0 0.621875 0.492130 0.032292 0.054630
0 0.655469 0.633796 0.033854 0.052778
0 0.194531 0.618981 0.035937 0.047222
0 0.480469 0.118519 0.026562 0.059259
0 0.368490 0.642130 0.033854 0.058333
0 0.359635 0.551389 0.022396 0.065741
0 0.377083 0.225000 0.031250 0.053704
0 0.193229 0.575926 0.039583 0.048148
0 0.328646 0.501852 0.025000 0.064815
0 0.664323 0.220370 0.020313 0.066667
0 0.435156 0.663889 0.031771 0.050000
0 0.244792 0.508333 0.023958 0.066667
0 0.264062 0.753241 0.034375 0.060185
0 0.225521 0.610185 0.023958 0.070370
0 0.273438 0.785648 0.030208 0.058333
0 0.278385 0.860648 0.032813 0.060185
0 0.399219 0.310648 0.033854 0.052778
0 0.555469 0.492593 0.023438 0.061111
0 0.552083 0.359259 0.030208 0.059259
0 0.155469 0.736111 0.028646 0.061111
0 0.526823 0.747685 0.033854 0.049074
0 0.438021 0.383796 0.032292 0.050926
0 0.557292 0.409722 0.032292 0.045370
0 0.175000 0.705556 0.028125 0.062963
0 0.808594 0.446296 0.025521 0.057407
0 0.097396 0.065741 0.029167 0.064815
0 0.280208 0.629630 0.019792 0.062963
0 0.358854 0.432870 0.028125 0.060185
0 0.481510 0.237963 0.021354 0.066667
0 0.320833 0.311574 0.036458 0.052778
0 0.161198 0.121296 0.022396 0.074074
0 0.188021 0.522222 0.037500 0.057407
0 0.294010 0.457870 0.021354 0.067593
0 0.388802 0.058796 0.024479 0.065741
0 0.040885 0.412963 0.021354 0.074074
0 0.615104 0.307407 0.033333 0.051852
0 0.363802 0.071759 0.018229 0.067593
0 0.900000 0.437500 0.031250 0.060185
0 0.023438 0.385648 0.022917 0.073148
0 0.720052 0.532407 0.036979 0.042593
0 0.936198 0.584259 0.038021 0.042593
0 0.288542 0.334259 0.032292 0.053704
0 0.152344 0.603704 0.024479 0.064815
0 0.400781 0.680556 0.024479 0.066667
0 0.120573 0.049074 0.024479 0.068519
0 0.138281 0.463426 0.041146 0.034259
0 0.475781 0.491667 0.018229 0.070370
0 0.144531 0.162963 0.019271 0.061111
0 0.209375 0.124074 0.026042 0.068519
0 0.642188 0.323148 0.023958 0.064815
0 0.661979 0.453704 0.018750 0.062963
0 0.385156 0.476389 0.034896 0.039815
0 0.731510 0.360648 0.030729 0.054630
0 0.134115 0.258796 0.027604 0.054630
0 0.465885 0.636574 0.020313 0.065741
0 0.067708 0.330093 0.023958 0.067593
0 0.541667 0.240278 0.019792 0.069444
0 0.636979 0.398148 0.026042 0.057407
0 0.761979 0.243981 0.027083 0.060185
0 0.288802 0.146759 0.022396 0.067593
0 0.500521 0.448611 0.034375 0.043519
0 0.516406 0.506019 0.035937 0.039815
0 0.715104 0.425463 0.021875 0.060185
0 0.140365 0.034259 0.029687 0.062963
0 0.561719 0.166667 0.018229 0.062963
0 0.273958 0.221759 0.027083 0.071296
0 0.138802 0.517593 0.027604 0.053704
0 0.866927 0.589352 0.035937 0.052778
0 0.209375 0.191204 0.027083 0.065741
0 0.255469 0.381481 0.036979 0.038889
0 0.241927 0.138889 0.024479 0.068519
0 0.827865 0.250926 0.022396 0.066667
0 0.247656 0.079167 0.027604 0.058333
0 0.757031 0.478241 0.023438 0.063889
0 0.266146 0.125926 0.020833 0.064815
0 0.319271 0.047685 0.027083 0.071296
0 0.141146 0.311574 0.034375 0.060185
0 0.204687 0.446759 0.036458 0.041667
0 0.244531 0.827778 0.034896 0.037037
0 0.325260 0.188889 0.041146 0.040741
0 0.948438 0.427778 0.021875 0.066667
0 0.087240 0.241667 0.021354 0.068519
0 0.472396 0.041667 0.023958 0.064815
0 0.727604 0.474537 0.034375 0.037963
0 0.291927 0.700926 0.023438 0.064815
0 0.480469 0.551389 0.035937 0.034259
0 0.073958 0.181481 0.034375 0.061111
0 0.532813 0.684259 0.022917 0.062963
0 0.923958 0.759722 0.032292 0.060185
0 0.153646 0.843981 0.033333 0.050926
0 0.808333 0.575463 0.034375 0.052778
0 0.936719 0.799074 0.032813 0.059259
0 0.388021 0.204630 0.036458 0.051852
0 0.241927 0.033796 0.019271 0.065741
0 0.183073 0.839815 0.027604 0.062963
0 0.735938 0.294444 0.022917 0.057407
0 0.493490 0.316667 0.032813 0.053704
0 0.691146 0.403704 0.016667 0.061111
0 0.607031 0.050926 0.023438 0.070370
0 0.083073 0.637963 0.023438 0.072222
0 0.223958 0.053241 0.021875 0.062037
0 0.423438 0.581481 0.036458 0.046296
0 0.379167 0.115741 0.034375 0.050000
0 0.176823 0.387500 0.041146 0.037963
0 0.449740 0.042130 0.017188 0.065741
0 0.617708 0.601389 0.033333 0.050926
0 0.618490 0.546296 0.019271 0.062963
0 0.284375 0.076389 0.025000 0.063889
0 0.311979 0.786574 0.023958 0.067593
0 0.333333 0.783796 0.027083 0.062037
0 0.084896 0.154167 0.026042 0.060185
0 0.070573 0.412500 0.033854 0.045370
0 0.776563 0.164815 0.018750 0.064815
0 0.923177 0.504630 0.026562 0.062963
0 0.092708 0.857407 0.030208 0.062963
0 0.927344 0.667593 0.035937 0.050000
0 0.878125 0.537037 0.025000 0.061111
0 0.345052 0.143981 0.034896 0.058333
0 0.039583 0.660648 0.022917 0.065741
0 0.121875 0.850463 0.027083 0.058333
0 0.353385 0.825926 0.031771 0.064815
0 0.630208 0.862037 0.033333 0.062963
0 0.327083 0.700463 0.037500 0.052778
0 0.123438 0.772685 0.028125 0.067593
0 0.411979 0.735185 0.025000 0.066667
0 0.347656 0.685648 0.038021 0.054630
0 0.580729 0.706944 0.021875 0.069444
0 0.671094 0.601389 0.017188 0.062037
0 0.019010 0.577778 0.028646 0.062963
0 0.581250 0.253704 0.033333 0.040741
0 0.310937 0.851852 0.023958 0.057407
0 0.770312 0.337037 0.030208 0.061111
0 0.046875 0.506019 0.038542 0.058333
0 0.507031 0.140741 0.018229 0.066667
0 0.047917 0.170833 0.023958 0.069444
0 0.379948 0.765278 0.038021 0.047222
0 0.970313 0.831019 0.031250 0.054630
0 0.799479 0.754630 0.036458 0.033333
0 0.176563 0.203241 0.039583 0.052778
0 0.770573 0.405093 0.024479 0.062037
0 0.104167 0.791204 0.023958 0.067593
0 0.421094 0.260185 0.034896 0.037037
0 0.102083 0.495370 0.022917 0.068519
0 0.645312 0.146759 0.035417 0.054630
0 0.824479 0.335185 0.025000 0.057407
0 0.941146 0.515741 0.020833 0.066667
0 0.500260 0.866204 0.038021 0.050926
0 0.294271 0.882407 0.034375 0.040741
0 0.104688 0.412500 0.035417 0.060185
0 0.789844 0.254167 0.025521 0.063889
0 0.798438 0.672685 0.037500 0.039815
0 0.576823 0.583333 0.034896 0.037037
0 0.936198 0.253241 0.028646 0.056481
0 0.983854 0.734722 0.029167 0.052778
0 0.600000 0.574537 0.020833 0.060185
0 0.123698 0.134259 0.040104 0.046296
0 0.858073 0.494907 0.028646 0.062037
0 0.887500 0.669907 0.040625 0.047222
0 0.962240 0.361111 0.038021 0.044444
0 0.623177 0.749537 0.020313 0.067593
0 0.698958 0.098611 0.017708 0.071296
0 0.617448 0.880093 0.035937 0.052778
0 0.041406 0.757870 0.024479 0.071296
0 0.839844 0.388426 0.023438 0.063889
0 0.506510 0.066204 0.035937 0.037963
0 0.883594 0.903241 0.038021 0.037963
0 0.855208 0.854167 0.036458 0.039815
0 0.368229 0.843056 0.026042 0.071296
0 0.338281 0.440741 0.020313 0.057407
0 0.008854 0.326852 0.016667 0.068519
0 0.918490 0.325926 0.021354 0.062963
0 0.105208 0.111574 0.036458 0.052778
0 0.191146 0.345370 0.037500 0.040741
0 0.913281 0.212963 0.020313 0.057407
0 0.882552 0.836111 0.026562 0.064815
0 0.720833 0.201389 0.038542 0.037963
0 0.907552 0.847685 0.034896 0.050926
0 0.058854 0.284259 0.023958 0.061111
0 0.903125 0.484722 0.040625 0.047222
0 0.504948 0.805093 0.038021 0.067593
0 0.901563 0.276852 0.041667 0.037037
0 0.429427 0.094444 0.016146 0.055556
0 0.037500 0.825926 0.025000 0.064815
0 0.907031 0.051852 0.035937 0.051852
0 0.640104 0.251852 0.034375 0.038889
0 0.613021 0.675463 0.021875 0.041667
0 0.394271 0.800000 0.021875 0.066667
0 0.657031 0.080093 0.018229 0.067593
0 0.468490 0.809722 0.040104 0.036111
0 0.415104 0.804630 0.020833 0.075926
0 0.562760 0.023611 0.020313 0.045370
0 0.914323 0.152778 0.036979 0.051852
0 0.826302 0.126389 0.030729 0.050926
0 0.038542 0.706944 0.046875 0.036111
0 0.854688 0.088889 0.038542 0.046296
0 0.822135 0.175463 0.038021 0.054630
0 0.659375 0.025926 0.023958 0.050000
0 0.979688 0.101852 0.021875 0.051852
0 0.985417 0.781019 0.029167 0.039815
0 0.784115 0.034259 0.031771 0.046296
0 0.813281 0.056944 0.035937 0.036111
0 0.857292 0.162963 0.026042 0.066667
0 0.181510 0.022685 0.024479 0.043519
0 0.245052 0.918519 0.033854 0.035185
0 0.400521 0.904167 0.021875 0.065741
0 0.560937 0.104630 0.017708 0.046296
0 0.937760 0.058333 0.030729 0.055556
0 0.952344 0.113426 0.038021 0.052778
0 0.279687 0.915278 0.036458 0.030556
0 0.909375 0.613426 0.033333 0.043519
0 0.069271 0.031944 0.043750 0.041667
0 0.074479 0.512963 0.021875 0.053704
0 0.208594 0.018981 0.036979 0.036111
0 0.006510 0.224537 0.011979 0.063889
0 0.984896 0.200000 0.021875 0.046296
0 0.301563 0.023148 0.027083 0.044444
0 0.377865 0.026852 0.017188 0.042593
0 0.311979 0.625000 0.017708 0.048148
0 0.426563 0.923148 0.037500 0.068519
0 0.048438 0.054167 0.038542 0.045370
0 0.993750 0.425926 0.012500 0.029630
0 0.067969 0.954630 0.030729 0.070370
0 0.959896 0.025926 0.032292 0.050000
0 0.575781 0.766667 0.029687 0.035185
0 0.445833 0.959722 0.032292 0.060185
0 0.986458 0.943981 0.027083 0.045370
0 0.483854 0.961111 0.023958 0.064815
0 0.761458 0.979630 0.036458 0.027778
0 0.015885 0.944907 0.029687 0.065741
0 0.935417 0.981481 0.033333 0.029630
0 0.058594 0.902315 0.036979 0.080556
0 0.570052 0.960185 0.027604 0.066667
0 0.075260 0.753241 0.018229 0.028704
0 0.696615 0.981944 0.025521 0.030556
0 0.447917 0.904167 0.034375 0.034259
0 0.730729 0.958796 0.026042 0.067593
0 0.902083 0.975926 0.034375 0.020370
0 0.179167 0.981019 0.033333 0.034259
0 0.646615 0.979630 0.023438 0.024074
0 0.113542 0.963889 0.039583 0.072222
0 0.504687 0.943981 0.036458 0.049074
0 0.518750 0.299074 0.027083 0.057407
0 0.465625 0.297685 0.030208 0.037963
0 0.501042 0.235648 0.022917 0.078704
0 0.522656 0.218981 0.022396 0.069444
0 0.522135 0.137500 0.022396 0.073148
0 0.543229 0.149537 0.019792 0.075000
0 0.574479 0.204167 0.021875 0.063889
0 0.253125 0.345370 0.042708 0.038889
0 0.240885 0.316204 0.044271 0.034259
0 0.231250 0.267593 0.036458 0.050000
0 0.211198 0.304167 0.028646 0.056481
0 0.209375 0.244444 0.035417 0.048148
0 0.320312 0.429630 0.016667 0.051852
0 0.409115 0.541204 0.018229 0.039815
0 0.433073 0.530556 0.027604 0.053704
0 0.437240 0.488426 0.042188 0.037963
0 0.450000 0.574537 0.017708 0.076852
0 0.389583 0.600463 0.031250 0.075000
0 0.372917 0.691667 0.027083 0.061111
0 0.366927 0.739815 0.039062 0.037037
0 0.432812 0.883333 0.022917 0.046296
0 0.665365 0.975926 0.015104 0.018519
0 0.800521 0.975926 0.040625 0.046296
0 0.018490 0.650463 0.033854 0.062037
0 0.085417 0.464815 0.029167 0.051852
0 0.091146 0.353241 0.026042 0.062037
0 0.104948 0.302315 0.029687 0.071296
0 0.138281 0.402315 0.034896 0.052778
0 0.172396 0.418981 0.046875 0.034259
0 0.050521 0.243519 0.038542 0.048148
0 0.509375 0.614352 0.048958 0.036111
0 0.971615 0.147685 0.027604 0.056481
0 0.953125 0.181944 0.028125 0.062037
0 0.994010 0.374074 0.011979 0.038889
0 0.865625 0.350000 0.022917 0.062963
0 0.847917 0.312963 0.018750 0.066667
0 0.863542 0.292593 0.027083 0.059259
0 0.741406 0.006944 0.020313 0.012037
