0 0.751302 0.493519 0.039062 0.038889
0 0.529167 0.740278 0.042708 0.039815
0 0.351042 0.707407 0.035417 0.079630
0 0.264844 0.684259 0.032813 0.077778
0 0.387760 0.115278 0.036979 0.067593
0 0.491927 0.625463 0.035937 0.036111
0 0.490365 0.732407 0.034896 0.042593
0 0.401302 0.819444 0.030729 0.066667
0 0.329427 0.826852 0.040104 0.037037
0 0.492969 0.813889 0.026562 0.062963
0 0.310677 0.688889 0.034896 0.048148
0 0.461458 0.689815 0.035417 0.044444
0 0.367448 0.812037 0.030729 0.064815
0 0.443490 0.757870 0.028646 0.062037
0 0.700000 0.475463 0.033333 0.036111
0 0.297135 0.770370 0.033854 0.061111
0 0.333073 0.637963 0.021354 0.068519
0 0.585677 0.678704 0.034896 0.048148
0 0.252344 0.827778 0.035937 0.037037
0 0.293229 0.525926 0.038542 0.038889
0 0.540885 0.885648 0.035937 0.047222
0 0.286458 0.813426 0.040625 0.037963
0 0.396615 0.428241 0.023438 0.067593
0 0.690885 0.414352 0.035937 0.043519
0 0.387500 0.238889 0.028125 0.061111
0 0.254427 0.531481 0.026562 0.068519
0 0.426823 0.210648 0.033854 0.047222
0 0.332292 0.525463 0.029167 0.060185
0 0.202083 0.736111 0.023958 0.068519
0 0.747917 0.704167 0.036458 0.039815
0 0.672656 0.723611 0.032813 0.047222
0 0.342187 0.182407 0.027083 0.055556
0 0.215885 0.795370 0.029687 0.066667
0 0.145573 0.561574 0.039062 0.043519
0 0.455990 0.496296 0.021354 0.062963
0 0.373437 0.872222 0.035417 0.057407
0 0.332552 0.477778 0.035937 0.042593
0 0.575521 0.611111 0.035417 0.044444
0 0.262500 0.314815 0.019792 0.068519
0 0.907031 0.662037 0.034896 0.038889
0 0.433073 0.324074 0.033854 0.055556
0 0.200000 0.469444 0.037500 0.048148
0 0.136198 0.473148 0.025521 0.070370
0 0.126562 0.736111 0.033333 0.055556
0 0.295833 0.475926 0.031250 0.059259
0 0.191406 0.578241 0.040104 0.065741
0 0.669271 0.130556 0.026042 0.057407
0 0.239583 0.546296 0.022917 0.068519
0 0.548438 0.203241 0.032292 0.050926
0 0.205469 0.843056 0.038021 0.045370
0 0.389844 0.045370 0.024479 0.068519
0 0.179948 0.331944 0.022396 0.065741
0 0.742448 0.655093 0.033854 0.054630
0 0.194531 0.410185 0.025521 0.064815
0 0.161979 0.790741 0.031250 0.064815
0 0.919010 0.568056 0.036979 0.047222
0 0.231250 0.337500 0.034375 0.045370
0 0.727865 0.259722 0.034896 0.041667
0 0.534375 0.143056 0.028125 0.058333
0 0.433594 0.433796 0.025521 0.062037
0 0.612240 0.865278 0.028646 0.054630
0 0.354167 0.251852 0.036458 0.050000
0 0.044531 0.779167 0.033854 0.067593
0 0.352083 0.427315 0.021875 0.065741
0 0.236458 0.743519 0.039583 0.050000
0 0.219531 0.412500 0.024479 0.063889
0 0.633333 0.315278 0.030208 0.050926
0 0.198177 0.134259 0.027604 0.059259
0 0.302344 0.887963 0.022396 0.062963
0 0.654687 0.188426 0.034375 0.043519
0 0.188542 0.526852 0.042708 0.055556
0 0.040365 0.418519 0.030729 0.064815
0 0.527083 0.396759 0.022917 0.067593
0 0.313021 0.430093 0.034375 0.054630
0 0.077344 0.659259 0.035937 0.061111
0 0.070052 0.604167 0.029687 0.067593
0 0.040365 0.585648 0.036979 0.036111
0 0.621615 0.265278 0.029687 0.058333
0 0.795833 0.543519 0.031250 0.053704
0 0.891406 0.487037 0.038021 0.038889
0 0.253125 0.104167 0.020833 0.063889
0 0.780208 0.592130 0.023958 0.062037
0 0.060937 0.503704 0.021875 0.066667
0 0.133333 0.270370 0.027083 0.057407
0 0.880208 0.863889 0.029167 0.057407
0 0.144010 0.780556 0.034896 0.061111
0 0.289583 0.219444 0.034375 0.042593
0 0.839583 0.649074 0.030208 0.057407
0 0.806771 0.786111 0.039583 0.048148
0 0.110937 0.669444 0.026042 0.062963
0 0.901042 0.710185 0.023958 0.061111
0 0.447656 0.631944 0.019271 0.067593
0 0.591927 0.585185 0.023438 0.061111
0 0.016146 0.784259 0.031250 0.059259
0 0.272656 0.469907 0.038021 0.054630
0 0.337500 0.107870 0.032292 0.062037
0 0.875781 0.382407 0.028646 0.050000
0 0.297656 0.334722 0.019271 0.067593
0 0.632552 0.627315 0.023438 0.060185
0 0.026302 0.658796 0.022396 0.071296
0 0.903385 0.437500 0.039062 0.045370
0 0.637240 0.736574 0.020313 0.071296
0 0.758073 0.110648 0.028646 0.043519
0 0.563802 0.130093 0.020313 0.062037
0 0.538021 0.338426 0.021875 0.067593
0 0.122917 0.510185 0.020833 0.072222
0 0.575260 0.239352 0.035937 0.050926
0 0.226562 0.248611 0.037500 0.054630
0 0.444010 0.567593 0.020313 0.064815
0 0.808854 0.400463 0.030208 0.052778
0 0.524740 0.088426 0.030729 0.056481
0 0.137240 0.141667 0.022396 0.066667
0 0.798958 0.300926 0.035417 0.046296
0 0.148698 0.379630 0.034896 0.055556
0 0.249740 0.419907 0.046354 0.047222
0 0.272917 0.265278 0.021875 0.067593
0 0.664323 0.361574 0.027604 0.062037
0 0.748958 0.795370 0.021875 0.064815
0 0.571615 0.318056 0.028646 0.060185
0 0.143490 0.679167 0.030729 0.058333
0 0.188802 0.790741 0.025521 0.068519
0 0.119531 0.338889 0.032813 0.059259
0 0.112760 0.555093 0.026562 0.062037
0 0.682813 0.305556 0.020833 0.062963
0 0.716927 0.205093 0.034896 0.045370
0 0.097656 0.787037 0.030729 0.062963
0 0.903646 0.880093 0.030208 0.060185
0 0.244531 0.174537 0.026562 0.069444
0 0.964844 0.889815 0.040104 0.048148
0 0.533073 0.252315 0.023438 0.067593
0 0.222917 0.098611 0.033333 0.058333
0 0.109635 0.445833 0.023438 0.071296
0 0.503125 0.209722 0.019792 0.065741
0 0.787500 0.480093 0.033333 0.056481
0 0.182031 0.201389 0.043229 0.039815
0 0.468490 0.881481 0.026562 0.059259
0 0.797917 0.160648 0.038542 0.039815
0 0.038281 0.349074 0.028646 0.064815
0 0.028646 0.520833 0.029167 0.069444
0 0.813802 0.828704 0.036979 0.051852
0 0.076823 0.280093 0.027604 0.056481
0 0.188802 0.025463 0.027604 0.049074
0 0.391667 0.356481 0.017708 0.062963
0 0.493750 0.378241 0.018750 0.069444
0 0.294792 0.077778 0.032292 0.057407
0 0.846094 0.833796 0.020313 0.067593
0 0.490625 0.556019 0.026042 0.063889
0 0.014323 0.408796 0.026562 0.067593
0 0.151823 0.614352 0.023438 0.071296
0 0.707812 0.657407 0.027083 0.066667
0 0.089844 0.456481 0.026562 0.062963
0 0.668750 0.436111 0.019792 0.068519
0 0.461458 0.583333 0.018750 0.066667
0 0.822917 0.260185 0.031250 0.053704
0 0.514323 0.577778 0.021354 0.066667
0 0.143490 0.050000 0.022396 0.064815
0 0.112760 0.846296 0.032813 0.061111
0 0.122135 0.065278 0.024479 0.063889
0 0.977344 0.616204 0.026562 0.062037
0 0.926302 0.394444 0.021354 0.064815
0 0.761458 0.241667 0.030208 0.055556
0 0.824740 0.724074 0.027604 0.064815
0 0.623177 0.073148 0.034896 0.046296
0 0.051823 0.301852 0.025521 0.064815
0 0.101823 0.297222 0.041146 0.040741
0 0.821094 0.347685 0.036979 0.047222
0 0.069531 0.431019 0.027604 0.069444
0 0.104688 0.895370 0.042708 0.038889
0 0.604688 0.094444 0.036458 0.040741
0 0.800521 0.218519 0.038542 0.040741
0 0.801302 0.920833 0.031771 0.054630
0 0.878646 0.706944 0.019792 0.067593
0 0.713021 0.813426 0.026042 0.069444
0 0.068229 0.342593 0.045833 0.038889
0 0.152344 0.083796 0.024479 0.071296
0 0.882552 0.356019 0.034896 0.049074
0 0.842708 0.764352 0.025000 0.071296
0 0.447917 0.031481 0.018750 0.061111
0 0.856771 0.705093 0.026042 0.067593
0 0.103646 0.725463 0.023958 0.063889
0 0.130990 0.397685 0.021354 0.076852
0 0.248698 0.780093 0.036979 0.043519
0 0.416406 0.036111 0.022396 0.066667
0 0.855208 0.392130 0.021875 0.062037
0 0.014323 0.490278 0.027604 0.060185
0 0.045052 0.638426 0.024479 0.067593
0 0.527604 0.046296 0.035417 0.050000
0 0.840625 0.177778 0.037500 0.042593
0 0.181771 0.867130 0.038542 0.039815
0 0.757031 0.900000 0.023438 0.070370
0 0.738542 0.170370 0.019792 0.064815
0 0.831771 0.117130 0.035417 0.041667
0 0.116406 0.793519 0.026562 0.064815
0 0.174219 0.086574 0.031771 0.063889
0 0.967969 0.475926 0.030729 0.064815
0 0.095833 0.154167 0.032292 0.071296
0 0.273958 0.161574 0.029167 0.073148
0 0.885156 0.079167 0.020313 0.062037
0 0.917708 0.087963 0.028125 0.055556
0 0.889323 0.629167 0.023438 0.043519
0 0.878125 0.310185 0.036458 0.042593
0 0.209896 0.361574 0.031250 0.045370
0 0.324219 0.901389 0.024479 0.054630
0 0.898177 0.269444 0.033854 0.055556
0 0.911198 0.246759 0.034896 0.052778
0 0.868490 0.126389 0.031771 0.049074
0 0.849219 0.273611 0.021354 0.063889
0 0.410156 0.879630 0.029687 0.062963
0 0.972917 0.228704 0.042708 0.037037
0 0.984635 0.261574 0.027604 0.050926
0 0.891146 0.164352 0.021875 0.062037
0 0.982292 0.412963 0.020833 0.057407
0 0.981250 0.171296 0.027083 0.048148
0 0.016406 0.856481 0.031771 0.046296
0 0.341927 0.014815 0.020313 0.027778
0 0.925781 0.165741 0.024479 0.061111
0 0.253646 0.017130 0.017708 0.032407
0 0.828385 0.070370 0.035937 0.048148
0 0.050000 0.072222 0.039583 0.050000
0 0.129167 0.938889 0.036458 0.061111
0 0.172656 0.924074 0.038021 0.051852
0 0.740885 0.083333 0.026562 0.068519
0 0.613021 0.025000 0.035417 0.040741
0 0.186719 0.671759 0.053646 0.073148
0 0.165365 0.017130 0.019271 0.032407
0 0.013021 0.099537 0.025000 0.054630
0 0.835156 0.963426 0.036979 0.041667
0 0.161458 0.337500 0.021875 0.047222
0 0.580729 0.808333 0.018750 0.033333
0 0.347135 0.580556 0.022396 0.051852
0 0.664323 0.944907 0.033854 0.049074
0 0.989583 0.054630 0.019792 0.057407
0 0.529427 0.931944 0.033854 0.056481
0 0.427865 0.950926 0.034896 0.053704
0 0.437240 0.888426 0.030729 0.054630
0 0.027604 0.017593 0.021875 0.033333
0 0.980208 0.968981 0.037500 0.056481
0 0.558333 0.015741 0.022917 0.029630
0 0.514844 0.975000 0.038021 0.044444
0 0.723958 0.962963 0.026042 0.055556
0 0.101823 0.962037 0.038021 0.051852
0 0.444271 0.977778 0.036458 0.044444
0 0.409635 0.972685 0.029687 0.047222
0 0.559896 0.939815 0.034375 0.044444
0 0.780469 0.012963 0.023438 0.024074
0 0.060156 0.741204 0.020313 0.030556
0 0.491667 0.979167 0.037500 0.041667
0 0.205208 0.287963 0.016667 0.027778
0 0.756510 0.981944 0.033854 0.034259
0 0.688802 0.982407 0.025521 0.035185
0 0.732552 0.011574 0.014063 0.021296
0 0.490104 0.449074 0.019792 0.066667
0 0.494271 0.497222 0.039583 0.046296
0 0.515365 0.520833 0.036979 0.043519
0 0.535156 0.544444 0.024479 0.075926
0 0.571615 0.523148 0.035937 0.064815
0 0.566406 0.465278 0.041146 0.065741
0 0.572135 0.422222 0.050521 0.048148
0 0.587240 0.349537 0.039062 0.052778
0 0.601562 0.323611 0.034375 0.058333
0 0.354687 0.369444 0.039583 0.051852
0 0.357812 0.312037 0.025000 0.074074
0 0.377083 0.302778 0.020833 0.072222
0 0.320573 0.322685 0.025521 0.080556
0 0.318750 0.190741 0.027083 0.072222
0 0.449479 0.101389 0.027083 0.071296
0 0.451823 0.159259 0.045312 0.051852
0 0.490104 0.142130 0.034375 0.050926
0 0.503646 0.103704 0.033333 0.074074
0 0.463021 0.222222 0.034375 0.059259
0 0.477865 0.208333 0.031771 0.072222
0 0.468750 0.268519 0.046875 0.033333
0 0.593229 0.155093 0.031250 0.073148
0 0.613021 0.187500 0.041667 0.052778
0 0.650000 0.244444 0.022917 0.090741
0 0.951823 0.168056 0.026562 0.086111
0 0.364844 0.011574 0.018229 0.021296
0 0.243490 0.266204 0.034896 0.045370
0 0.101042 0.244444 0.033333 0.055556
0 0.111719 0.208333 0.029687 0.079630
0 0.134635 0.215278 0.034896 0.063889
0 0.138802 0.181019 0.043229 0.039815
0 0.286198 0.118981 0.044271 0.041667
0 0.257552 0.972685 0.050521 0.052778
0 0.318229 0.388889 0.042708 0.048148
0 0.870052 0.263426 0.028646 0.060185
0 0.914583 0.188889 0.026042 0.059259
0 0.080208 0.374074 0.043750 0.040741
0 0.801562 0.331481 0.031250 0.040741
0 0.989583 0.131481 0.020833 0.040741
0 0.007031 0.230093 0.013021 0.034259
0 0.005990 0.197685 0.010937 0.028704
0 0.239844 0.306481 0.021354 0.027778
0 0.991667 0.215741 0.016667 0.040741
