0 0.389583 0.670833 0.034375 0.054630
0 0.313021 0.471759 0.034375 0.050926
0 0.188802 0.686111 0.035937 0.055556
0 0.298958 0.339352 0.034375 0.058333
0 0.461979 0.427315 0.031250 0.058333
0 0.358594 0.482407 0.022396 0.059259
0 0.173437 0.535185 0.028125 0.057407
0 0.283073 0.483333 0.024479 0.062963
0 0.249219 0.633796 0.036979 0.049074
0 0.630208 0.652315 0.032292 0.050926
0 0.603385 0.786111 0.030729 0.059259
0 0.247917 0.473611 0.031250 0.056481
0 0.483333 0.701389 0.022917 0.062037
0 0.278385 0.300463 0.031771 0.056481
0 0.411719 0.787963 0.033854 0.051852
0 0.167187 0.594444 0.033333 0.057407
0 0.286198 0.608333 0.036979 0.044444
0 0.316406 0.653241 0.019271 0.065741
0 0.301302 0.518056 0.019271 0.063889
0 0.223438 0.571759 0.036458 0.047222
0 0.428125 0.278704 0.026042 0.066667
0 0.334115 0.615741 0.021354 0.064815
0 0.192448 0.480093 0.027604 0.065741
0 0.490885 0.828704 0.034896 0.055556
0 0.232552 0.343981 0.036979 0.050926
0 0.253125 0.414352 0.035417 0.049074
0 0.624740 0.520833 0.029687 0.056481
0 0.226042 0.394907 0.027083 0.054630
0 0.148177 0.253241 0.028646 0.065741
0 0.628125 0.463426 0.032292 0.050926
0 0.208073 0.525463 0.035937 0.039815
0 0.316927 0.416667 0.039062 0.046296
0 0.407813 0.616667 0.035417 0.038889
0 0.043490 0.718981 0.029687 0.065741
0 0.407813 0.561574 0.026042 0.065741
0 0.576042 0.668981 0.036458 0.043519
0 0.161458 0.630556 0.039583 0.046296
0 0.492969 0.402315 0.029687 0.062037
0 0.373437 0.424537 0.037500 0.047222
0 0.397396 0.413889 0.033333 0.057407
0 0.437500 0.814352 0.026042 0.067593
0 0.409896 0.225000 0.020833 0.068519
0 0.177083 0.183796 0.030208 0.060185
0 0.613802 0.598148 0.028646 0.055556
0 0.380208 0.221296 0.035417 0.044444
0 0.268750 0.712037 0.023958 0.066667
0 0.155469 0.665741 0.033854 0.055556
0 0.376302 0.339352 0.024479 0.058333
0 0.518229 0.700463 0.018750 0.065741
0 0.458854 0.361574 0.020833 0.063889
0 0.453646 0.252315 0.026042 0.058333
0 0.411458 0.462500 0.036458 0.036111
0 0.741406 0.762500 0.029687 0.054630
0 0.118229 0.817593 0.032292 0.062963
0 0.534896 0.317593 0.032292 0.048148
0 0.324219 0.239815 0.039062 0.044444
0 0.551042 0.741204 0.034375 0.041667
0 0.785677 0.753704 0.032813 0.051852
0 0.588021 0.392130 0.031250 0.054630
0 0.584635 0.893056 0.035937 0.041667
0 0.138802 0.545833 0.027604 0.062037
0 0.045052 0.412037 0.025521 0.068519
0 0.513802 0.579167 0.022396 0.062037
0 0.278906 0.565741 0.034896 0.037037
0 0.564844 0.858796 0.035937 0.041667
0 0.232813 0.182407 0.036458 0.048148
0 0.198958 0.747222 0.040625 0.057407
0 0.493750 0.140278 0.026042 0.063889
0 0.376563 0.767130 0.033333 0.049074
0 0.582812 0.624537 0.028125 0.062037
0 0.577344 0.796759 0.021354 0.056481
0 0.886979 0.501852 0.033333 0.059259
0 0.083333 0.807870 0.039583 0.054630
0 0.122135 0.739815 0.039062 0.050000
0 0.529167 0.424074 0.018750 0.059259
0 0.585677 0.264815 0.026562 0.057407
0 0.151562 0.731019 0.044792 0.041667
0 0.729688 0.696296 0.021875 0.061111
0 0.275000 0.759259 0.038542 0.035185
0 0.762500 0.698611 0.035417 0.050926
0 0.604688 0.724074 0.034375 0.042593
0 0.454167 0.629630 0.020833 0.068519
0 0.860938 0.444444 0.027083 0.053704
0 0.308594 0.785185 0.025521 0.068519
0 0.855990 0.701389 0.024479 0.067593
0 0.179167 0.282870 0.028125 0.071296
0 0.176563 0.100463 0.025000 0.067593
0 0.253646 0.828241 0.034375 0.047222
0 0.533854 0.873148 0.031250 0.048148
0 0.708333 0.725000 0.021875 0.059259
0 0.826302 0.631019 0.021354 0.060185
0 0.513021 0.255093 0.033333 0.041667
0 0.275000 0.156944 0.027083 0.069444
0 0.659635 0.234722 0.024479 0.062037
0 0.320312 0.179630 0.039583 0.042593
0 0.126562 0.505093 0.030208 0.058333
0 0.760156 0.392593 0.023438 0.061111
0 0.106510 0.756481 0.042188 0.055556
0 0.823438 0.361574 0.030208 0.054630
0 0.071354 0.625000 0.026042 0.074074
0 0.097917 0.325463 0.034375 0.060185
0 0.453646 0.880556 0.036458 0.044444
0 0.759896 0.760648 0.023958 0.052778
0 0.137240 0.673611 0.024479 0.063889
0 0.228906 0.219444 0.039062 0.033333
0 0.678385 0.489815 0.033854 0.046296
0 0.137240 0.145370 0.021354 0.070370
0 0.140104 0.879167 0.032292 0.056481
0 0.857552 0.828241 0.030729 0.052778
0 0.607292 0.353704 0.028125 0.061111
0 0.711198 0.220833 0.024479 0.060185
0 0.939323 0.710648 0.033854 0.037963
0 0.421615 0.166667 0.032813 0.046296
0 0.319010 0.132407 0.039062 0.051852
0 0.507552 0.877778 0.033854 0.042593
0 0.191667 0.387963 0.026042 0.068519
0 0.255990 0.092593 0.019271 0.068519
0 0.955729 0.547222 0.030208 0.053704
0 0.225000 0.104167 0.019792 0.069444
0 0.292969 0.087963 0.021354 0.066667
0 0.014583 0.585648 0.028125 0.067593
0 0.703906 0.400000 0.028646 0.059259
0 0.336458 0.388889 0.039583 0.038889
0 0.085417 0.168519 0.027083 0.070370
0 0.684896 0.631481 0.016667 0.061111
0 0.860156 0.643056 0.024479 0.062037
0 0.627604 0.147685 0.021875 0.069444
0 0.069792 0.327778 0.020833 0.066667
0 0.881510 0.722685 0.032813 0.043519
0 0.541667 0.156944 0.021875 0.063889
0 0.166667 0.386574 0.031250 0.065741
0 0.346354 0.123611 0.036458 0.045370
0 0.678385 0.400463 0.020313 0.056481
0 0.787240 0.609259 0.038021 0.037037
0 0.741406 0.321759 0.028646 0.058333
0 0.037240 0.532407 0.042188 0.037037
0 0.704948 0.620833 0.018229 0.067593
0 0.796615 0.542130 0.034896 0.049074
0 0.738021 0.396296 0.022917 0.061111
0 0.726042 0.355093 0.028125 0.056481
0 0.025781 0.659722 0.023438 0.076852
0 0.158594 0.107407 0.023438 0.074074
0 0.960677 0.800926 0.032813 0.051852
0 0.904687 0.289815 0.033333 0.057407
0 0.527083 0.094444 0.030208 0.059259
0 0.567708 0.526389 0.037500 0.043519
0 0.315885 0.070370 0.019271 0.070370
0 0.936198 0.451389 0.030729 0.045370
0 0.093229 0.518519 0.030208 0.051852
0 0.637500 0.097222 0.034375 0.042593
0 0.019010 0.716204 0.029687 0.060185
0 0.683854 0.128704 0.023958 0.072222
0 0.443490 0.108796 0.018229 0.065741
0 0.761979 0.243981 0.034375 0.043519
0 0.096354 0.288889 0.037500 0.046296
0 0.011458 0.512500 0.021875 0.069444
0 0.186458 0.051852 0.022917 0.066667
0 0.789323 0.354630 0.031771 0.061111
0 0.861719 0.756944 0.034896 0.052778
0 0.949479 0.407407 0.026042 0.057407
0 0.856771 0.390278 0.022917 0.062037
0 0.382292 0.892593 0.036458 0.035185
0 0.415625 0.872685 0.033333 0.050926
0 0.885677 0.384259 0.035937 0.059259
0 0.859115 0.507870 0.023438 0.062037
0 0.034635 0.183333 0.025521 0.068519
0 0.972917 0.603241 0.040625 0.043519
0 0.982552 0.450926 0.023438 0.062963
0 0.384375 0.058796 0.030208 0.067593
0 0.892448 0.223148 0.034896 0.040741
0 0.690104 0.837037 0.036458 0.051852
0 0.115625 0.448611 0.034375 0.071296
0 0.742448 0.086111 0.034896 0.055556
0 0.126302 0.190278 0.043229 0.062037
0 0.014323 0.394907 0.024479 0.063889
0 0.982031 0.215278 0.033854 0.037963
0 0.077604 0.447685 0.023958 0.067593
0 0.077083 0.391204 0.042708 0.043519
0 0.850000 0.582407 0.034375 0.037037
0 0.875260 0.628241 0.019271 0.052778
0 0.811979 0.281481 0.035417 0.044444
0 0.893750 0.156019 0.023958 0.056481
0 0.958854 0.118981 0.035417 0.039815
0 0.962760 0.451389 0.023438 0.062037
0 0.165625 0.822685 0.029167 0.052778
0 0.355729 0.039815 0.037500 0.042593
0 0.648177 0.039815 0.032813 0.057407
0 0.614323 0.908333 0.018229 0.064815
0 0.835156 0.179630 0.039062 0.035185
0 0.926042 0.272685 0.026042 0.050926
0 0.812240 0.255093 0.039062 0.039815
0 0.140365 0.026389 0.025521 0.050926
0 0.936198 0.207407 0.032813 0.062963
0 0.221094 0.886574 0.036979 0.041667
0 0.523438 0.031944 0.019792 0.062037
0 0.955729 0.169444 0.019792 0.066667
0 0.864062 0.117130 0.036458 0.045370
0 0.851823 0.325463 0.025521 0.063889
0 0.983594 0.276852 0.030729 0.051852
0 0.037760 0.237500 0.047396 0.047222
0 0.985938 0.667130 0.023958 0.039815
0 0.218750 0.474074 0.031250 0.038889
0 0.888542 0.087500 0.020833 0.062037
0 0.119531 0.220833 0.029687 0.060185
0 0.801562 0.219907 0.038542 0.039815
0 0.881510 0.334259 0.036979 0.051852
0 0.058594 0.879167 0.039062 0.043519
0 0.109375 0.037500 0.022917 0.065741
0 0.980208 0.514352 0.029167 0.049074
0 0.012240 0.068519 0.020313 0.070370
0 0.769271 0.646296 0.022917 0.044444
0 0.483594 0.936574 0.032813 0.047222
0 0.865885 0.046759 0.028646 0.063889
0 0.849479 0.898148 0.021875 0.057407
0 0.312500 0.938426 0.038542 0.043519
0 0.184896 0.337963 0.041667 0.040741
0 0.913021 0.039815 0.021875 0.066667
0 0.979167 0.862037 0.023958 0.051852
0 0.043490 0.034722 0.035937 0.052778
0 0.555990 0.112500 0.018229 0.047222
0 0.063802 0.498148 0.027604 0.051852
0 0.513021 0.913426 0.028125 0.039815
0 0.570052 0.016667 0.033854 0.031481
0 0.709896 0.028704 0.030208 0.055556
0 0.029687 0.843519 0.031250 0.061111
0 0.889323 0.629167 0.018229 0.039815
0 0.429167 0.957870 0.030208 0.071296
0 0.388281 0.955556 0.024479 0.064815
0 0.574479 0.956944 0.017708 0.063889
0 0.078646 0.914352 0.038542 0.039815
0 0.286719 0.972685 0.038021 0.047222
0 0.247917 0.947685 0.025000 0.065741
0 0.955729 0.980093 0.030208 0.039815
0 0.062500 0.961111 0.036458 0.042593
0 0.518229 0.979630 0.031250 0.038889
0 0.924219 0.094907 0.024479 0.021296
0 0.956771 0.937963 0.029167 0.061111
0 0.200521 0.013889 0.025000 0.025926
0 0.006510 0.175463 0.011979 0.034259
0 0.467708 0.981019 0.034375 0.037963
0 0.648958 0.981481 0.023958 0.037037
0 0.160417 0.971759 0.037500 0.026852
0 0.946094 0.026852 0.032813 0.037037
0 0.678646 0.982407 0.027083 0.035185
0 0.404167 0.978704 0.020833 0.042593
0 0.918229 0.975000 0.029167 0.050000
0 0.413802 0.330093 0.035937 0.084259
0 0.436458 0.345833 0.031250 0.065741
0 0.420052 0.391204 0.044271 0.045370
0 0.430729 0.430556 0.031250 0.057407
0 0.588281 0.206481 0.020313 0.059259
0 0.614323 0.213426 0.043229 0.065741
0 0.557292 0.174074 0.022917 0.074074
0 0.569010 0.205556 0.023438 0.070370
0 0.562500 0.254167 0.033333 0.056481
0 0.158854 0.345833 0.028125 0.065741
0 0.466927 0.127315 0.025521 0.078704
0 0.487240 0.343056 0.039062 0.056481
0 0.517188 0.363426 0.034375 0.063889
0 0.409635 0.122685 0.025521 0.075000
0 0.383854 0.125463 0.030208 0.045370
0 0.387500 0.174537 0.035417 0.045370
0 0.618490 0.304630 0.041146 0.048148
0 0.622396 0.391667 0.026042 0.068519
0 0.638802 0.421759 0.042188 0.054630
0 0.990625 0.395370 0.018750 0.042593
0 0.601302 0.983333 0.030729 0.031481
0 0.638281 0.984722 0.021354 0.026852
0 0.765885 0.983796 0.015104 0.010185
0 0.992448 0.750926 0.015104 0.038889
0 0.761979 0.015278 0.032292 0.028704
0 0.453125 0.009722 0.015625 0.017593
0 0.008594 0.853704 0.016146 0.074074
0 0.178125 0.422222 0.035417 0.040741
0 0.204687 0.288889 0.028125 0.037037
0 0.241406 0.304630 0.017188 0.025926
0 0.336198 0.203241 0.039062 0.037963
0 0.173958 0.010648 0.025000 0.019444
