0 0.256250 0.972685 0.038542 0.054630
0 0.292448 0.973611 0.029687 0.025000
0 0.426042 0.964815 0.032292 0.059259
0 0.523177 0.942130 0.026562 0.075000
0 0.239063 0.768981 0.021875 0.063889
0 0.402865 0.893519 0.030729 0.048148
0 0.219531 0.831019 0.032813 0.063889
0 0.662760 0.949074 0.032813 0.040741
0 0.191406 0.789352 0.024479 0.075000
0 0.413802 0.852778 0.039062 0.037037
0 0.125000 0.946759 0.040625 0.069444
0 0.337240 0.940741 0.039062 0.042593
0 0.249479 0.848611 0.032292 0.058333
0 0.452344 0.896759 0.023438 0.043519
0 0.143750 0.868519 0.026042 0.064815
0 0.113542 0.893519 0.030208 0.064815
0 0.739323 0.987500 0.022396 0.025000
0 0.146094 0.785648 0.028646 0.065741
0 0.326823 0.904630 0.032813 0.051852
0 0.524219 0.789815 0.031771 0.057407
0 0.340625 0.974074 0.015625 0.020370
0 0.247396 0.879167 0.035417 0.049074
0 0.098177 0.962037 0.042188 0.053704
0 0.438021 0.825463 0.031250 0.065741
0 0.236719 0.905556 0.040104 0.044444
0 0.343750 0.839815 0.036458 0.035185
0 0.722135 0.976852 0.025521 0.042593
0 0.058594 0.889352 0.039062 0.056481
0 0.725260 0.945833 0.030729 0.045370
0 0.098698 0.857870 0.044271 0.049074
0 0.529427 0.842593 0.034896 0.044444
0 0.685677 0.917130 0.032813 0.054630
0 0.328385 0.967130 0.042188 0.037963
0 0.257812 0.785185 0.035417 0.061111
0 0.523177 0.876852 0.039062 0.037037
0 0.127865 0.510185 0.022396 0.061111
0 0.128125 0.736111 0.033333 0.055556
0 0.250781 0.528241 0.022396 0.067593
0 0.114844 0.793056 0.028646 0.065741
0 0.383073 0.775926 0.040104 0.038889
0 0.158333 0.810185 0.029167 0.068519
0 0.608073 0.870833 0.036979 0.045370
0 0.342448 0.772222 0.028646 0.064815
0 0.754687 0.982407 0.043750 0.033333
0 0.080990 0.761111 0.040104 0.057407
0 0.566667 0.781481 0.027083 0.061111
0 0.962240 0.956944 0.036979 0.037963
0 0.482812 0.781481 0.037500 0.033333
0 0.455990 0.759722 0.036979 0.039815
0 0.326042 0.676852 0.032292 0.055556
0 0.424219 0.759722 0.034896 0.056481
0 0.261458 0.684722 0.032292 0.062037
0 0.159375 0.575000 0.032292 0.057407
0 0.089583 0.457407 0.026042 0.059259
0 0.357552 0.434259 0.026562 0.062963
0 0.487240 0.557407 0.030729 0.055556
0 0.809375 0.943056 0.035417 0.039815
0 0.387240 0.720370 0.038021 0.037037
0 0.080469 0.385648 0.026562 0.065741
0 0.110156 0.448611 0.021354 0.063889
0 0.730990 0.909259 0.036979 0.044444
0 0.411198 0.319444 0.027604 0.061111
0 0.454167 0.621759 0.018750 0.067593
0 0.070833 0.799074 0.039583 0.059259
0 0.348438 0.581944 0.025000 0.052778
0 0.268490 0.632407 0.030729 0.055556
0 0.514844 0.572222 0.019271 0.064815
0 0.097917 0.736111 0.035417 0.048148
0 0.045573 0.546759 0.041146 0.041667
0 0.589844 0.969444 0.024479 0.057407
0 0.013542 0.778241 0.026042 0.071296
0 0.194271 0.387963 0.021875 0.064815
0 0.656510 0.806481 0.028646 0.061111
0 0.427604 0.696759 0.020833 0.063889
0 0.256510 0.737963 0.039062 0.035185
0 0.031510 0.825926 0.030729 0.064815
0 0.479687 0.664815 0.032292 0.051852
0 0.770833 0.899537 0.035417 0.050926
0 0.433073 0.334722 0.018229 0.069444
0 0.138021 0.668056 0.042708 0.032407
0 0.426042 0.452778 0.030208 0.059259
0 0.204948 0.445370 0.028646 0.062963
0 0.373177 0.663889 0.033854 0.040741
0 0.318490 0.520833 0.020313 0.062037
0 0.612240 0.821759 0.033854 0.052778
0 0.978125 0.989352 0.037500 0.019444
0 0.272396 0.463889 0.031250 0.059259
0 0.069271 0.583333 0.035417 0.055556
0 0.144271 0.624537 0.030208 0.058333
0 0.480729 0.612963 0.017708 0.062963
0 0.495312 0.465278 0.019792 0.071296
0 0.704948 0.750000 0.023438 0.059259
0 0.222396 0.189352 0.020833 0.060185
0 0.047656 0.614352 0.024479 0.063889
0 0.340365 0.517130 0.025521 0.058333
0 0.047135 0.513426 0.036979 0.037963
0 0.388021 0.363426 0.017708 0.062037
0 0.572656 0.444444 0.021354 0.055556
0 0.380990 0.237500 0.023438 0.063889
0 0.058073 0.470370 0.026562 0.064815
0 0.422917 0.549074 0.034375 0.048148
0 0.183333 0.638889 0.041667 0.040741
0 0.630990 0.628704 0.022396 0.062963
0 0.296875 0.650000 0.027083 0.064815
0 0.467187 0.498611 0.028125 0.058333
0 0.450000 0.463426 0.019792 0.067593
0 0.108594 0.659259 0.021354 0.027778
0 0.326823 0.458333 0.036979 0.051852
0 0.904427 0.990741 0.033854 0.016667
0 0.160156 0.337963 0.021354 0.046296
0 0.201042 0.611111 0.035417 0.042593
0 0.159115 0.480556 0.040104 0.046296
0 0.304167 0.568056 0.033333 0.047222
0 0.074740 0.293981 0.022396 0.065741
0 0.134896 0.449074 0.036458 0.048148
0 0.299479 0.442593 0.031250 0.057407
0 0.367708 0.375000 0.029167 0.055556
0 0.410677 0.382407 0.019271 0.066667
0 0.514323 0.633796 0.032813 0.056481
0 0.294271 0.498611 0.027083 0.062037
0 0.615625 0.587500 0.030208 0.060185
0 0.559896 0.016204 0.023958 0.030556
0 0.585677 0.622685 0.035937 0.037963
0 0.677083 0.850000 0.034375 0.044444
0 0.254688 0.108333 0.021875 0.064815
0 0.355469 0.016204 0.024479 0.030556
0 0.180990 0.332870 0.026562 0.062037
0 0.073958 0.661574 0.042708 0.050926
0 0.096875 0.258333 0.027083 0.055556
0 0.751042 0.685185 0.018750 0.066667
0 0.130469 0.399074 0.023438 0.068519
0 0.202604 0.477315 0.032292 0.043519
0 0.569010 0.585185 0.027604 0.057407
0 0.219531 0.098148 0.030729 0.064815
0 0.841927 0.758796 0.030729 0.060185
0 0.040625 0.414815 0.030208 0.062963
0 0.485417 0.330093 0.019792 0.065741
0 0.148177 0.367130 0.036979 0.047222
0 0.014583 0.405093 0.028125 0.065741
0 0.185417 0.537037 0.039583 0.037037
0 0.188802 0.188889 0.029687 0.061111
0 0.448177 0.103704 0.021354 0.064815
0 0.765365 0.795370 0.022396 0.066667
0 0.019010 0.496759 0.036979 0.047222
0 0.037760 0.326852 0.026562 0.068519
0 0.456771 0.681481 0.022917 0.061111
0 0.503125 0.234259 0.018750 0.070370
0 0.738542 0.574537 0.021875 0.058333
0 0.026302 0.661111 0.021354 0.066667
0 0.471094 0.198148 0.021354 0.066667
0 0.265885 0.208796 0.019271 0.062037
0 0.121615 0.066667 0.024479 0.061111
0 0.151562 0.229167 0.037500 0.047222
0 0.707552 0.659722 0.023438 0.067593
0 0.295833 0.078704 0.029167 0.062963
0 0.194531 0.127315 0.024479 0.062037
0 0.063281 0.741667 0.019271 0.029630
0 0.981250 0.892593 0.031250 0.061111
0 0.136198 0.149537 0.022396 0.069444
0 0.292187 0.227778 0.031250 0.057407
0 0.013281 0.629630 0.025521 0.072222
0 0.668229 0.588889 0.027083 0.062963
0 0.232813 0.016204 0.021875 0.030556
0 0.350260 0.309722 0.031771 0.063889
0 0.079948 0.099074 0.025521 0.066667
0 0.899219 0.703704 0.020313 0.062963
0 0.888021 0.628241 0.018750 0.037963
0 0.173958 0.268981 0.036458 0.043519
0 0.844010 0.823611 0.029687 0.062037
0 0.246094 0.170833 0.020313 0.071296
0 0.178125 0.086574 0.029167 0.067593
0 0.086719 0.162037 0.026562 0.070370
0 0.730208 0.688426 0.027083 0.058333
0 0.152083 0.086574 0.025000 0.071296
0 0.566667 0.525926 0.036458 0.037037
0 0.769792 0.016204 0.018750 0.030556
0 0.521875 0.327778 0.032292 0.055556
0 0.448177 0.037963 0.026562 0.061111
0 0.603906 0.261111 0.027604 0.059259
0 0.526563 0.287963 0.031250 0.057407
0 0.388021 0.052315 0.020833 0.069444
0 0.011979 0.261111 0.022917 0.066667
0 0.593750 0.348148 0.033333 0.038889
0 0.807813 0.788426 0.037500 0.039815
0 0.788281 0.734259 0.027604 0.061111
0 0.372135 0.112500 0.036979 0.050926
0 0.643490 0.462500 0.033854 0.047222
0 0.608594 0.079167 0.024479 0.071296
0 0.563021 0.261574 0.019792 0.063889
0 0.877865 0.700000 0.021354 0.062963
0 0.662500 0.017130 0.033333 0.032407
0 0.272135 0.031481 0.023438 0.061111
0 0.669271 0.128704 0.025000 0.059259
0 0.143490 0.048148 0.022396 0.061111
0 0.696615 0.296296 0.031771 0.044444
0 0.178646 0.027315 0.025000 0.052778
0 0.554948 0.405556 0.032813 0.059259
0 0.885417 0.357870 0.023958 0.063889
0 0.678906 0.685648 0.033854 0.049074
0 0.702344 0.076389 0.029687 0.054630
0 0.647135 0.531019 0.034896 0.032407
0 0.760417 0.242593 0.030208 0.053704
0 0.535937 0.162963 0.036458 0.038889
0 0.604948 0.177315 0.034896 0.039815
0 0.925000 0.098611 0.020833 0.058333
0 0.803906 0.828704 0.033854 0.050000
0 0.856510 0.705093 0.024479 0.062037
0 0.034115 0.244444 0.022396 0.064815
0 0.685156 0.338889 0.027604 0.059259
0 0.673698 0.206481 0.029687 0.068519
0 0.358594 0.058333 0.035937 0.051852
0 0.885417 0.078704 0.021875 0.061111
0 0.698698 0.393519 0.034896 0.050000
0 0.523958 0.087963 0.029167 0.064815
0 0.791406 0.520833 0.028646 0.050926
0 0.701042 0.437500 0.036458 0.039815
0 0.844010 0.336574 0.023438 0.054630
0 0.918750 0.567130 0.035417 0.043519
0 0.478906 0.046759 0.032813 0.054630
0 0.895312 0.153241 0.034375 0.050926
0 0.975521 0.546296 0.036458 0.042593
0 0.797135 0.212500 0.032813 0.039815
0 0.808854 0.309722 0.028125 0.065741
0 0.825000 0.486111 0.027083 0.057407
0 0.863021 0.330093 0.020833 0.058333
0 0.977344 0.597222 0.024479 0.061111
0 0.586719 0.101852 0.031771 0.050000
0 0.758854 0.110185 0.026042 0.055556
0 0.891146 0.486111 0.036458 0.038889
0 0.956771 0.497222 0.031250 0.033333
0 0.728125 0.262500 0.034375 0.041667
0 0.873958 0.582870 0.053125 0.065741
0 0.871875 0.603704 0.037500 0.050000
0 0.758073 0.170370 0.035937 0.050000
0 0.743750 0.368056 0.030208 0.056481
0 0.902344 0.277778 0.031771 0.059259
0 0.741146 0.084259 0.026042 0.068519
0 0.955208 0.160185 0.053125 0.046296
0 0.994531 0.749537 0.009896 0.052778
0 0.083594 0.035185 0.038021 0.042593
0 0.978646 0.059259 0.035417 0.029630
0 0.842708 0.118981 0.022917 0.065741
0 0.578906 0.055556 0.031771 0.050000
0 0.969010 0.246759 0.025521 0.062037
0 0.889062 0.247222 0.027083 0.053704
0 0.917188 0.190741 0.025000 0.059259
0 0.854688 0.391204 0.022917 0.060185
0 0.470313 0.908333 0.016667 0.040741
0 0.978385 0.450926 0.026562 0.057407
0 0.985156 0.340278 0.028646 0.054630
0 0.316667 0.154167 0.031250 0.075000
0 0.276302 0.160648 0.031771 0.065741
0 0.217188 0.270370 0.033333 0.055556
0 0.245833 0.266667 0.033333 0.059259
0 0.237240 0.312037 0.018229 0.027778
0 0.259115 0.325000 0.041146 0.053704
0 0.228906 0.351852 0.025521 0.066667
0 0.207292 0.309722 0.029167 0.060185
0 0.209896 0.356944 0.032292 0.050926
0 0.102604 0.322685 0.030208 0.076852
0 0.118490 0.312037 0.044271 0.053704
0 0.146875 0.288426 0.032292 0.071296
0 0.300000 0.377315 0.031250 0.065741
0 0.275260 0.345833 0.029687 0.063889
0 0.221094 0.411574 0.026562 0.060185
0 0.244792 0.410648 0.028125 0.054630
0 0.273177 0.404167 0.031771 0.058333
0 0.316927 0.326389 0.023438 0.082407
0 0.341146 0.268519 0.040625 0.051852
0 0.357031 0.206481 0.034896 0.061111
0 0.351562 0.140741 0.036458 0.079630
0 0.327344 0.059722 0.036979 0.076852
0 0.962760 0.377315 0.040104 0.034259
0 0.780469 0.447222 0.034896 0.044444
0 0.880208 0.201852 0.035417 0.048148
0 0.842708 0.175000 0.037500 0.042593
0 0.945573 0.220833 0.039062 0.050926
0 0.785937 0.302778 0.029167 0.072222
0 0.906510 0.070833 0.027604 0.032407
0 0.380990 0.301852 0.025521 0.070370
0 0.419792 0.218056 0.041667 0.054630
0 0.422396 0.156481 0.037500 0.070370
0 0.447656 0.203704 0.028646 0.072222
0 0.468229 0.159259 0.045833 0.051852
0 0.478646 0.088889 0.040625 0.055556
0 0.525000 0.045833 0.042708 0.047222
0 0.562760 0.091204 0.025521 0.058333
0 0.628646 0.250000 0.030208 0.070370
0 0.646094 0.230093 0.025521 0.075000
0 0.552604 0.206944 0.031250 0.045370
0 0.581250 0.228704 0.029167 0.083333
0 0.533854 0.237963 0.040625 0.048148
0 0.456771 0.293056 0.032292 0.050926
0 0.446354 0.252315 0.039583 0.041667
0 0.528125 0.496296 0.036458 0.044444
0 0.496354 0.516667 0.041667 0.037037
0 0.991406 0.455556 0.016146 0.072222
0 0.554167 0.713889 0.040625 0.062963
0 0.671094 0.259722 0.036979 0.063889
0 0.673177 0.304167 0.027604 0.075000
0 0.297396 0.014815 0.022917 0.027778
0 0.257812 0.015741 0.020833 0.027778
0 0.204948 0.012500 0.019271 0.023148
0 0.992188 0.211574 0.015625 0.032407
0 0.990365 0.242593 0.019271 0.029630
0 0.989583 0.268981 0.019792 0.028704
0 0.984375 0.297222 0.031250 0.025926
0 0.872917 0.123611 0.021875 0.041667
