0 0.305208 0.555556 0.028125 0.061111
0 0.296875 0.408796 0.033333 0.060185
0 0.159896 0.661574 0.036458 0.052778
0 0.400260 0.531481 0.029687 0.061111
0 0.263542 0.454630 0.028125 0.061111
0 0.196094 0.455556 0.023438 0.066667
0 0.245312 0.544444 0.033333 0.059259
0 0.300521 0.215278 0.031250 0.062037
0 0.221354 0.461111 0.034375 0.064815
0 0.242969 0.360648 0.024479 0.073148
0 0.469271 0.342593 0.028125 0.066667
0 0.493750 0.419907 0.022917 0.071296
0 0.313802 0.515741 0.022396 0.068519
0 0.506510 0.648611 0.031771 0.062037
0 0.389323 0.269444 0.038021 0.044444
0 0.230469 0.589352 0.040104 0.041667
0 0.410677 0.411111 0.023438 0.064815
0 0.403125 0.222222 0.035417 0.046296
0 0.402604 0.611111 0.020833 0.070370
0 0.447656 0.671759 0.032813 0.056481
0 0.254688 0.181019 0.025000 0.067593
0 0.425781 0.173611 0.030729 0.063889
0 0.425521 0.260185 0.036458 0.038889
0 0.331771 0.436574 0.031250 0.049074
0 0.431510 0.579630 0.021354 0.068519
0 0.453385 0.377315 0.031771 0.056481
0 0.177083 0.259722 0.026042 0.069444
0 0.463021 0.538889 0.038542 0.033333
0 0.525781 0.245833 0.031771 0.054630
0 0.382292 0.548611 0.023958 0.069444
0 0.369531 0.448611 0.034896 0.036111
0 0.361719 0.334722 0.033854 0.058333
0 0.282552 0.162500 0.035937 0.060185
0 0.289844 0.337037 0.026562 0.066667
0 0.071094 0.720370 0.041146 0.050000
0 0.538542 0.388889 0.030208 0.064815
0 0.447917 0.500926 0.030208 0.062963
0 0.532552 0.694907 0.027604 0.069444
0 0.339323 0.498148 0.022396 0.064815
0 0.149219 0.565741 0.030729 0.066667
0 0.178125 0.386574 0.038542 0.050926
0 0.201823 0.103241 0.036979 0.060185
0 0.597917 0.281944 0.036458 0.056481
0 0.140625 0.230093 0.026042 0.069444
0 0.479687 0.186574 0.019792 0.065741
0 0.725781 0.433333 0.033854 0.057407
0 0.425781 0.120370 0.030729 0.051852
0 0.595052 0.710648 0.034896 0.036111
0 0.342187 0.399074 0.037500 0.035185
0 0.578906 0.451852 0.029687 0.059259
0 0.425000 0.325463 0.029167 0.067593
0 0.493490 0.317593 0.021354 0.066667
0 0.409115 0.486574 0.021354 0.067593
0 0.526563 0.760648 0.027083 0.067593
0 0.020052 0.495833 0.036979 0.062037
0 0.230469 0.262500 0.036979 0.052778
0 0.085156 0.637500 0.027604 0.075000
0 0.226562 0.162037 0.032292 0.066667
0 0.302083 0.473611 0.023958 0.067593
0 0.192969 0.725000 0.034896 0.053704
0 0.442188 0.414352 0.036458 0.043519
0 0.646875 0.444444 0.022917 0.068519
0 0.157031 0.443519 0.026562 0.068519
0 0.613542 0.405556 0.034375 0.061111
0 0.532031 0.097685 0.026562 0.063889
0 0.426823 0.478704 0.020313 0.068519
0 0.292448 0.088889 0.021354 0.070370
0 0.582552 0.844444 0.036979 0.048148
0 0.040365 0.661111 0.023438 0.072222
0 0.267188 0.116204 0.026042 0.063889
0 0.466667 0.076852 0.027083 0.064815
0 0.175521 0.108796 0.029167 0.065741
0 0.142448 0.163889 0.019271 0.068519
0 0.397135 0.162500 0.028646 0.062037
0 0.215625 0.072222 0.036458 0.057407
0 0.378646 0.182407 0.038542 0.042593
0 0.219531 0.369907 0.031771 0.045370
0 0.662240 0.356019 0.029687 0.063889
0 0.456771 0.755556 0.030208 0.062963
0 0.210677 0.316667 0.021354 0.064815
0 0.513021 0.620370 0.031250 0.062963
0 0.574740 0.801389 0.035937 0.043519
0 0.709115 0.611111 0.030729 0.070370
0 0.121354 0.451389 0.039583 0.065741
0 0.029687 0.801852 0.035417 0.062963
0 0.618750 0.550000 0.019792 0.066667
0 0.251302 0.097222 0.022396 0.066667
0 0.451302 0.104630 0.021354 0.064815
0 0.599219 0.667130 0.032813 0.039815
0 0.367448 0.089352 0.025521 0.067593
0 0.207031 0.160648 0.020313 0.069444
0 0.081510 0.232870 0.032813 0.075000
0 0.262500 0.257870 0.041667 0.069444
0 0.536458 0.517593 0.034375 0.055556
0 0.063802 0.372685 0.050521 0.037963
0 0.119010 0.263889 0.021354 0.057407
0 0.666667 0.295833 0.036458 0.047222
0 0.115365 0.325463 0.033854 0.073148
0 0.103385 0.355093 0.028646 0.069444
0 0.163021 0.125000 0.023958 0.070370
0 0.094531 0.555093 0.027604 0.075000
0 0.025521 0.742130 0.037500 0.065741
0 0.600260 0.217130 0.033854 0.049074
0 0.185417 0.605556 0.040625 0.044444
0 0.551562 0.778241 0.027083 0.063889
0 0.560677 0.167593 0.019271 0.068519
0 0.285938 0.456019 0.020833 0.065741
0 0.139844 0.517130 0.031771 0.054630
0 0.616927 0.887037 0.036979 0.050000
0 0.194531 0.546296 0.023438 0.068519
0 0.187500 0.837037 0.034375 0.042593
0 0.933854 0.741667 0.036458 0.040741
0 0.390104 0.058333 0.022917 0.064815
0 0.533333 0.034259 0.031250 0.064815
0 0.062760 0.656944 0.026562 0.067593
0 0.857031 0.458796 0.036979 0.043519
0 0.059375 0.799537 0.029167 0.063889
0 0.905469 0.485648 0.034896 0.034259
0 0.391146 0.106481 0.020833 0.068519
0 0.318490 0.077315 0.019271 0.071296
0 0.449479 0.815278 0.038542 0.045370
0 0.314323 0.631944 0.026562 0.067593
0 0.730208 0.293981 0.019792 0.062037
0 0.663802 0.218519 0.023438 0.070370
0 0.401042 0.773148 0.037500 0.044444
0 0.578906 0.595370 0.024479 0.064815
0 0.281510 0.641667 0.020313 0.072222
0 0.689583 0.705093 0.036458 0.037963
0 0.840625 0.493056 0.036458 0.034259
0 0.899740 0.672222 0.032813 0.053704
0 0.322656 0.143519 0.042188 0.038889
0 0.416146 0.041667 0.021875 0.068519
0 0.495573 0.042593 0.029687 0.064815
0 0.977865 0.684722 0.040104 0.032407
0 0.573177 0.207407 0.023438 0.074074
0 0.692187 0.430556 0.025000 0.070370
0 0.688542 0.116667 0.022917 0.072222
0 0.183333 0.030093 0.030208 0.058333
0 0.014063 0.425463 0.021875 0.069444
0 0.971875 0.560185 0.039583 0.037037
0 0.800521 0.650463 0.039583 0.049074
0 0.020052 0.823611 0.032813 0.060185
0 0.965104 0.635648 0.039583 0.047222
0 0.844271 0.565278 0.034375 0.043519
0 0.076563 0.851389 0.029167 0.060185
0 0.872396 0.680093 0.028125 0.063889
0 0.455469 0.855093 0.035937 0.060185
0 0.870313 0.622222 0.037500 0.053704
0 0.164844 0.788889 0.044271 0.053704
0 0.492188 0.885648 0.026042 0.065741
0 0.191406 0.344907 0.031771 0.049074
0 0.123438 0.050000 0.025000 0.068519
0 0.647135 0.539352 0.027604 0.062037
0 0.258594 0.725000 0.024479 0.074074
0 0.180729 0.891204 0.035417 0.052778
0 0.889844 0.716204 0.033854 0.028704
0 0.085156 0.311111 0.027604 0.061111
0 0.193750 0.658796 0.041667 0.045370
0 0.771094 0.225463 0.032813 0.065741
0 0.229427 0.419444 0.036979 0.037037
0 0.353385 0.025926 0.028646 0.050000
0 0.801562 0.426852 0.032292 0.061111
0 0.831250 0.257407 0.036458 0.057407
0 0.923698 0.540741 0.038021 0.061111
0 0.860938 0.398148 0.037500 0.035185
0 0.216667 0.645370 0.045833 0.062963
0 0.143750 0.035185 0.028125 0.062963
0 0.763281 0.302778 0.039062 0.059259
0 0.869792 0.356944 0.036458 0.043519
0 0.847396 0.716204 0.026042 0.067593
0 0.728906 0.147222 0.043229 0.040741
0 0.520312 0.907407 0.034375 0.038889
0 0.937760 0.592593 0.029687 0.062963
0 0.928125 0.658333 0.028125 0.064815
0 0.785937 0.266667 0.040625 0.040741
0 0.269271 0.883796 0.034375 0.058333
0 0.720052 0.204630 0.030729 0.066667
0 0.984115 0.289352 0.026562 0.065741
0 0.205208 0.787037 0.033333 0.072222
0 0.604427 0.043519 0.039062 0.057407
0 0.971354 0.345370 0.022917 0.061111
0 0.045833 0.107870 0.034375 0.058333
0 0.476823 0.045370 0.029687 0.064815
0 0.952865 0.305556 0.038021 0.050000
0 0.483073 0.800463 0.034896 0.065741
0 0.557292 0.105093 0.019792 0.047222
0 0.058854 0.441204 0.027083 0.078704
0 0.138542 0.745833 0.048958 0.063889
0 0.434896 0.041204 0.020833 0.076852
0 0.820573 0.351852 0.027604 0.064815
0 0.976823 0.495833 0.039062 0.041667
0 0.809375 0.682870 0.028125 0.047222
0 0.771354 0.155556 0.033333 0.068519
0 0.782813 0.414352 0.028125 0.067593
0 0.677604 0.619907 0.023958 0.062037
0 0.375781 0.027315 0.025521 0.052778
0 0.802083 0.609722 0.038542 0.049074
0 0.782552 0.720833 0.032813 0.067593
0 0.304688 0.836574 0.028125 0.080556
0 0.098437 0.476389 0.044792 0.065741
0 0.012240 0.661574 0.023438 0.054630
0 0.922135 0.272222 0.038021 0.037037
0 0.766667 0.054630 0.034375 0.061111
0 0.349479 0.943981 0.028125 0.060185
0 0.567187 0.021759 0.022917 0.041667
0 0.329427 0.725926 0.021354 0.072222
0 0.919010 0.308333 0.040104 0.038889
0 0.661719 0.030556 0.024479 0.059259
0 0.882552 0.838426 0.036979 0.056481
0 0.713021 0.904167 0.027083 0.060185
0 0.954427 0.901389 0.032813 0.062037
0 0.010677 0.163426 0.020313 0.067593
0 0.009896 0.319444 0.018750 0.064815
0 0.417708 0.931944 0.021875 0.063889
0 0.049740 0.056019 0.036979 0.050926
0 0.458594 0.624074 0.032813 0.077778
0 0.671094 0.580556 0.031771 0.062963
0 0.074219 0.518519 0.020313 0.048148
0 0.078125 0.020833 0.030208 0.039815
0 0.485677 0.953241 0.029687 0.062037
0 0.985677 0.394907 0.025521 0.039815
0 0.784896 0.827778 0.030208 0.074074
0 0.903646 0.607870 0.021875 0.041667
0 0.909115 0.204167 0.038021 0.039815
0 0.455990 0.919907 0.029687 0.058333
0 0.868750 0.186574 0.041667 0.047222
0 0.237760 0.020370 0.041146 0.038889
0 0.906771 0.089815 0.031250 0.057407
0 0.986979 0.115278 0.026042 0.034259
0 0.927865 0.032407 0.038021 0.038889
0 0.981771 0.164352 0.033333 0.037963
0 0.974740 0.916204 0.026562 0.065741
0 0.867448 0.094907 0.049479 0.052778
0 0.254427 0.911111 0.033854 0.055556
0 0.051562 0.862037 0.030208 0.070370
0 0.899219 0.030093 0.034896 0.049074
0 0.714583 0.018056 0.035417 0.034259
0 0.715104 0.834722 0.042708 0.063889
0 0.173437 0.347685 0.026042 0.047222
0 0.972396 0.119444 0.031250 0.051852
0 0.329427 0.939815 0.025521 0.061111
0 0.935937 0.167593 0.039583 0.066667
0 0.500260 0.083796 0.020313 0.045370
0 0.118750 0.011574 0.030208 0.021296
0 0.674479 0.025463 0.028125 0.043519
0 0.050260 0.909259 0.040104 0.038889
0 0.665885 0.958796 0.026562 0.063889
0 0.070052 0.344444 0.038021 0.051852
0 0.542188 0.154630 0.023958 0.081481
0 0.884375 0.432407 0.023958 0.064815
0 0.896354 0.404167 0.026042 0.060185
0 0.923958 0.432407 0.033333 0.077778
0 0.991927 0.614815 0.016146 0.046296
0 0.995833 0.553704 0.008333 0.059259
0 0.576302 0.528704 0.036979 0.081481
0 0.550000 0.475463 0.032292 0.065741
0 0.847656 0.318519 0.042188 0.051852
0 0.086458 0.432407 0.030208 0.050000
0 0.341927 0.364352 0.036979 0.052778
0 0.378646 0.347685 0.029167 0.071296
0 0.404167 0.337500 0.029167 0.076852
0 0.513802 0.573611 0.035937 0.054630
0 0.542708 0.590741 0.050000 0.062963
0 0.103646 0.416204 0.039583 0.060185
0 0.601042 0.571296 0.019792 0.051852
0 0.594531 0.619907 0.025521 0.056481
0 0.629167 0.979167 0.019792 0.028704
0 0.469271 0.969907 0.032292 0.049074
0 0.464844 0.891204 0.024479 0.049074
0 0.005729 0.719444 0.010417 0.050000
0 0.075000 0.755556 0.017708 0.031481
0 0.029167 0.420370 0.025000 0.072222
0 0.044531 0.425926 0.023438 0.066667
0 0.092188 0.383796 0.018750 0.052778
0 0.447917 0.018056 0.021875 0.034259
