0 0.387500 0.492593 0.026042 0.066667
0 0.635938 0.646296 0.023958 0.059259
0 0.519792 0.131019 0.022917 0.065741
0 0.214844 0.530556 0.025521 0.062963
0 0.480990 0.360185 0.029687 0.046296
0 0.144271 0.157870 0.019792 0.065741
0 0.436979 0.808796 0.032292 0.056481
0 0.650260 0.782407 0.032813 0.059259
0 0.336198 0.535648 0.021354 0.067593
0 0.307552 0.584722 0.030729 0.054630
0 0.347656 0.481481 0.028646 0.064815
0 0.104688 0.206481 0.023958 0.064815
0 0.410677 0.443519 0.019271 0.066667
0 0.384896 0.256481 0.030208 0.059259
0 0.444792 0.209722 0.018750 0.073148
0 0.586198 0.711574 0.024479 0.069444
0 0.262240 0.147222 0.024479 0.070370
0 0.170833 0.556481 0.034375 0.055556
0 0.510938 0.621296 0.030208 0.057407
0 0.739062 0.404167 0.028125 0.060185
0 0.574479 0.210185 0.020833 0.070370
0 0.276302 0.411111 0.029687 0.066667
0 0.405208 0.339815 0.021875 0.064815
0 0.540365 0.153241 0.018229 0.063889
0 0.752865 0.639815 0.031771 0.055556
0 0.611458 0.310185 0.029167 0.057407
0 0.375000 0.428241 0.021875 0.065741
0 0.634896 0.360185 0.033333 0.053704
0 0.371615 0.801389 0.036979 0.039815
0 0.593490 0.623148 0.032813 0.053704
0 0.608073 0.475000 0.027604 0.053704
0 0.290365 0.334259 0.029687 0.061111
0 0.664323 0.222222 0.023438 0.068519
0 0.723177 0.437037 0.021354 0.064815
0 0.480208 0.480093 0.033333 0.047222
0 0.283594 0.172685 0.025521 0.065741
0 0.374740 0.331019 0.034896 0.052778
0 0.159896 0.491204 0.038542 0.050926
0 0.260937 0.206944 0.023958 0.065741
0 0.283854 0.637963 0.030208 0.062963
0 0.472917 0.218981 0.020833 0.076852
0 0.205990 0.258796 0.025521 0.069444
0 0.396615 0.774537 0.032813 0.058333
0 0.255990 0.631481 0.036979 0.048148
0 0.249740 0.090278 0.020313 0.065741
0 0.393750 0.378704 0.034375 0.042593
0 0.385677 0.166204 0.017188 0.063889
0 0.426823 0.475926 0.020313 0.064815
0 0.761458 0.244907 0.029167 0.058333
0 0.361198 0.573148 0.019271 0.064815
0 0.163281 0.122222 0.025521 0.072222
0 0.403646 0.837500 0.029167 0.067593
0 0.538802 0.431481 0.032813 0.051852
0 0.197917 0.593056 0.040625 0.041667
0 0.621875 0.425463 0.033333 0.041667
0 0.535156 0.526389 0.024479 0.063889
0 0.514323 0.403704 0.020313 0.064815
0 0.220833 0.140741 0.023958 0.062963
0 0.701823 0.416667 0.023438 0.062963
0 0.327344 0.306019 0.036979 0.037963
0 0.600781 0.573148 0.022396 0.053704
0 0.389844 0.060185 0.025521 0.061111
0 0.494271 0.655093 0.033333 0.036111
0 0.567969 0.670370 0.020313 0.062963
0 0.290885 0.079167 0.027604 0.062037
0 0.561719 0.167593 0.018229 0.066667
0 0.364844 0.082407 0.027604 0.057407
0 0.728906 0.688426 0.026562 0.058333
0 0.195052 0.140278 0.026562 0.065741
0 0.546615 0.066667 0.031771 0.055556
0 0.121875 0.047685 0.022917 0.071296
0 0.638802 0.258333 0.033854 0.055556
0 0.569531 0.562963 0.032813 0.038889
0 0.900521 0.432870 0.035417 0.049074
0 0.284896 0.454167 0.028125 0.065741
0 0.776042 0.163889 0.020833 0.066667
0 0.554427 0.497685 0.026562 0.062037
0 0.225781 0.289815 0.020313 0.068519
0 0.230469 0.041667 0.022396 0.062963
0 0.507552 0.225926 0.018229 0.070370
0 0.447396 0.037500 0.018750 0.063889
0 0.842448 0.317130 0.024479 0.058333
0 0.041406 0.412963 0.023438 0.070370
0 0.216667 0.854630 0.028125 0.064815
0 0.490625 0.242593 0.023958 0.070370
0 0.465885 0.627778 0.020313 0.068519
0 0.563802 0.847222 0.033854 0.042593
0 0.316927 0.046296 0.025521 0.068519
0 0.441927 0.759722 0.038021 0.034259
0 0.158854 0.437963 0.039583 0.038889
0 0.325781 0.727315 0.030729 0.063889
0 0.385937 0.618056 0.018750 0.067593
0 0.743750 0.858796 0.023958 0.065741
0 0.474219 0.034722 0.025521 0.062037
0 0.421094 0.262037 0.034896 0.038889
0 0.214583 0.804167 0.029167 0.050926
0 0.581250 0.382870 0.036458 0.052778
0 0.226042 0.479630 0.022917 0.064815
0 0.541927 0.634259 0.026562 0.050000
0 0.123177 0.460648 0.027604 0.063889
0 0.358333 0.696296 0.031250 0.059259
0 0.866927 0.293056 0.029687 0.056481
0 0.421354 0.155093 0.037500 0.049074
0 0.784896 0.354630 0.032292 0.059259
0 0.321094 0.430556 0.023438 0.057407
0 0.942187 0.299537 0.033333 0.054630
0 0.190104 0.305556 0.037500 0.042593
0 0.244531 0.597685 0.040104 0.034259
0 0.939323 0.378241 0.025521 0.063889
0 0.381510 0.725926 0.033854 0.046296
0 0.411458 0.576389 0.035417 0.050926
0 0.318229 0.808796 0.026042 0.067593
0 0.619010 0.881944 0.036979 0.037963
0 0.527604 0.245370 0.037500 0.057407
0 0.208073 0.754167 0.038021 0.050926
0 0.228646 0.751389 0.038542 0.052778
0 0.252865 0.794444 0.024479 0.064815
0 0.096094 0.573148 0.036979 0.038889
0 0.017708 0.408333 0.028125 0.068519
0 0.757031 0.601389 0.035937 0.054630
0 0.144531 0.399537 0.043229 0.034259
0 0.045573 0.341204 0.042188 0.043519
0 0.340625 0.118981 0.039583 0.049074
0 0.692708 0.124074 0.017708 0.066667
0 0.332552 0.160185 0.040104 0.044444
0 0.071094 0.410648 0.034896 0.045370
0 0.853125 0.556944 0.025000 0.062037
0 0.290625 0.125000 0.038542 0.053704
0 0.794792 0.256944 0.023958 0.067593
0 0.178125 0.389352 0.041667 0.037963
0 0.411198 0.719907 0.028646 0.060185
0 0.687760 0.422222 0.023438 0.064815
0 0.307812 0.672685 0.040625 0.036111
0 0.389844 0.221296 0.038021 0.044444
0 0.139844 0.067593 0.025521 0.064815
0 0.656510 0.071296 0.027604 0.053704
0 0.040625 0.122222 0.025000 0.066667
0 0.297396 0.751852 0.020833 0.064815
0 0.420833 0.112037 0.035417 0.037037
0 0.731250 0.295833 0.020833 0.054630
0 0.866406 0.351852 0.031771 0.055556
0 0.847396 0.663426 0.034375 0.041667
0 0.255469 0.569907 0.043229 0.034259
0 0.583333 0.268981 0.034375 0.037963
0 0.045052 0.500926 0.038021 0.062963
0 0.253125 0.279167 0.032292 0.069444
0 0.184635 0.080556 0.038021 0.046296
0 0.442188 0.698611 0.018750 0.065741
0 0.716146 0.848148 0.023958 0.066667
0 0.680990 0.365278 0.035937 0.047222
0 0.152604 0.734722 0.041667 0.037963
0 0.135417 0.211111 0.037500 0.048148
0 0.972396 0.693981 0.026042 0.065741
0 0.026562 0.090741 0.025000 0.066667
0 0.965625 0.518981 0.040625 0.037963
0 0.901042 0.153704 0.032292 0.055556
0 0.898698 0.531944 0.039062 0.041667
0 0.973698 0.437500 0.031771 0.060185
0 0.277083 0.795833 0.025000 0.063889
0 0.101823 0.312037 0.024479 0.070370
0 0.183073 0.725926 0.020313 0.064815
0 0.253646 0.717130 0.038542 0.043519
0 0.896354 0.387963 0.039583 0.044444
0 0.936198 0.251852 0.028646 0.051852
0 0.143750 0.030093 0.028125 0.058333
0 0.106250 0.412500 0.033333 0.062037
0 0.416406 0.073148 0.034896 0.038889
0 0.162240 0.625000 0.043229 0.038889
0 0.608073 0.808333 0.036979 0.048148
0 0.986979 0.329167 0.026042 0.058333
0 0.601302 0.680093 0.029687 0.034259
0 0.923958 0.694907 0.033333 0.034259
0 0.470052 0.077315 0.035937 0.041667
0 0.163021 0.028241 0.027083 0.054630
0 0.180208 0.668056 0.020833 0.065741
0 0.083073 0.637963 0.023438 0.072222
0 0.955729 0.606481 0.036458 0.038889
0 0.099740 0.490278 0.028646 0.058333
0 0.020052 0.208796 0.035937 0.054630
0 0.721615 0.200463 0.038021 0.039815
0 0.218229 0.370370 0.033333 0.040741
0 0.607292 0.847685 0.035417 0.037963
0 0.507031 0.884259 0.022396 0.070370
0 0.880469 0.216667 0.036979 0.042593
0 0.677865 0.906019 0.028646 0.052778
0 0.545573 0.023611 0.032813 0.045370
0 0.864583 0.862500 0.037500 0.039815
0 0.886458 0.579630 0.031250 0.061111
0 0.192969 0.351389 0.036979 0.037963
0 0.018490 0.825000 0.029687 0.064815
0 0.831250 0.712963 0.040625 0.040741
0 0.941667 0.487963 0.037500 0.048148
0 0.558854 0.108333 0.018750 0.050000
0 0.930990 0.171759 0.027604 0.067593
0 0.378385 0.878704 0.036979 0.050000
0 0.842187 0.156019 0.030208 0.065741
0 0.071094 0.216204 0.034896 0.069444
0 0.223698 0.208796 0.042188 0.037963
0 0.873698 0.099537 0.032813 0.050926
0 0.899219 0.697222 0.026562 0.061111
0 0.673177 0.602778 0.018229 0.064815
0 0.595052 0.917593 0.022396 0.055556
0 0.874219 0.633796 0.034896 0.052778
0 0.039583 0.661111 0.026042 0.070370
0 0.827865 0.260185 0.036979 0.051852
0 0.265104 0.748148 0.039583 0.046296
0 0.982812 0.813889 0.034375 0.050000
0 0.041406 0.829167 0.028646 0.063889
0 0.039583 0.762037 0.043750 0.051852
0 0.901042 0.486111 0.042708 0.038889
0 0.069271 0.867130 0.044792 0.049074
0 0.088021 0.356944 0.030208 0.052778
0 0.913802 0.826389 0.033854 0.058333
0 0.658073 0.026852 0.026562 0.051852
0 0.884115 0.675926 0.033854 0.057407
0 0.700000 0.032870 0.036458 0.058333
0 0.972396 0.299537 0.029167 0.050926
0 0.689063 0.077778 0.039583 0.040741
0 0.048177 0.056019 0.035937 0.049074
0 0.088802 0.467130 0.025521 0.062037
0 0.986458 0.242130 0.027083 0.045370
0 0.008854 0.323611 0.016667 0.071296
0 0.181771 0.254167 0.034375 0.043519
0 0.076563 0.307407 0.028125 0.037037
0 0.126302 0.137500 0.024479 0.034259
0 0.740885 0.125000 0.026562 0.075926
0 0.125521 0.261574 0.030208 0.045370
0 0.892708 0.335648 0.036458 0.045370
0 0.633854 0.922685 0.034375 0.032407
0 0.063802 0.030556 0.041146 0.048148
0 0.217969 0.925926 0.028646 0.062963
0 0.138281 0.515741 0.029687 0.046296
0 0.879687 0.137500 0.022917 0.049074
0 0.895833 0.765278 0.025000 0.065741
0 0.234375 0.934722 0.023958 0.063889
0 0.821354 0.056944 0.039583 0.036111
0 0.824479 0.925000 0.023958 0.061111
0 0.859635 0.493519 0.031771 0.059259
0 0.977865 0.746296 0.024479 0.068519
0 0.016406 0.262500 0.031771 0.043519
0 0.073958 0.516667 0.019792 0.046296
0 0.012760 0.878241 0.024479 0.060185
0 0.078906 0.898611 0.044271 0.041667
0 0.979167 0.096759 0.038542 0.052778
0 0.274740 0.014352 0.039062 0.026852
0 0.981771 0.930556 0.026042 0.059259
0 0.906510 0.051852 0.036979 0.044444
0 0.904687 0.611111 0.020833 0.037037
0 0.918490 0.025000 0.038021 0.040741
0 0.973698 0.145833 0.034896 0.050926
0 0.017448 0.575463 0.026562 0.037963
0 0.049479 0.900926 0.036458 0.035185
0 0.272396 0.950000 0.037500 0.050000
0 0.563281 0.963426 0.036979 0.056481
0 0.049740 0.948611 0.033854 0.065741
0 0.315365 0.955556 0.036979 0.048148
0 0.615885 0.981481 0.025521 0.031481
0 0.124219 0.669907 0.022396 0.026852
0 0.075000 0.753704 0.018750 0.029630
0 0.449479 0.900463 0.030208 0.045370
0 0.489323 0.955556 0.029687 0.066667
0 0.352083 0.984259 0.033333 0.031481
0 0.125260 0.981019 0.031771 0.034259
0 0.924740 0.064815 0.030729 0.035185
0 0.375521 0.983796 0.035417 0.032407
0 0.551823 0.982407 0.036979 0.033333
