0 0.325781 0.564352 0.028646 0.056481
0 0.377865 0.506019 0.027604 0.065741
0 0.299219 0.505556 0.026562 0.059259
0 0.417969 0.439815 0.032813 0.059259
0 0.496615 0.484259 0.026562 0.062963
0 0.257292 0.568056 0.033333 0.047222
0 0.466146 0.380093 0.026042 0.062037
0 0.355208 0.586111 0.028125 0.053704
0 0.339062 0.437037 0.032292 0.055556
0 0.188542 0.422222 0.033333 0.051852
0 0.624219 0.466204 0.030729 0.062037
0 0.260417 0.411111 0.022917 0.068519
0 0.255990 0.226389 0.024479 0.063889
0 0.194792 0.255556 0.026042 0.066667
0 0.393490 0.747222 0.027604 0.061111
0 0.326562 0.633796 0.022917 0.062037
0 0.344010 0.323148 0.036979 0.050000
0 0.257292 0.514815 0.035417 0.037037
0 0.511458 0.578241 0.020833 0.065741
0 0.232292 0.420370 0.023958 0.070370
0 0.216146 0.487037 0.035417 0.053704
0 0.389844 0.683333 0.038021 0.037037
0 0.562240 0.443519 0.021354 0.066667
0 0.274740 0.652315 0.035937 0.052778
0 0.240365 0.620370 0.036979 0.051852
0 0.165885 0.381944 0.036979 0.049074
0 0.254167 0.162963 0.026042 0.059259
0 0.369010 0.400926 0.036979 0.050000
0 0.126042 0.506019 0.026042 0.063889
0 0.549219 0.802778 0.034896 0.050000
0 0.244271 0.769444 0.040625 0.040741
0 0.265625 0.715741 0.025000 0.068519
0 0.244792 0.471296 0.019792 0.066667
0 0.196615 0.593056 0.042188 0.036111
0 0.094792 0.619907 0.035417 0.062037
0 0.682813 0.338426 0.026042 0.062037
0 0.486979 0.568519 0.034375 0.046296
0 0.524219 0.323148 0.033854 0.044444
0 0.188542 0.205556 0.030208 0.061111
0 0.576042 0.618056 0.031250 0.052778
0 0.302865 0.431481 0.021354 0.070370
0 0.433594 0.655556 0.018229 0.066667
0 0.279167 0.147222 0.025000 0.068519
0 0.593490 0.775000 0.035937 0.050000
0 0.365365 0.725000 0.036979 0.035185
0 0.658594 0.234722 0.026562 0.060185
0 0.557813 0.292130 0.018750 0.067593
0 0.136458 0.580556 0.034375 0.059259
0 0.654948 0.555556 0.027604 0.059259
0 0.633073 0.537500 0.033854 0.056481
0 0.303385 0.231944 0.036979 0.056481
0 0.203125 0.662500 0.037500 0.056481
0 0.620313 0.367593 0.035417 0.046296
0 0.542708 0.637963 0.033333 0.033333
0 0.227865 0.519907 0.020313 0.062037
0 0.589063 0.459722 0.017708 0.063889
0 0.195312 0.750463 0.041667 0.037963
0 0.451042 0.291204 0.036458 0.045370
0 0.475260 0.223611 0.022396 0.065741
0 0.280990 0.322685 0.038021 0.045370
0 0.092969 0.681944 0.034896 0.062037
0 0.837240 0.336574 0.028646 0.056481
0 0.197917 0.800000 0.041667 0.042593
0 0.453646 0.628241 0.019792 0.071296
0 0.601042 0.214815 0.020833 0.066667
0 0.472917 0.796759 0.034375 0.063889
0 0.182292 0.141204 0.018750 0.069444
0 0.041146 0.530556 0.028125 0.068519
0 0.188542 0.708796 0.041667 0.036111
0 0.719271 0.308796 0.033333 0.045370
0 0.311198 0.786111 0.028646 0.059259
0 0.026042 0.658333 0.023958 0.072222
0 0.704948 0.814815 0.025521 0.059259
0 0.433594 0.711574 0.035937 0.041667
0 0.284115 0.566667 0.020313 0.062963
0 0.567187 0.858796 0.035417 0.041667
0 0.042188 0.339352 0.030208 0.065741
0 0.649740 0.100000 0.030729 0.053704
0 0.879948 0.809722 0.036979 0.047222
0 0.783594 0.338889 0.020313 0.061111
0 0.514323 0.414815 0.038021 0.035185
0 0.143490 0.420370 0.025521 0.066667
0 0.149740 0.766667 0.022396 0.066667
0 0.095312 0.456019 0.022917 0.071296
0 0.946615 0.607870 0.026562 0.063889
0 0.912760 0.511111 0.031771 0.053704
0 0.892188 0.312500 0.028125 0.060185
0 0.378646 0.568056 0.033333 0.034259
0 0.707292 0.467593 0.020833 0.066667
0 0.701562 0.748148 0.023958 0.062963
0 0.784115 0.468519 0.032813 0.042593
0 0.704948 0.635648 0.028646 0.063889
0 0.712240 0.214815 0.035937 0.046296
0 0.568490 0.528241 0.039062 0.043519
0 0.096615 0.153704 0.035937 0.057407
0 0.830469 0.670370 0.035937 0.038889
0 0.136458 0.145370 0.019792 0.070370
0 0.877344 0.495370 0.042188 0.035185
0 0.691667 0.268056 0.034375 0.039815
0 0.796615 0.174074 0.035937 0.046296
0 0.637760 0.419907 0.031771 0.037963
0 0.200521 0.114352 0.020833 0.069444
0 0.824740 0.593519 0.022396 0.061111
0 0.604688 0.092130 0.026042 0.073148
0 0.085417 0.280556 0.032292 0.042593
0 0.956771 0.524537 0.031250 0.054630
0 0.051042 0.438889 0.030208 0.068519
0 0.425521 0.060648 0.026042 0.067593
0 0.651042 0.628241 0.032292 0.034259
0 0.681510 0.569907 0.030729 0.041667
0 0.297396 0.074074 0.020833 0.070370
0 0.288542 0.756481 0.038542 0.040741
0 0.039062 0.590741 0.036458 0.040741
0 0.149219 0.691204 0.040104 0.034259
0 0.793490 0.624537 0.032813 0.047222
0 0.826562 0.276852 0.028125 0.059259
0 0.747917 0.683333 0.019792 0.064815
0 0.222656 0.099537 0.030729 0.058333
0 0.282292 0.477778 0.021875 0.062963
0 0.108594 0.361111 0.027604 0.068519
0 0.852865 0.450000 0.036979 0.042593
0 0.526563 0.097222 0.027083 0.064815
0 0.765365 0.243519 0.034896 0.044444
0 0.385937 0.057407 0.029167 0.066667
0 0.557813 0.598148 0.034375 0.042593
0 0.571094 0.208333 0.021354 0.066667
0 0.504167 0.781944 0.037500 0.043519
0 0.792708 0.517130 0.031250 0.056481
0 0.969010 0.369907 0.031771 0.054630
0 0.969010 0.718056 0.030729 0.041667
0 0.849740 0.878704 0.027604 0.057407
0 0.929948 0.546759 0.028646 0.065741
0 0.127865 0.744444 0.024479 0.062963
0 0.622396 0.681019 0.036458 0.039815
0 0.208594 0.852778 0.039062 0.048148
0 0.010677 0.603241 0.020313 0.071296
0 0.032292 0.500463 0.035417 0.065741
0 0.979167 0.622222 0.026042 0.055556
0 0.152083 0.486574 0.025000 0.069444
0 0.590365 0.579630 0.022396 0.051852
0 0.916667 0.446759 0.035417 0.039815
0 0.033333 0.747685 0.025000 0.075000
0 0.167187 0.545370 0.042708 0.037037
0 0.652083 0.170370 0.033333 0.040741
0 0.789062 0.277778 0.035417 0.040741
0 0.805469 0.568056 0.026562 0.062037
0 0.894792 0.728241 0.030208 0.047222
0 0.944010 0.306944 0.034896 0.058333
0 0.979688 0.813426 0.032292 0.056481
0 0.463542 0.043056 0.023958 0.065741
0 0.116667 0.792130 0.041667 0.041667
0 0.693490 0.166667 0.038021 0.040741
0 0.923958 0.275463 0.028125 0.056481
0 0.798438 0.426389 0.035417 0.037963
0 0.967969 0.441204 0.036979 0.049074
0 0.918490 0.395833 0.027604 0.050926
0 0.834115 0.406944 0.035937 0.037963
0 0.749219 0.336574 0.029687 0.071296
0 0.871615 0.101389 0.029687 0.050926
0 0.255469 0.103241 0.021354 0.063889
0 0.192969 0.060185 0.030729 0.064815
0 0.721615 0.118519 0.020313 0.057407
0 0.702344 0.917130 0.031771 0.047222
0 0.727344 0.698148 0.021354 0.062963
0 0.154167 0.101852 0.020833 0.075926
0 0.930469 0.769907 0.023438 0.043519
0 0.233073 0.040278 0.031771 0.062037
0 0.279167 0.287963 0.043750 0.040741
0 0.854688 0.622685 0.035417 0.036111
0 0.184115 0.332870 0.039062 0.041667
0 0.367969 0.028241 0.032813 0.052778
0 0.883594 0.670833 0.035937 0.052778
0 0.679948 0.747685 0.021354 0.063889
0 0.080990 0.437963 0.026562 0.074074
0 0.274219 0.856944 0.029687 0.067593
0 0.749740 0.116667 0.033854 0.038889
0 0.842969 0.243519 0.034896 0.050000
0 0.769271 0.674074 0.017708 0.057407
0 0.180469 0.037963 0.032813 0.059259
0 0.046094 0.829630 0.042188 0.048148
0 0.264062 0.035185 0.035417 0.048148
0 0.239063 0.867130 0.035417 0.054630
0 0.793490 0.089352 0.026562 0.056481
0 0.013021 0.799537 0.023958 0.069444
0 0.863021 0.693519 0.026042 0.066667
0 0.896615 0.638889 0.034896 0.051852
0 0.826042 0.829167 0.034375 0.047222
0 0.072396 0.878704 0.035417 0.062963
0 0.336458 0.882407 0.040625 0.050000
0 0.854688 0.392130 0.022917 0.062037
0 0.522917 0.031944 0.020833 0.062037
0 0.979688 0.305556 0.027083 0.064815
0 0.874740 0.218981 0.023438 0.037963
0 0.875521 0.716667 0.023958 0.064815
0 0.985938 0.232870 0.027083 0.036111
0 0.558333 0.026852 0.018750 0.051852
0 0.331510 0.028704 0.020313 0.055556
0 0.127865 0.205556 0.026562 0.048148
0 0.016146 0.225000 0.031250 0.044444
0 0.015104 0.193056 0.029167 0.045370
0 0.739062 0.083796 0.038542 0.037963
0 0.011719 0.550926 0.022396 0.051852
0 0.960417 0.156944 0.038542 0.054630
0 0.035417 0.234259 0.031250 0.066667
0 0.843490 0.074537 0.028646 0.058333
0 0.923698 0.069907 0.022396 0.062037
0 0.875260 0.039815 0.028646 0.055556
0 0.861719 0.955093 0.032813 0.045370
0 0.143490 0.027778 0.032813 0.053704
0 0.034375 0.867130 0.037500 0.049074
0 0.987760 0.187037 0.022396 0.048148
0 0.667708 0.913889 0.037500 0.035185
0 0.680469 0.957407 0.029687 0.057407
0 0.190365 0.899537 0.042188 0.043519
0 0.111198 0.882870 0.046354 0.041667
0 0.920312 0.190741 0.029167 0.070370
0 0.086198 0.083796 0.033854 0.052778
0 0.554688 0.113426 0.020833 0.043519
0 0.062760 0.045833 0.036979 0.041667
0 0.082812 0.924537 0.042708 0.045370
0 0.013021 0.468519 0.025000 0.044444
0 0.044792 0.909722 0.041667 0.069444
0 0.060417 0.501389 0.021875 0.052778
0 0.522396 0.905093 0.026042 0.049074
0 0.592448 0.017130 0.018229 0.032407
0 0.013542 0.943056 0.026042 0.062037
0 0.673438 0.033333 0.026042 0.064815
0 0.447396 0.752315 0.034375 0.065741
0 0.063021 0.968519 0.059375 0.048148
0 0.579948 0.956019 0.024479 0.058333
0 0.035417 0.024537 0.023958 0.034259
0 0.044792 0.010648 0.030208 0.019444
0 0.007552 0.148611 0.014063 0.030556
0 0.450000 0.883796 0.040625 0.060185
0 0.831250 0.989352 0.034375 0.021296
0 0.979688 0.955556 0.025000 0.064815
0 0.207813 0.017130 0.017708 0.032407
0 0.797396 0.982870 0.029167 0.030556
0 0.329688 0.977778 0.038542 0.044444
0 0.061719 0.741667 0.017188 0.025926
0 0.364583 0.981019 0.025000 0.028704
0 0.093490 0.389352 0.024479 0.056481
0 0.085938 0.341204 0.033333 0.056481
0 0.125000 0.327315 0.028125 0.062037
0 0.115625 0.267130 0.043750 0.045370
0 0.154167 0.311574 0.030208 0.043519
0 0.159115 0.331019 0.015104 0.050926
0 0.205990 0.282407 0.025521 0.033333
0 0.240365 0.306481 0.026562 0.029630
0 0.207813 0.362500 0.033333 0.045370
0 0.226562 0.346296 0.035417 0.061111
0 0.251823 0.343519 0.043229 0.055556
0 0.334896 0.384722 0.040625 0.039815
0 0.384115 0.379167 0.030729 0.037963
0 0.301563 0.557870 0.017708 0.076852
0 0.423438 0.381944 0.044792 0.045370
0 0.427344 0.327315 0.033854 0.063889
0 0.355990 0.284259 0.032813 0.048148
0 0.385417 0.281019 0.023958 0.062037
0 0.409635 0.276389 0.022396 0.063889
0 0.399740 0.226389 0.047396 0.039815
0 0.427865 0.173611 0.020313 0.075000
0 0.403125 0.180556 0.034375 0.057407
0 0.377344 0.169444 0.028646 0.064815
0 0.378646 0.120833 0.042708 0.037963
0 0.446615 0.230556 0.025521 0.066667
0 0.459115 0.167130 0.027604 0.058333
0 0.502865 0.226852 0.034896 0.050000
0 0.444792 0.091204 0.019792 0.063889
0 0.456771 0.120833 0.040625 0.043519
0 0.497135 0.131019 0.038021 0.036111
0 0.496615 0.170370 0.027604 0.062963
0 0.531250 0.168981 0.028125 0.075000
0 0.555469 0.172222 0.029687 0.068519
0 0.581510 0.809259 0.014063 0.025926
0 0.765365 0.022685 0.031771 0.043519
0 0.988542 0.871296 0.021875 0.040741
0 0.388542 0.898148 0.023958 0.046296
0 0.117188 0.444444 0.033333 0.064815
0 0.355469 0.478704 0.023438 0.079630
0 0.929688 0.169444 0.030208 0.074074
