0 0.799479 0.612037 0.047917 0.053704
0 0.750781 0.636574 0.035937 0.047222
0 0.873177 0.577778 0.040104 0.037037
0 0.742448 0.684259 0.036979 0.042593
0 0.836719 0.672222 0.041146 0.057407
0 0.719271 0.839815 0.035417 0.048148
0 0.853125 0.750926 0.035417 0.040741
0 0.892708 0.698148 0.027083 0.062963
0 0.923177 0.463426 0.039062 0.045370
0 0.678646 0.462963 0.029167 0.064815
0 0.835677 0.053704 0.038021 0.042593
0 0.780469 0.372222 0.038021 0.042593
0 0.946354 0.715278 0.035417 0.052778
0 0.683854 0.833796 0.031250 0.063889
0 0.642969 0.612500 0.035937 0.049074
0 0.724479 0.386111 0.031250 0.062963
0 0.934896 0.837037 0.035417 0.057407
0 0.813021 0.789352 0.026042 0.067593
0 0.980208 0.226389 0.036458 0.041667
0 0.659375 0.863889 0.033333 0.048148
0 0.894271 0.443056 0.037500 0.056481
0 0.956250 0.791204 0.029167 0.056481
0 0.941667 0.353241 0.027083 0.063889
0 0.948438 0.199537 0.039583 0.041667
0 0.524479 0.646296 0.032292 0.057407
0 0.844010 0.221759 0.034896 0.050926
0 0.818750 0.109722 0.035417 0.052778
0 0.851302 0.391667 0.021354 0.068519
0 0.789844 0.888426 0.022396 0.060185
0 0.727865 0.315278 0.031771 0.056481
0 0.734115 0.110185 0.036979 0.048148
0 0.781250 0.459259 0.038542 0.051852
0 0.981771 0.787963 0.026042 0.070370
0 0.771875 0.054630 0.031250 0.061111
0 0.985417 0.575463 0.027083 0.060185
0 0.974219 0.337963 0.023438 0.066667
0 0.562760 0.870370 0.038021 0.048148
0 0.625260 0.723148 0.032813 0.057407
0 0.904427 0.263426 0.035937 0.054630
0 0.968490 0.716667 0.027604 0.064815
0 0.728906 0.267593 0.031771 0.053704
0 0.732031 0.968981 0.033854 0.049074
0 0.590104 0.813889 0.031250 0.055556
0 0.692187 0.334722 0.021875 0.065741
0 0.961979 0.119444 0.025000 0.072222
0 0.661719 0.579630 0.021354 0.057407
0 0.534896 0.501389 0.035417 0.036111
0 0.946875 0.260648 0.022917 0.062037
0 0.714063 0.176389 0.034375 0.045370
0 0.409896 0.609722 0.026042 0.063889
0 0.820573 0.244444 0.019271 0.064815
0 0.557292 0.737500 0.028125 0.063889
0 0.622396 0.221759 0.025000 0.060185
0 0.859635 0.029630 0.035937 0.044444
0 0.761458 0.247685 0.028125 0.060185
0 0.665885 0.247222 0.033854 0.042593
0 0.637500 0.264815 0.036458 0.038889
0 0.682552 0.066667 0.020313 0.070370
0 0.638021 0.300926 0.033333 0.046296
0 0.664844 0.497222 0.024479 0.057407
0 0.400521 0.453704 0.034375 0.050000
0 0.573698 0.756944 0.025521 0.062037
0 0.533594 0.759259 0.021354 0.062963
0 0.880729 0.312037 0.020833 0.055556
0 0.567187 0.493981 0.028125 0.052778
0 0.575000 0.276389 0.034375 0.041667
0 0.206250 0.195833 0.037500 0.047222
0 0.625781 0.923148 0.032813 0.035185
0 0.415885 0.832407 0.036979 0.046296
0 0.405990 0.852778 0.035937 0.046296
0 0.394271 0.194907 0.036458 0.037963
0 0.490885 0.678704 0.034896 0.044444
0 0.555208 0.586111 0.027083 0.064815
0 0.330208 0.515741 0.037500 0.042593
0 0.577865 0.327778 0.028646 0.059259
0 0.986198 0.697685 0.021354 0.067593
0 0.444010 0.817593 0.034896 0.048148
0 0.493229 0.723148 0.034375 0.050000
0 0.102865 0.306944 0.028646 0.065741
0 0.469271 0.447685 0.027083 0.063889
0 0.362240 0.524537 0.038021 0.037963
0 0.112760 0.223611 0.034896 0.052778
0 0.743229 0.208796 0.031250 0.058333
0 0.258594 0.199537 0.038021 0.039815
0 0.161719 0.650463 0.040104 0.037963
0 0.157552 0.070370 0.036979 0.055556
0 0.767969 0.410185 0.022396 0.062963
0 0.560937 0.415278 0.031250 0.058333
0 0.518750 0.867593 0.035417 0.055556
0 0.419010 0.025000 0.033854 0.035185
0 0.396354 0.287963 0.037500 0.044444
0 0.089844 0.487037 0.024479 0.064815
0 0.186719 0.042130 0.031771 0.056481
0 0.618229 0.351389 0.019792 0.067593
0 0.509115 0.566204 0.028646 0.060185
0 0.492448 0.758796 0.032813 0.052778
0 0.596354 0.384722 0.028125 0.054630
0 0.410938 0.232870 0.033333 0.050926
0 0.436198 0.468056 0.027604 0.063889
0 0.550521 0.354167 0.030208 0.056481
0 0.521875 0.418981 0.020833 0.067593
0 0.451562 0.767130 0.032292 0.058333
0 0.621875 0.055093 0.018750 0.071296
0 0.395573 0.491667 0.036979 0.035185
0 0.511458 0.082407 0.022917 0.062963
0 0.278646 0.637963 0.035417 0.055556
0 0.459375 0.638889 0.030208 0.062963
0 0.285156 0.700926 0.032813 0.055556
0 0.195312 0.815278 0.025000 0.063889
0 0.227865 0.817593 0.031771 0.062963
0 0.573958 0.606944 0.019792 0.065741
0 0.438542 0.101852 0.032292 0.062963
0 0.477083 0.108796 0.035417 0.041667
0 0.209635 0.324537 0.035937 0.060185
0 0.337760 0.568056 0.038021 0.041667
0 0.127083 0.460648 0.039583 0.036111
0 0.130729 0.338889 0.030208 0.055556
0 0.582552 0.560648 0.022396 0.069444
0 0.589583 0.077778 0.028125 0.059259
0 0.401042 0.749537 0.032292 0.050926
0 0.367969 0.407407 0.040104 0.044444
0 0.479687 0.189352 0.034375 0.045370
0 0.657292 0.917130 0.021875 0.058333
0 0.090885 0.357870 0.035937 0.063889
0 0.171354 0.577778 0.039583 0.037037
0 0.036979 0.372685 0.043750 0.047222
0 0.124740 0.248148 0.029687 0.055556
0 0.766927 0.964815 0.023438 0.062963
0 0.056771 0.723148 0.029167 0.062963
0 0.496354 0.488889 0.020833 0.057407
0 0.370833 0.569444 0.034375 0.051852
0 0.129688 0.075463 0.029167 0.063889
0 0.134115 0.027315 0.032813 0.052778
0 0.223438 0.772222 0.038542 0.035185
0 0.258333 0.127315 0.026042 0.067593
0 0.154688 0.198611 0.036458 0.039815
0 0.538542 0.057407 0.018750 0.070370
0 0.188542 0.517130 0.037500 0.045370
0 0.261979 0.462037 0.029167 0.059259
0 0.188021 0.890278 0.033333 0.058333
0 0.376302 0.697222 0.034896 0.051852
0 0.184375 0.616667 0.038542 0.031481
0 0.099219 0.702315 0.024479 0.062037
0 0.344531 0.036111 0.020313 0.068519
0 0.376302 0.364815 0.029687 0.057407
0 0.233073 0.561111 0.033854 0.061111
0 0.156250 0.342130 0.039583 0.037963
0 0.129688 0.516204 0.023958 0.063889
0 0.252865 0.038889 0.028646 0.059259
0 0.635677 0.087963 0.018229 0.050000
0 0.267708 0.550463 0.030208 0.063889
0 0.167969 0.761111 0.024479 0.064815
0 0.350000 0.427778 0.040625 0.042593
0 0.250781 0.833796 0.034896 0.047222
0 0.800521 0.043056 0.026042 0.073148
0 0.225781 0.604167 0.034896 0.047222
0 0.156510 0.292130 0.024479 0.063889
0 0.278385 0.145370 0.026562 0.061111
0 0.277865 0.782870 0.023438 0.060185
0 0.454427 0.042130 0.018229 0.065741
0 0.349740 0.732407 0.031771 0.055556
0 0.285156 0.086111 0.033854 0.059259
0 0.406250 0.360648 0.021875 0.063889
0 0.237500 0.303241 0.032292 0.056481
0 0.064844 0.658796 0.025521 0.065741
0 0.362760 0.622685 0.022396 0.067593
0 0.471875 0.043519 0.017708 0.070370
0 0.464844 0.928241 0.024479 0.054630
0 0.200781 0.111574 0.028646 0.063889
0 0.259115 0.726389 0.023438 0.065741
0 0.346354 0.272685 0.032292 0.052778
0 0.328385 0.726389 0.021354 0.062037
0 0.326302 0.357870 0.028646 0.056481
0 0.019010 0.243519 0.031771 0.046296
0 0.374479 0.034722 0.018750 0.067593
0 0.509375 0.770370 0.022917 0.050000
0 0.249479 0.261574 0.029167 0.060185
0 0.301042 0.622685 0.026042 0.058333
0 0.299740 0.463426 0.025521 0.063889
0 0.179167 0.391204 0.039583 0.036111
0 0.989062 0.269444 0.020833 0.038889
0 0.332031 0.626852 0.022396 0.064815
0 0.079167 0.752315 0.035417 0.052778
0 0.414062 0.065741 0.019792 0.062963
0 0.273958 0.494444 0.019792 0.064815
0 0.372396 0.097685 0.019792 0.063889
0 0.490625 0.892593 0.036458 0.044444
0 0.394792 0.899074 0.040625 0.037037
0 0.274479 0.054630 0.029167 0.061111
0 0.189844 0.253241 0.026562 0.063889
0 0.381771 0.732870 0.031250 0.036111
0 0.682292 0.800000 0.026042 0.046296
0 0.139583 0.436574 0.038542 0.036111
0 0.228646 0.251852 0.023958 0.061111
0 0.265885 0.348148 0.021354 0.066667
0 0.095573 0.198611 0.026562 0.052778
0 0.329167 0.181481 0.019792 0.068519
0 0.986979 0.623611 0.022917 0.041667
0 0.235677 0.498611 0.022396 0.069444
0 0.251042 0.389815 0.027083 0.059259
0 0.147656 0.487963 0.035937 0.062963
0 0.291927 0.238426 0.019271 0.062037
0 0.186719 0.552778 0.032813 0.048148
0 0.610156 0.020833 0.017188 0.039815
0 0.229687 0.067593 0.022917 0.062963
0 0.345833 0.155093 0.018750 0.069444
0 0.219531 0.726852 0.028646 0.057407
0 0.330208 0.098148 0.017708 0.066667
0 0.187240 0.730556 0.024479 0.064815
0 0.307031 0.899537 0.033854 0.058333
0 0.234375 0.683796 0.030208 0.054630
0 0.487240 0.947222 0.031771 0.057407
0 0.298958 0.106944 0.021875 0.067593
0 0.358594 0.171296 0.023438 0.064815
0 0.213281 0.243056 0.027604 0.050926
0 0.318750 0.810648 0.035417 0.043519
0 0.220833 0.507870 0.019792 0.058333
0 0.310417 0.209722 0.016667 0.049074
0 0.253385 0.660185 0.023438 0.061111
0 0.030990 0.664352 0.018229 0.063889
0 0.894271 0.962037 0.030208 0.066667
0 0.280469 0.866204 0.026562 0.058333
0 0.163542 0.839815 0.030208 0.061111
0 0.513802 0.922222 0.021354 0.062963
0 0.028646 0.816667 0.021875 0.066667
0 0.482292 0.978704 0.027083 0.040741
0 0.014323 0.455556 0.024479 0.046296
0 0.454688 0.974074 0.023958 0.042593
0 0.138021 0.847222 0.033333 0.037037
0 0.418490 0.969907 0.021354 0.025000
0 0.652083 0.978241 0.032292 0.041667
0 0.625260 0.978241 0.025521 0.043519
0 0.019010 0.940741 0.036979 0.055556
0 0.063281 0.806944 0.028646 0.037963
0 0.517708 0.280556 0.037500 0.064815
0 0.516927 0.165278 0.050521 0.049074
0 0.432292 0.173611 0.029167 0.080556
0 0.476042 0.296759 0.035417 0.067593
0 0.451042 0.688426 0.041667 0.043519
0 0.112760 0.926852 0.046354 0.075926
0 0.488542 0.601389 0.039583 0.043519
0 0.296094 0.370833 0.031771 0.063889
0 0.317188 0.335648 0.041667 0.047222
0 0.319531 0.265741 0.020313 0.059259
0 0.300000 0.277778 0.018750 0.061111
0 0.180990 0.425000 0.038021 0.044444
0 0.178906 0.462500 0.028646 0.063889
0 0.074740 0.937963 0.042188 0.059259
0 0.081771 0.861574 0.038542 0.039815
0 0.553646 0.125000 0.038542 0.040741
0 0.570833 0.184722 0.027083 0.069444
0 0.539583 0.156019 0.023958 0.060185
0 0.555990 0.223611 0.032813 0.052778
0 0.526302 0.226852 0.029687 0.048148
0 0.496094 0.218519 0.001563 0.005556
0 0.498437 0.227778 0.023958 0.074074
0 0.435417 0.243981 0.023958 0.067593
0 0.448958 0.300463 0.028125 0.052778
0 0.469792 0.385185 0.017708 0.066667
0 0.497135 0.381481 0.024479 0.066667
0 0.427865 0.343519 0.020313 0.072222
0 0.458594 0.347685 0.024479 0.056481
0 0.439323 0.725463 0.045312 0.043519
0 0.357031 0.676852 0.035937 0.046296
0 0.206771 0.643519 0.019792 0.074074
0 0.226042 0.601389 0.038542 0.050926
0 0.111979 0.643056 0.022917 0.071296
0 0.130469 0.650000 0.019271 0.066667
0 0.381250 0.314352 0.022917 0.071296
0 0.496615 0.302315 0.021354 0.071296
0 0.219531 0.130093 0.023438 0.075000
0 0.176042 0.150926 0.041667 0.044444
0 0.662240 0.144907 0.034896 0.049074
0 0.585677 0.158796 0.020313 0.058333
0 0.798177 0.158796 0.031771 0.050926
0 0.767708 0.169444 0.034375 0.053704
0 0.746354 0.146296 0.025000 0.062963
0 0.080208 0.159259 0.042708 0.035185
0 0.198437 0.958796 0.040625 0.032407
0 0.463542 0.149537 0.038542 0.069444
0 0.990885 0.485185 0.018229 0.085185
0 0.995833 0.406944 0.008333 0.076852
0 0.328906 0.404167 0.031771 0.047222
0 0.595833 0.975926 0.026042 0.046296
0 0.555469 0.981481 0.016146 0.027778
0 0.861198 0.994444 0.025521 0.011111
0 0.753385 0.987963 0.033854 0.024074
0 0.990104 0.151389 0.019792 0.065741
0 0.651563 0.012037 0.021875 0.022222
0 0.728646 0.014352 0.020833 0.026852
0 0.248958 0.341204 0.020833 0.050926
0 0.273438 0.301389 0.032292 0.063889
0 0.556250 0.547685 0.032292 0.050926
0 0.287760 0.416667 0.023438 0.042593
