0 0.316667 0.530093 0.032292 0.043519
0 0.265885 0.577778 0.036979 0.044444
0 0.346354 0.643056 0.037500 0.049074
0 0.337240 0.456944 0.028646 0.058333
0 0.330469 0.493981 0.022396 0.062037
0 0.342187 0.724537 0.032292 0.049074
0 0.607812 0.750000 0.027083 0.066667
0 0.298698 0.474074 0.027604 0.059259
0 0.315104 0.821296 0.035417 0.057407
0 0.182031 0.687963 0.035937 0.051852
0 0.281771 0.769444 0.023958 0.064815
0 0.162240 0.587037 0.035937 0.050000
0 0.445312 0.395833 0.022917 0.063889
0 0.161719 0.515278 0.033854 0.058333
0 0.466667 0.813426 0.031250 0.060185
0 0.274479 0.471296 0.032292 0.053704
0 0.258854 0.870370 0.034375 0.061111
0 0.407552 0.794907 0.025521 0.067593
0 0.271875 0.731019 0.022917 0.065741
0 0.271875 0.326389 0.028125 0.062037
0 0.453646 0.505556 0.022917 0.064815
0 0.317708 0.769907 0.039583 0.050926
0 0.367448 0.374537 0.023438 0.060185
0 0.471094 0.352778 0.028646 0.062963
0 0.154167 0.386111 0.035417 0.050000
0 0.101823 0.333333 0.031771 0.062963
0 0.525781 0.747222 0.026562 0.062963
0 0.335677 0.856944 0.035937 0.049074
0 0.368229 0.868519 0.026042 0.057407
0 0.133854 0.467130 0.034375 0.054630
0 0.407813 0.377315 0.018750 0.069444
0 0.168229 0.849074 0.029167 0.061111
0 0.443750 0.570370 0.037500 0.038889
0 0.392969 0.831481 0.025521 0.068519
0 0.161458 0.790741 0.034375 0.066667
0 0.512500 0.512500 0.030208 0.052778
0 0.488542 0.556481 0.031250 0.055556
0 0.253646 0.525000 0.022917 0.062963
0 0.074479 0.619444 0.036458 0.044444
0 0.277344 0.265278 0.034896 0.056481
0 0.290365 0.333333 0.027604 0.066667
0 0.514844 0.575463 0.019271 0.065741
0 0.178906 0.797685 0.033854 0.065741
0 0.484896 0.618056 0.019792 0.065741
0 0.173958 0.451389 0.025000 0.062037
0 0.696875 0.550463 0.027083 0.054630
0 0.074219 0.665278 0.042188 0.047222
0 0.538802 0.506944 0.021354 0.063889
0 0.560156 0.808796 0.023438 0.063889
0 0.149219 0.612963 0.025521 0.062963
0 0.607031 0.821296 0.029687 0.050000
0 0.635417 0.711574 0.026042 0.065741
0 0.115365 0.793519 0.027604 0.066667
0 0.368490 0.698611 0.034896 0.039815
0 0.901563 0.708796 0.031250 0.050926
0 0.262760 0.687500 0.027604 0.063889
0 0.609896 0.866204 0.033333 0.047222
0 0.463281 0.681481 0.026562 0.062963
0 0.918750 0.568519 0.035417 0.046296
0 0.441667 0.672222 0.027083 0.061111
0 0.056250 0.456944 0.028125 0.067593
0 0.627604 0.385648 0.032292 0.058333
0 0.521354 0.331944 0.030208 0.056481
0 0.224740 0.744907 0.028646 0.056481
0 0.195573 0.125926 0.024479 0.061111
0 0.522135 0.811111 0.020313 0.062963
0 0.146354 0.673611 0.030208 0.054630
0 0.049479 0.520833 0.030208 0.065741
0 0.591146 0.581944 0.021875 0.058333
0 0.450521 0.625000 0.022917 0.066667
0 0.843490 0.758333 0.029687 0.061111
0 0.144531 0.294907 0.039062 0.052778
0 0.251823 0.744444 0.024479 0.062963
0 0.570573 0.604167 0.028646 0.058333
0 0.044792 0.412963 0.034375 0.064815
0 0.963021 0.569907 0.034375 0.043519
0 0.101562 0.264815 0.041667 0.044444
0 0.314844 0.381019 0.036979 0.037963
0 0.183854 0.561111 0.025000 0.061111
0 0.769271 0.673611 0.032292 0.050926
0 0.199219 0.759722 0.035937 0.058333
0 0.217448 0.097685 0.028646 0.065741
0 0.580469 0.817130 0.020313 0.069444
0 0.296615 0.079167 0.028646 0.067593
0 0.716406 0.719907 0.025521 0.058333
0 0.020052 0.580556 0.032813 0.059259
0 0.128125 0.736111 0.032292 0.055556
0 0.878125 0.701852 0.019792 0.062963
0 0.556510 0.362963 0.022396 0.062963
0 0.594271 0.297685 0.022917 0.062037
0 0.066146 0.582407 0.035417 0.042593
0 0.645312 0.351389 0.034375 0.052778
0 0.014063 0.492130 0.027083 0.063889
0 0.244531 0.173611 0.021354 0.071296
0 0.071354 0.517130 0.023958 0.069444
0 0.814323 0.652315 0.028646 0.062037
0 0.975260 0.619444 0.028646 0.059259
0 0.750781 0.787037 0.032813 0.046296
0 0.829948 0.550463 0.035937 0.049074
0 0.014844 0.409259 0.026562 0.066667
0 0.856250 0.703241 0.023958 0.063889
0 0.254427 0.107407 0.021354 0.066667
0 0.026562 0.661574 0.021875 0.071296
0 0.130469 0.867130 0.036979 0.049074
0 0.692969 0.732407 0.026562 0.062963
0 0.708594 0.659259 0.025521 0.070370
0 0.901823 0.664352 0.031771 0.034259
0 0.075521 0.375926 0.023958 0.068519
0 0.500000 0.458796 0.034375 0.036111
0 0.094531 0.158796 0.040104 0.058333
0 0.182031 0.200463 0.041146 0.037963
0 0.108854 0.446296 0.021875 0.070370
0 0.741406 0.575926 0.031771 0.053704
0 0.677344 0.746759 0.025521 0.062037
0 0.051042 0.370833 0.035417 0.058333
0 0.706771 0.495833 0.034375 0.043519
0 0.884896 0.356944 0.022917 0.062037
0 0.267188 0.213889 0.036458 0.044444
0 0.663281 0.303704 0.023438 0.061111
0 0.691667 0.677315 0.031250 0.045370
0 0.806510 0.787963 0.038021 0.040741
0 0.053125 0.233333 0.040625 0.051852
0 0.136458 0.147222 0.019792 0.072222
0 0.345573 0.105556 0.023438 0.066667
0 0.046615 0.786111 0.032813 0.066667
0 0.032813 0.259259 0.026042 0.075926
0 0.206510 0.842130 0.023438 0.067593
0 0.761458 0.466667 0.019792 0.066667
0 0.152344 0.086574 0.024479 0.071296
0 0.685417 0.312963 0.022917 0.057407
0 0.891406 0.487500 0.038021 0.039815
0 0.783854 0.328241 0.030208 0.054630
0 0.178906 0.083333 0.030729 0.068519
0 0.366667 0.031481 0.029167 0.053704
0 0.844010 0.829630 0.028646 0.068519
0 0.761458 0.241667 0.029167 0.053704
0 0.812240 0.745370 0.029687 0.046296
0 0.022135 0.289815 0.026562 0.066667
0 0.121615 0.066204 0.024479 0.063889
0 0.388021 0.043056 0.027083 0.062037
0 0.675000 0.494907 0.033333 0.039815
0 0.547917 0.203704 0.031250 0.051852
0 0.525260 0.092593 0.027604 0.057407
0 0.671094 0.440278 0.023438 0.067593
0 0.483333 0.902315 0.039583 0.043519
0 0.647396 0.242593 0.019792 0.061111
0 0.789844 0.629630 0.038021 0.053704
0 0.216927 0.055093 0.036979 0.037963
0 0.742969 0.292130 0.035937 0.045370
0 0.939583 0.330093 0.037500 0.045370
0 0.089844 0.867593 0.039062 0.048148
0 0.668750 0.131481 0.026042 0.057407
0 0.854688 0.390278 0.022917 0.062037
0 0.523177 0.275000 0.021354 0.068519
0 0.574479 0.163889 0.026042 0.061111
0 0.840104 0.931944 0.035417 0.049074
0 0.847396 0.330093 0.018750 0.060185
0 0.260417 0.023148 0.022917 0.044444
0 0.812240 0.415278 0.022396 0.065741
0 0.803385 0.918981 0.033854 0.047222
0 0.378125 0.756019 0.036458 0.062037
0 0.616406 0.082407 0.034896 0.048148
0 0.640365 0.910185 0.030729 0.044444
0 0.527344 0.044907 0.033854 0.047222
0 0.448698 0.028704 0.019271 0.055556
0 0.821875 0.247222 0.032292 0.044444
0 0.911979 0.328241 0.027083 0.056481
0 0.009896 0.213889 0.018750 0.064815
0 0.791146 0.206481 0.022917 0.062963
0 0.759896 0.113426 0.028125 0.050926
0 0.728385 0.259259 0.034896 0.046296
0 0.587760 0.125000 0.036979 0.035185
0 0.919531 0.389352 0.038021 0.037963
0 0.545312 0.586111 0.029167 0.037037
0 0.221875 0.875000 0.037500 0.035185
0 0.016146 0.781944 0.027083 0.069444
0 0.914844 0.279167 0.036979 0.039815
0 0.072917 0.081944 0.041667 0.037963
0 0.972396 0.193056 0.037500 0.045370
0 0.143750 0.050463 0.022917 0.067593
0 0.714063 0.201852 0.034375 0.053704
0 0.734635 0.916204 0.036979 0.037963
0 0.582812 0.078704 0.032292 0.046296
0 0.978385 0.448611 0.025521 0.058333
0 0.685417 0.184722 0.036458 0.039815
0 0.799219 0.158796 0.036979 0.037963
0 0.324219 0.905556 0.030729 0.055556
0 0.107552 0.893981 0.030729 0.056481
0 0.956250 0.298611 0.036458 0.043519
0 0.960156 0.237037 0.034896 0.059259
0 0.898177 0.149537 0.035937 0.050926
0 0.197396 0.905093 0.038542 0.034259
0 0.863021 0.153241 0.027083 0.056481
0 0.834115 0.187500 0.019271 0.062037
0 0.891927 0.195833 0.030729 0.058333
0 0.963021 0.090741 0.021875 0.061111
0 0.412500 0.875000 0.027083 0.057407
0 0.985677 0.108333 0.028646 0.038889
0 0.902083 0.088889 0.028125 0.061111
0 0.889323 0.628704 0.023438 0.042593
0 0.741146 0.084259 0.026042 0.068519
0 0.916146 0.181481 0.025000 0.061111
0 0.885417 0.079167 0.021875 0.060185
0 0.908594 0.241204 0.033854 0.050926
0 0.948177 0.075926 0.021354 0.064815
0 0.171094 0.015741 0.027604 0.029630
0 0.630729 0.024074 0.030208 0.040741
0 0.131510 0.931019 0.030729 0.063889
0 0.182552 0.880556 0.036979 0.046296
0 0.040104 0.039815 0.041667 0.035185
0 0.833073 0.106019 0.020313 0.067593
0 0.319531 0.938889 0.036979 0.042593
0 0.425000 0.955556 0.029167 0.061111
0 0.529427 0.937037 0.040104 0.059259
0 0.560677 0.014815 0.023438 0.027778
0 0.100260 0.712037 0.022396 0.040741
0 0.050000 0.882870 0.034375 0.062037
0 0.770312 0.017593 0.020833 0.033333
0 0.807813 0.960185 0.039583 0.038889
0 0.572917 0.464352 0.022917 0.034259
0 0.124479 0.010648 0.021875 0.019444
0 0.348177 0.579630 0.023438 0.053704
0 0.969531 0.961111 0.038021 0.048148
0 0.725260 0.962037 0.031771 0.062963
0 0.721354 0.011574 0.018750 0.021296
0 0.839063 0.980093 0.035417 0.039815
0 0.396094 0.981944 0.038021 0.036111
0 0.100781 0.961574 0.038021 0.050926
0 0.435156 0.895370 0.024479 0.042593
0 0.450260 0.980093 0.033854 0.039815
0 0.453906 0.899537 0.018229 0.039815
0 0.060156 0.742130 0.019271 0.030556
0 0.757552 0.981944 0.030729 0.036111
0 0.675000 0.969907 0.032292 0.056481
0 0.296615 0.974537 0.020313 0.021296
0 0.255990 0.972685 0.038021 0.054630
0 0.982552 0.896296 0.029687 0.062963
0 0.361719 0.974074 0.029687 0.014815
0 0.388021 0.900926 0.022917 0.044444
0 0.419792 0.442130 0.033333 0.073148
0 0.434115 0.268981 0.041146 0.043519
0 0.490885 0.268519 0.018229 0.068519
0 0.466146 0.253241 0.029167 0.065741
0 0.431250 0.216667 0.043750 0.059259
0 0.308073 0.208796 0.027604 0.058333
0 0.305469 0.148148 0.022396 0.062963
0 0.277604 0.152315 0.030208 0.080556
0 0.198958 0.440278 0.020833 0.075000
0 0.217188 0.412500 0.020833 0.063889
0 0.243490 0.408796 0.033854 0.065741
0 0.232552 0.350926 0.026562 0.057407
0 0.204948 0.352315 0.029687 0.056481
0 0.176302 0.346759 0.030729 0.080556
0 0.152865 0.343981 0.050521 0.039815
0 0.129427 0.564815 0.025521 0.051852
0 0.123958 0.506944 0.030208 0.063889
0 0.089583 0.451389 0.030208 0.063889
0 0.145313 0.257407 0.035417 0.059259
0 0.141146 0.210185 0.031250 0.061111
0 0.167708 0.231944 0.046875 0.041667
0 0.193229 0.250926 0.044792 0.061111
0 0.202083 0.287500 0.023958 0.049074
0 0.226823 0.286111 0.038021 0.053704
0 0.250521 0.261111 0.029167 0.072222
0 0.368490 0.179167 0.042188 0.052778
0 0.348177 0.235648 0.024479 0.084259
0 0.365885 0.255556 0.036979 0.061111
0 0.338021 0.350926 0.034375 0.057407
0 0.350521 0.316204 0.041667 0.050926
0 0.375000 0.305556 0.025000 0.066667
0 0.407292 0.290278 0.031250 0.071296
0 0.446354 0.099074 0.028125 0.059259
0 0.365104 0.098611 0.020833 0.076852
0 0.393490 0.146296 0.039062 0.062963
0 0.389844 0.098611 0.042188 0.058333
0 0.449219 0.155556 0.033854 0.050000
0 0.474740 0.155093 0.036979 0.045370
0 0.475000 0.207407 0.042708 0.064815
0 0.500781 0.205093 0.038021 0.063889
0 0.485938 0.077778 0.041667 0.048148
0 0.505729 0.130093 0.037500 0.071296
0 0.564844 0.260648 0.026562 0.062037
0 0.563542 0.310185 0.039583 0.053704
0 0.477865 0.483796 0.038021 0.043519
0 0.566406 0.528241 0.031771 0.065741
0 0.595313 0.348611 0.041667 0.043519
0 0.615885 0.191667 0.029687 0.068519
0 0.561979 0.091204 0.026042 0.056481
0 0.672656 0.236574 0.031771 0.073148
0 0.315104 0.432870 0.023958 0.060185
0 0.870573 0.314815 0.031771 0.057407
0 0.967969 0.528241 0.030729 0.047222
0 0.979688 0.504630 0.040625 0.072222
0 0.986458 0.793519 0.027083 0.055556
0 0.390365 0.367130 0.021354 0.078704
0 0.049219 0.616667 0.025521 0.070370
0 0.133854 0.403241 0.018750 0.065741
0 0.990885 0.206944 0.018229 0.025000
0 0.993750 0.235185 0.012500 0.020370
0 0.986979 0.274537 0.022917 0.067593
0 0.469271 0.649537 0.021875 0.060185
0 0.240885 0.310648 0.018229 0.030556
0 0.351823 0.421296 0.023438 0.066667
