0 0.7496302083333333 0.4589907407407407 0.04092187500000009 0.052907407407407396
0 0.32217187500000005 0.16336111111111112 0.03720312500000003 0.07804629629629632
0 0.283203125 0.16536111111111113 0.029984374999999966 0.06428703703703705
0 0.4057604166666666 0.19336111111111112 0.03548958333333339 0.06749074074074073
0 0.6616197916666666 0.34982407407407407 0.03561458333333339 0.054527777777777765
0 0.8046875 0.31510185185185186 0.039796874999999926 0.05462962962962963
0 0.8056666666666668 0.4420555555555556 0.03533854166666662 0.055990740740740765
0 0.6811510416666666 0.4856759259259259 0.038328125000000074 0.048398148148148135
0 0.7607447916666668 0.28971296296296295 0.03811458333333325 0.04720370370370372
0 0.869140625 0.3524351851851852 0.037109375 0.0463333333333333
0 0.6157239583333334 0.41298148148148145 0.03402604166666663 0.05794444444444448
0 0.6064479166666668 0.23632407407407408 0.025510416666666678 0.06900925925925928
0 0.2473125 0.3016481481481481 0.033536458333333324 0.059138888888888894
0 0.828125 0.3732685185185185 0.03366145833333339 0.046064814814814815
0 0.912109375 0.29948148148148146 0.0379635416666666 0.05433333333333329
0 0.22925 0.10128703703703704 0.029145833333333353 0.06450925925925925
0 0.3046875 0.6059074074074075 0.031796874999999974 0.061907407407407314
0 0.21228125 0.1854351851851852 0.02365104166666665 0.06450925925925928
0 0.4868177083333334 0.1803425925925926 0.03488020833333335 0.05547222222222224
0 0.389890625 0.059953703703703703 0.025510416666666678 0.06624074074074075
0 0.6694322916666666 0.4194907407407408 0.03500520833333335 0.04912962962962968
0 0.8032239583333334 0.5655370370370371 0.0379635416666666 0.04961111111111104
0 0.3923333333333333 0.13031481481481483 0.03628645833333337 0.06005555555555557
0 0.6889635416666666 0.5329907407407407 0.03271354166666664 0.06369444444444441
0 0.6293958333333334 0.20833333333333334 0.03366145833333339 0.06179629629629631
0 0.463625 0.1496296296296296 0.03476041666666667 0.05270370370370372
0 0.5283229166666666 0.2471759259259259 0.03210416666666672 0.0535185185185185
0 0.7749010416666666 0.41059259259259256 0.03671354166666655 0.04234259259259261
0 0.1774895833333333 0.1086111111111111 0.02975520833333333 0.06646296296296296
0 0.5322291666666666 0.09906481481481481 0.027177083333333366 0.06109259259259258
0 0.16711458333333334 0.5698796296296297 0.04162499999999998 0.05642592592592598
0 0.8447291666666668 0.3200925925925926 0.03448437500000002 0.04730555555555559
0 0.5268541666666666 0.3884537037037037 0.027223958333333322 0.07085185185185183
0 0.826171875 0.25715740740740745 0.03759895833333336 0.05514814814814813
0 0.2915052083333334 0.33593518518518517 0.026151041666666687 0.06223148148148151
0 0.92578125 0.3713148148148148 0.023729166666666638 0.057398148148148156
0 0.29394791666666664 0.08832407407407407 0.021041666666666715 0.06787037037037036
0 0.2521979166666667 0.15983333333333333 0.022244791666666687 0.06889814814814813
0 0.5532239583333334 0.3268240740740741 0.03378125000000007 0.04747222222222221
0 0.84765625 0.477 0.039796874999999926 0.04785185185185186
0 0.223265625 0.31792592592592595 0.024229166666666656 0.062009259259259285
0 0.7197291666666668 0.2019351851851852 0.028104166666666687 0.06510185185185186
0 0.0989375 0.23502777777777775 0.026552083333333344 0.06711111111111111
0 0.3911145833333334 0.32487037037037036 0.026609374999999956 0.06993518518518516
0 0.8173854166666668 0.6740462962962963 0.03823958333333337 0.037351851851851775
0 0.7983385416666666 0.6141481481481481 0.04193229166666678 0.03399074074074077
0 0.21008333333333334 0.12228703703703703 0.023072916666666644 0.06412962962962962
0 0.259265625 0.26045370370370374 0.03988541666666669 0.06264814814814812
0 0.45434375 0.43250925925925926 0.032895833333333374 0.05951851851851849
0 0.3459479166666667 0.5099814814814815 0.03671354166666667 0.052000000000000074
0 0.3864739583333333 0.39410185185185187 0.02908333333333329 0.0629351851851852
0 0.22802604166666668 0.5842037037037038 0.039854166666666656 0.05311111111111102
0 0.5014635416666666 0.12012037037037036 0.032468749999999956 0.05200000000000001
0 0.271484375 0.1331388888888889 0.020494791666666647 0.06662037037037036
0 0.4904791666666667 0.6705740740740741 0.03015104166666672 0.061907407407407314
0 0.8969739583333334 0.2033425925925926 0.03738541666666677 0.039249999999999986
0 0.43066666666666664 0.33463888888888893 0.03802604166666666 0.051435185185185146
0 0.3198229166666666 0.0700925925925926 0.019302083333333307 0.06798148148148148
0 0.28515625 0.4578981481481481 0.023604166666666634 0.06711111111111112
0 0.8740260416666668 0.6284722222222222 0.03683333333333323 0.04291666666666658
0 0.19104166666666667 0.6427962962962963 0.035062500000000024 0.0572962962962964
0 0.250734375 0.08946296296296297 0.022291666666666644 0.06390740740740739
0 0.57421875 0.21083333333333332 0.02169791666666659 0.07312962962962964
0 0.23230208333333333 0.1686203703703704 0.018906249999999975 0.07085185185185183
0 0.3735364583333334 0.22960185185185186 0.0375364583333333 0.04031481481481483
0 0.880859375 0.5551203703703703 0.028703125000000065 0.060277777777777694
0 0.8256822916666666 0.7595462962962962 0.03185937500000004 0.06119444444444437
0 0.65234375 0.2975277777777778 0.03500520833333335 0.043999999999999984
0 0.7680677083333334 0.22569444444444445 0.0225833333333334 0.06575925925925924
0 0.689453125 0.7851574074074075 0.03823958333333337 0.06060185185185189
0 0.5405260416666666 0.5355925925925926 0.03533854166666662 0.049425925925926026
0 0.12420833333333332 0.4639722222222221 0.03277604166666667 0.06477777777777775
0 0.5947291666666668 0.6263055555555556 0.026656249999999916 0.06684259259259265
0 0.7719739583333334 0.15625 0.031083333333333248 0.06711111111111112
0 0.5913072916666666 0.2877592592592592 0.03671354166666655 0.04259259259259259
0 0.6245104166666666 0.04475925925925926 0.023515625000000047 0.06760185185185184
0 0.259765625 0.42621296296296296 0.02271874999999997 0.06851851851851852
0 0.1462395833333333 0.03930555555555556 0.027526041666666678 0.056101851851851854
0 0.4089375 0.4518240740740741 0.03185937500000004 0.05452777777777782
0 0.6645520833333334 0.22049074074074074 0.022677083333333313 0.06982407407407404
0 0.5756822916666666 0.5182314814814816 0.03634895833333331 0.05007407407407401
0 0.14660416666666667 0.35221296296296295 0.036161458333333354 0.043074074074074056
0 0.3989270833333334 0.5967870370370371 0.03302083333333338 0.05610185185185178
0 0.3635260416666667 0.3200925925925926 0.019682291666666647 0.06450925925925922
0 0.5610364583333334 0.16797222222222222 0.019500000000000028 0.06824999999999998
0 0.5024427083333334 0.43186111111111114 0.026197916666666644 0.06380555555555553
0 0.62109375 0.46787962962962965 0.032229166666666725 0.052222222222222205
0 0.14245833333333333 0.1618888888888889 0.018984375000000008 0.06526851851851853
0 0.29394791666666664 0.5464444444444444 0.025802083333333316 0.061907407407407314
0 0.32690625 0.3819444444444444 0.030854166666666672 0.05962037037037036
0 0.7133802083333334 0.1060648148148148 0.03167708333333342 0.06352777777777777
0 0.6884791666666668 0.11621296296296296 0.02229166666666676 0.06900925925925926
0 0.1796875 0.3845462962962963 0.04409895833333331 0.03670370370370369
0 0.87890625 0.6770833333333334 0.037901041666666656 0.06390740740740739
0 0.9306666666666668 0.5238703703703703 0.042234375000000074 0.04359259259259252
0 0.443359375 0.28146296296296297 0.019010416666666665 0.06477777777777781
0 0.3620625 0.08045370370370371 0.01964062500000002 0.06646296296296296
0 0.48046875 0.36262962962962964 0.03561458333333339 0.04502777777777777
0 0.147828125 0.21159259259259264 0.03875520833333332 0.05094444444444445
0 0.6616197916666666 0.7170185185185185 0.031083333333333248 0.05319444444444449
0 0.24939062500000003 0.3474351851851852 0.037901041666666684 0.04038888888888889
0 0.380125 0.5759537037037037 0.03494270833333329 0.06076851851851862
0 0.12597916666666667 0.06462037037037037 0.024473958333333337 0.07085185185185186
0 0.06756770833333332 0.3142407407407407 0.03561458333333333 0.05566666666666667
0 0.1638177083333333 0.12564814814814815 0.026151041666666687 0.06787037037037039
0 0.513671875 0.5755185185185184 0.03384375000000001 0.05007407407407401
0 0.7104479166666666 0.61675 0.025619791666666693 0.06982407407407415
0 0.374265625 0.4531296296296296 0.03359895833333333 0.053416666666666716
0 0.5678697916666666 0.06836111111111111 0.038328125000000074 0.05794444444444445
0 0.8671875 0.19 0.03811458333333325 0.055259259259259265
0 0.9370104166666666 0.6015648148148148 0.030958333333333362 0.06559259259259252
0 0.8828125 0.44249074074074074 0.028213541666666706 0.06798148148148149
0 0.08758333333333333 0.63325 0.026151041666666656 0.07221296296296296
0 0.4633802083333334 0.07437962962962963 0.023145833333333362 0.06320370370370372
0 0.9809583333333334 0.4518240740740741 0.03338541666666662 0.0526018518518518
0 0.6215833333333334 0.3125 0.020140625000000037 0.06662037037037041
0 0.7392604166666668 0.05422222222222223 0.023770833333333265 0.06737962962962961
0 0.3735364583333334 0.14203703703703704 0.019760416666666693 0.07693518518518518
0 0.904296875 0.4848055555555556 0.03643750000000002 0.033750000000000044
0 0.17785416666666667 0.2847222222222222 0.04595833333333334 0.04649074074074078
0 0.4528802083333333 0.5577222222222222 0.01964062500000002 0.06537962962962954
0 0.5493177083333334 0.7152777777777778 0.033140625000000055 0.05525925925925932
0 0.07342708333333332 0.3537314814814815 0.04193229166666666 0.06684259259259265
0 0.349609375 0.028481481481481483 0.030854166666666672 0.05433333333333333
0 0.5180677083333334 0.636287037037037 0.022718749999999944 0.06673148148148142
0 0.35034375 0.4357685185185185 0.02442708333333338 0.0628240740740741
0 0.42285416666666664 0.5021666666666667 0.03253125000000002 0.05319444444444449
0 0.421140625 0.2621574074074074 0.03378124999999995 0.03887037037037039
0 0.5947291666666668 0.7144074074074074 0.03454687499999996 0.04820370370370365
0 0.1447760416666667 0.7105 0.04663020833333332 0.056962962962962944
0 0.8901354166666666 0.78125 0.03891145833333335 0.038712962962962914
0 0.4243177083333334 0.3663240740740741 0.03540104166666668 0.05319444444444449
0 0.4975572916666666 0.03784259259259258 0.033322916666666674 0.06293518518518518
0 0.861328125 0.09814814814814815 0.04077083333333344 0.046222222222222234
0 0.9770520833333334 0.5386296296296297 0.023864583333333418 0.0651018518518518
0 0.27246354166666664 0.6154537037037038 0.025713541666666638 0.06836111111111104
0 0.89453125 0.2621574074074074 0.03548958333333327 0.059027777777777776
0 0.46777604166666664 0.3997407407407408 0.03643750000000002 0.041722222222222174
0 0.7446302083333334 0.15375 0.02033854166666676 0.06787037037037039
0 0.021791666666666668 0.4991296296296296 0.04357812500000001 0.051435185185185146
0 0.03607291666666667 0.10801851851851851 0.03366145833333333 0.06342592592592593
0 0.845703125 0.8246574074074075 0.02504166666666663 0.06462037037037034
0 0.013276041666666663 0.40190740740740744 0.024885416666666667 0.06825000000000003
0 0.2213125 0.6458333333333334 0.03402604166666669 0.06109259259259261
0 0.970703125 0.3300740740740741 0.021776041666666638 0.062333333333333275
0 0.4606927083333333 0.5017407407407407 0.037473958333333356 0.03849074074074068
0 0.14294270833333333 0.4068981481481481 0.03854166666666667 0.05170370370370373
0 0.5434583333333334 0.15375 0.017776041666666725 0.06390740740740739
0 0.104859375 0.4121111111111111 0.035890625000000016 0.05631481481481486
0 0.13122395833333333 0.26172222222222224 0.04296875 0.04885185185185184
0 0.9814479166666668 0.264537037037037 0.022322916666666734 0.06635185185185183
0 0.9878333333333333 0.37348148148148147 0.02432812500000002 0.05962037037037036
0 0.037473958333333335 0.7686666666666666 0.042234375000000005 0.0651018518518518
0 0.3942864583333333 0.4947962962962963 0.03616145833333337 0.03798148148148146
0 0.3286145833333334 0.4839444444444444 0.039182291666666674 0.04187962962962965
0 0.11102083333333333 0.542537037037037 0.039552083333333335 0.046416666666666766
0 0.4040520833333333 0.6701388888888888 0.03927604166666671 0.03740740740740749
0 0.21863020833333333 0.3708796296296296 0.03192187499999998 0.03993518518518518
0 0.02236979166666667 0.17719444444444446 0.03234895833333333 0.06510185185185186
0 0.6796875 0.6219629629629629 0.027328124999999894 0.06087037037037038
0 0.8588854166666666 0.5577222222222222 0.02769270833333337 0.06109259259259261
0 0.9604479166666666 0.39084259259259263 0.021578124999999913 0.06412962962962962
0 0.3046875 0.4557314814814815 0.019270833333333334 0.06320370370370375
0 0.8540052083333334 0.5151944444444444 0.03454687499999996 0.05222222222222231
0 0.24963541666666667 0.6523425925925925 0.024994791666666672 0.06586111111111122
0 0.5366197916666666 0.04155555555555556 0.022203125000000056 0.0639074074074074
0 0.085390625 0.7066018518518519 0.033140625 0.06537962962962954
0 0.9580104166666668 0.23719444444444446 0.030671874999999935 0.06510185185185188
0 0.17041145833333332 0.519962962962963 0.04061979166666667 0.05026851851851848
0 0.086484375 0.4583333333333333 0.030276041666666663 0.06500000000000004
0 0.9370104166666666 0.24935185185185185 0.03359895833333345 0.05132407407407406
0 0.04699479166666667 0.7213518518518518 0.04177604166666667 0.0642870370370371
0 0.2028802083333333 0.4735277777777778 0.03839062500000002 0.04668518518518515
0 0.2885729166666666 0.6354166666666666 0.021364583333333322 0.06944444444444445
0 0.149171875 0.7990462962962963 0.032531250000000005 0.06049074074074067
0 0.7963854166666666 0.8502592592592593 0.03390624999999995 0.0588148148148148
0 0.12890625 0.6141481481481481 0.02920312500000001 0.05686111111111119
0 0.36840625 0.5460092592592594 0.022718749999999944 0.06798148148148155
0 0.3671875 0.6927129629629629 0.035276041666666674 0.05576851851851854
0 0.9885625 0.6041666666666666 0.022875000000000038 0.0614166666666666
0 0.18957291666666667 0.34591666666666665 0.03515625 0.044842592592592545
0 0.4631354166666667 0.6258703703703704 0.020020833333333363 0.06722222222222214
0 0.1447760416666667 0.6627592592592593 0.04138020833333334 0.04527777777777786
0 0.03881770833333333 0.6597222222222222 0.022463541666666663 0.07221296296296296
0 0.5454114583333334 0.8194444444444444 0.035062500000000024 0.052000000000000074
0 0.5395520833333334 0.7760462962962963 0.03533854166666662 0.045712962962962865
0 0.984375 0.6857685185185185 0.025421874999999972 0.065861111111111
0 0.12744270833333332 0.8506944444444444 0.04208333333333333 0.05112962962962966
0 0.03210416666666667 0.5629351851851853 0.04510416666666666 0.03813888888888894
0 0.07666145833333333 0.82075 0.04223437500000001 0.05015740740740748
0 0.9438489583333334 0.34982407407407407 0.018984374999999904 0.06673148148148153
0 0.5776354166666666 0.5941851851851853 0.020963541666666665 0.07020370370370364
0 0.9350572916666666 0.04695370370370371 0.03482291666666673 0.05075000000000001
0 0.251953125 0.855037037037037 0.03817708333333331 0.06412962962962962
0 0.6000989583333334 0.57075 0.02293229166666677 0.05251851851851854
0 0.6616197916666666 0.032416666666666656 0.022843750000000065 0.059953703703703703
0 0.73046875 0.29318518518518516 0.018020833333333285 0.06152777777777782
0 0.71484375 0.019296296296296298 0.03125 0.03849074074074074
0 0.05865625 0.44575000000000004 0.02947916666666667 0.07204629629629634
0 0.156984375 0.7391481481481481 0.04193229166666666 0.04793518518518517
0 0.014671875000000001 0.07568518518518517 0.025421875 0.06320370370370372
0 0.4340833333333334 0.5802962962962963 0.017442708333333338 0.0654814814814815
0 0.029145833333333336 0.42339814814814813 0.02369791666666667 0.06889814814814813
0 0.4975572916666666 0.724388888888889 0.03378124999999995 0.038712962962962914
0 0.42285416666666664 0.756074074074074 0.03338541666666662 0.05433333333333339
0 0.49316666666666664 0.8632777777777778 0.03347916666666665 0.054009259259259194
0 0.462890625 0.8337685185185185 0.03302083333333338 0.06477777777777781
0 0.4436041666666667 0.78125 0.023286458333333353 0.06927777777777772
0 0.274171875 0.8923611111111112 0.040468750000000026 0.04912962962962958
0 0.4194322916666666 0.8072962962962963 0.03661979166666664 0.03887037037037039
0 0.8994166666666668 0.6844629629629629 0.02848958333333324 0.06282407407407399
0 0.4938958333333333 0.2992592592592592 0.017989583333333316 0.06526851851851853
0 0.9209010416666668 0.6918425925925926 0.022843750000000065 0.07437962962962956
0 0.919921875 0.636287037037037 0.04663020833333344 0.06879629629629626
0 0.5952135416666666 0.787324074074074 0.025083333333333256 0.06087037037037038
0 0.13403125 0.8958333333333334 0.04147395833333333 0.044435185185185196
0 0.011640625 0.3224814814814815 0.023192708333333333 0.06450925925925922
0 0.21081770833333333 0.8984351851851852 0.04272395833333332 0.043999999999999984
0 0.5092760416666666 0.8967037037037038 0.032041666666666656 0.0588148148148148
0 0.6982447916666668 0.8958333333333334 0.03454687499999996 0.058703703703703786
0 0.6176770833333334 0.8854166666666666 0.03649999999999996 0.05496296296296287
0 0.065125 0.6718796296296297 0.03768749999999999 0.048018518518518426
0 0.2229010416666667 0.0185 0.023817708333333344 0.03586111111111111
0 0.05117708333333334 0.05663888888888889 0.036833333333333336 0.05162037037037037
0 0.2526875 0.7912314814814815 0.04122916666666665 0.057398148148148156
0 0.22351041666666666 0.7391481481481481 0.04385416666666669 0.04543518518518513
0 0.9856874999999999 0.7864629629629629 0.02862500000000002 0.06352777777777768
0 0.09588541666666667 0.4843796296296296 0.030854166666666672 0.06320370370370369
0 0.219484375 0.8515648148148148 0.035276041666666674 0.04885185185185184
0 0.047151041666666664 0.8663240740740741 0.03283854166666667 0.08246296296296292
0 0.08587499999999999 0.8867222222222222 0.028062499999999997 0.0629351851851852
0 0.55078125 0.015851851851851853 0.03372395833333333 0.031490740740740736
0 0.2973645833333334 0.2465277777777778 0.02059895833333331 0.04858333333333336
0 0.428953125 0.8615462962962963 0.04025520833333331 0.05112962962962966
0 0.3139635416666666 0.02185185185185185 0.03390624999999995 0.043425925925925916
0 0.15576041666666668 0.014064814814814815 0.03418229166666666 0.02812962962962963
0 0.016854166666666667 0.8776018518518518 0.03370833333333333 0.05485185185185186
0 0.1838385416666667 0.017592592592592594 0.022718750000000003 0.033037037037037045
0 0.94140625 0.8941018518518519 0.03891145833333335 0.04980555555555552
0 0.2578125 0.5633703703703704 0.030333333333333337 0.04234259259259261
0 0.00790625 0.7261296296296297 0.01530208333333333 0.07551851851851847
0 0.9765625 0.9166666666666666 0.02474999999999999 0.06488888888888882
0 0.9765625 0.4930555555555556 0.026000000000000037 0.03691666666666656
0 0.405515625 0.9366296296296296 0.03845312499999996 0.03399074074074077
0 0.018020833333333333 0.917537037037037 0.03548958333333333 0.04234259259259261
0 0.00978125 0.021675925925925925 0.019010416666666665 0.04000925925925926
0 0.4555677083333334 0.9765648148148148 0.03601041666666672 0.03393518518518527
0 0.4040520833333333 0.9809074074074076 0.034421874999999956 0.027944444444444293
0 0.5112291666666666 0.4865462962962963 0.020692708333333344 0.043999999999999984
0 0.5405260416666666 0.9479166666666666 0.034182291666666725 0.05718518518518528
0 0.6372083333333334 0.9826388888888888 0.025953124999999962 0.029157407407407205
0 0.34496875 0.9453148148148148 0.03634895833333331 0.05984259259259269
0 0.4868177083333334 0.956601851851852 0.030624999999999975 0.0654814814814814
0 0.6704114583333334 0.9592037037037038 0.023104166666666735 0.07128703703703694
0 0.1664635416666667 0.4701666666666666 0.04820312499999998 0.045268518518518555
0 0.06951041666666667 0.5020555555555556 0.03138020833333333 0.08436111111111107
0 0.110609375 0.3312777777777777 0.044130208333333344 0.06996296296296291
0 0.4387916666666667 0.12705555555555556 0.03383854166666668 0.06275925925925928
0 0.45008333333333334 0.09207407407407407 0.035578124999999974 0.060703703703703704
0 0.44458333333333333 0.024175925925925927 0.035000000000000024 0.048351851851851854
0 0.9704322916666667 0.13477777777777777 0.031145833333333428 0.09670370370370371
0 0.3764635416666666 0.980037037037037 0.024338541666666675 0.03545370370370367
0 0.4533697916666667 0.9210092592592594 0.022291666666666644 0.0625
0 0.9342604166666667 0.10750925925925926 0.0317135416666666 0.06687037037037037
0 0.8940416666666666 0.09705555555555555 0.03775000000000001 0.03900925925925926
0 0.9013697916666668 0.04685185185185185 0.03891145833333335 0.04155555555555557
0 0.34618229166666664 0.3827129629629629 0.039588541666666664 0.04937962962962967
0 0.22088541666666667 0.2695370370370371 0.01970833333333335 0.025870370370370422
0 0.476375 0.04923148148148148 0.019583333333333286 0.07599074074074073
0 0.42905208333333333 0.41748148148148145 0.014505208333333287 0.03282407407407412
0 0.13393750000000001 0.518351851851852 0.03308854166666665 0.05587037037037029
0 0.32464583333333336 0.4430925925925926 0.02322395833333329 0.0551111111111111
0 0.5577864583333334 0.1021851851851852 0.021328124999999906 0.06319444444444446
0 0.8950208333333334 0.0056851851851851855 0.01384895833333341 0.01100925925925926
0 0.9914531249999999 0.2099814814814815 0.017088541666666637 0.03262037037037039
0 0.99746875 0.1547962962962963 0.005057291666666686 0.02919444444444442
0 0.27574479166666666 0.30917592592592597 0.028151041666666644 0.05349074074074072