0 0.5327135416666666 0.6271666666666667 0.03277604166666664 0.059027777777777776
0 0.41284375 0.3220462962962963 0.029312499999999984 0.06233333333333338
0 0.4819322916666666 0.34938888888888886 0.032895833333333374 0.055361111111111076
0 0.5854479166666666 0.28385185185185186 0.028062500000000056 0.06130555555555559
0 0.5336927083333334 0.3893240740740741 0.033140625000000055 0.05815740740740736
0 0.5844739583333334 0.4518240740740741 0.027265624999999953 0.0551481481481481
0 0.4982916666666667 0.5885462962962963 0.031020833333333307 0.057944444444444375
0 0.4672864583333334 0.519962962962963 0.025468750000000047 0.06401851851851861
0 0.6538072916666666 0.5191018518518519 0.027953125000000037 0.062009259259259285
0 0.3005364583333333 0.2437037037037037 0.033203125 0.05251851851851854
0 0.5107447916666666 0.3014351851851852 0.02908333333333329 0.05229629629629631
0 0.9233385416666666 0.6892407407407407 0.03277604166666658 0.051027777777777686
0 0.529296875 0.24891666666666665 0.03372395833333333 0.0582685185185185
0 0.5952135416666666 0.5047777777777778 0.032895833333333256 0.047388888888888946
0 0.3510729166666666 0.5 0.031083333333333366 0.055037037037037086
0 0.41504166666666664 0.4943611111111111 0.03643750000000002 0.041018518518518475
0 0.3166510416666667 0.20649074074074072 0.03271354166666664 0.059731481481481476
0 0.369875 0.317712962962963 0.02116145833333339 0.06737962962962961
0 0.5341822916666668 0.5243055555555556 0.029708333333333316 0.06597222222222222
0 0.7211927083333334 0.4479166666666667 0.03643750000000002 0.039092592592592616
0 0.5688489583333334 0.3858518518518519 0.025468750000000047 0.06879629629629626
0 0.4025885416666667 0.2182037037037037 0.026151041666666687 0.0661388888888889
0 0.3791510416666667 0.5134537037037037 0.037901041666666656 0.03691666666666656
0 0.7353541666666668 0.67925 0.02975520833333339 0.058055555555555596
0 0.5087916666666666 0.5308148148148147 0.03573437499999995 0.048398148148148135
0 0.662109375 0.4270833333333333 0.03540104166666656 0.04801851851851853
0 0.6084010416666668 0.3988703703703703 0.03781249999999995 0.04234259259259261
0 0.6206041666666666 0.2480462962962963 0.02975520833333339 0.0483148148148148
0 0.7119166666666668 0.38737037037037036 0.026000000000000037 0.06130555555555559
0 0.482421875 0.45051851851851854 0.020692708333333344 0.06684259259259254
0 0.3381354166666667 0.5729166666666666 0.03811458333333337 0.03895370370370364
0 0.13427604166666668 0.2818981481481481 0.029249999999999984 0.06309259259259258
0 0.43847916666666664 0.27908333333333335 0.03454687499999996 0.05341666666666661
0 0.06793229166666667 0.5620648148148147 0.028015625000000002 0.06711111111111112
0 0.4829114583333334 0.30468518518518517 0.021989583333333347 0.058592592592592564
0 0.3806145833333333 0.7625833333333334 0.03049999999999997 0.05935185185185177
0 0.849609375 0.3986574074074074 0.03338541666666662 0.04847222222222224
0 0.109921875 0.3433148148148148 0.039640625000000006 0.050564814814814826
0 0.74609375 0.5156296296296297 0.03671354166666655 0.050370370370370454
0 0.525390625 0.43533333333333335 0.03589062499999998 0.03545370370370367
0 0.5219739583333334 0.1025925925925926 0.03210416666666666 0.06027777777777777
0 0.46215625 0.6284722222222222 0.021531249999999957 0.07058333333333335
0 0.6928697916666666 0.2712685185185185 0.03044270833333324 0.05951851851851849
0 0.6440416666666666 0.3085925925925926 0.02897395833333339 0.059731481481481476
0 0.3693854166666667 0.1991111111111111 0.023286458333333353 0.07139814814814816
0 0.4372552083333333 0.4743888888888889 0.023468749999999972 0.06684259259259265
0 0.19396875 0.22764814814814816 0.030624999999999975 0.06673148148148145
0 0.57421875 0.20941666666666667 0.020796874999999916 0.07373148148148151
0 0.7192395833333334 0.6267407407407407 0.020692708333333344 0.06282407407407399
0 0.5786145833333334 0.5898425925925925 0.03366145833333339 0.04225925925925935
0 0.051666666666666666 0.24826851851851853 0.03634895833333333 0.055472222222222194
0 0.22802604166666668 0.1880462962962963 0.03015104166666666 0.06130555555555554
0 0.6010729166666666 0.573787037037037 0.022244791666666687 0.05848148148148156
0 0.6064479166666668 0.7521666666666667 0.03869791666666676 0.03954629629629633
0 0.2683125 0.34917592592592595 0.034421874999999984 0.0526018518518518
0 0.2561041666666667 0.2673611111111111 0.03970312500000001 0.038657407407407404
0 0.6684583333333334 0.35156481481481483 0.026854166666666637 0.07009259259259264
0 0.163453125 0.12435185185185187 0.026260416666666644 0.07166666666666666
0 0.6538072916666666 0.6267407407407407 0.020890625000000065 0.06646296296296293
0 0.08898958333333334 0.23632407407407405 0.033781250000000006 0.05924074074074073
0 0.5483385416666666 0.06168518518518519 0.02619791666666676 0.06119444444444445
0 0.392578125 0.650611111111111 0.027479166666666662 0.06646296296296293
0 0.3811041666666667 0.5711851851851851 0.021989583333333347 0.06836111111111104
0 0.254640625 0.20789814814814814 0.0317395833333333 0.05642592592592592
0 0.3461927083333334 0.7148425925925925 0.03768749999999995 0.04885185185185184
0 0.38940625 0.45963888888888893 0.03683333333333335 0.04712037037037036
0 0.5620104166666666 0.16949074074074075 0.01854166666666662 0.06662037037037036
0 0.38940625 0.06168518518518519 0.025619791666666693 0.06624074074074075
0 0.041838541666666666 0.5047777777777778 0.04830729166666667 0.04383333333333326
0 0.2849114583333333 0.16687962962962963 0.028213541666666706 0.06862962962962964
0 0.04311979166666667 0.4108055555555556 0.023604166666666662 0.06700000000000002
0 0.8671875 0.3513425925925926 0.03460937499999991 0.05319444444444449
0 0.31152604166666664 0.3027314814814815 0.03775000000000001 0.040611111111111126
0 0.2915052083333334 0.33701851851851855 0.03402604166666663 0.058481481481481454
0 0.2946770833333333 0.09185185185185185 0.026109375000000056 0.06711111111111111
0 0.4956041666666666 0.648 0.033265624999999945 0.030759259259259285
0 0.24011458333333333 0.3572037037037037 0.023911458333333316 0.0642870370370371
0 0.37207291666666664 0.6171851851851852 0.03964062499999995 0.037055555555555536
0 0.6655260416666666 0.2205925925925926 0.022677083333333313 0.06889814814814813
0 0.9345729166666668 0.5816018518518519 0.02947916666666662 0.0625
0 0.199953125 0.1499537037037037 0.026609375000000015 0.06749074074074073
0 0.208984375 0.5221388888888888 0.023697916666666666 0.06390740740740739
0 0.2478020833333333 0.6627592592592593 0.03271354166666664 0.05620370370370375
0 0.20348958333333333 0.605037037037037 0.027739583333333328 0.06369444444444441
0 0.4724114583333333 0.21929629629629627 0.020447916666666663 0.06179629629629628
0 0.33105729166666664 0.6441018518518519 0.03964062499999995 0.046064814814814815
0 0.7163072916666666 0.7855925925925926 0.023958333333333335 0.06212037037037029
0 0.8188489583333334 0.8072962962962963 0.02706770833333323 0.06597222222222222
0 0.7763697916666668 0.16156481481481483 0.020291666666666687 0.0691759259259259
0 0.556640625 0.496962962962963 0.023911458333333257 0.07047222222222219
0 0.9682604166666666 0.5594629629629629 0.0321041666666666 0.059731481481481476
0 0.2731927083333333 0.5034722222222222 0.023145833333333362 0.06500000000000004
0 0.6352552083333334 0.17437037037037037 0.019088541666666715 0.0742685185185185
0 0.149171875 0.0738425925925926 0.03079166666666667 0.06087037037037038
0 0.6611354166666668 0.7986111111111112 0.03811458333333325 0.03813888888888894
0 0.3530260416666666 0.4173148148148148 0.037901041666666656 0.03740740740740739
0 0.6884791666666668 0.11621296296296296 0.023697916666666666 0.07047222222222221
0 0.875 0.8211851851851851 0.028869791666666582 0.058592592592592564
0 0.040010416666666666 0.6610277777777778 0.02427604166666667 0.07047222222222213
0 0.4079583333333333 0.7465277777777778 0.029588541666666638 0.05485185185185186
0 0.9252916666666666 0.8589444444444444 0.036989583333333326 0.05132407407407413
0 0.201171875 0.0835462962962963 0.03634895833333331 0.047472222222222235
0 0.5966822916666668 0.7139722222222222 0.037109375 0.04847222222222214
0 0.41699479166666664 0.6662314814814815 0.025802083333333316 0.06955555555555545
0 0.10504166666666667 0.5677129629629629 0.04046874999999999 0.04061111111111102
0 0.8559583333333334 0.5607685185185185 0.024994791666666554 0.057074074074074166
0 0.020963541666666665 0.40755555555555556 0.024046875000000002 0.06955555555555556
0 0.40136979166666664 0.5607685185185185 0.020890624999999947 0.06955555555555566
0 0.08416666666666667 0.6358518518518519 0.025421875 0.07221296296296296
0 0.7495104166666666 0.18250925925925926 0.018098958333333335 0.0661388888888889
0 0.25293229166666664 0.5273425925925925 0.027067708333333346 0.06380555555555563
0 0.9697291666666668 0.6788240740740741 0.031369791666666674 0.0654814814814815
0 0.23522916666666666 0.6032962962962962 0.04162499999999998 0.04961111111111104
0 0.4333489583333333 0.3773888888888889 0.023911458333333375 0.06390740740740739
0 0.143796875 0.16395370370370368 0.01953125 0.06737962962962961
0 0.9663072916666666 0.4003888888888889 0.033140625000000055 0.049962962962962994
0 0.15441666666666667 0.5772592592592594 0.0375364583333333 0.06098148148148139
0 0.673828125 0.6032962962962962 0.018369791666666656 0.06390740740740739
0 0.34082291666666664 0.09477777777777778 0.019838541666666622 0.07194444444444446
0 0.880859375 0.4392407407407407 0.02194270833333339 0.06673148148148142
0 0.22033854166666667 0.4474814814814815 0.026609375000000015 0.06662037037037041
0 0.056640625 0.630638888888889 0.030729166666666665 0.06889814814814822
0 0.4455572916666667 0.09287962962962963 0.019270833333333334 0.07156481481481483
0 0.9350572916666666 0.7721388888888888 0.04193229166666678 0.042666666666666596
0 0.9204114583333334 0.525175925925926 0.03927604166666659 0.04543518518518513
0 0.4184583333333334 0.12412962962962963 0.018828125000000046 0.07232407407407408
0 0.6181666666666668 0.8867222222222222 0.035276041666666674 0.057074074074074166
0 0.8481458333333334 0.7256944444444444 0.037109375 0.055361111111111076
0 0.11377083333333333 0.20117592592592592 0.024520833333333325 0.07400000000000001
0 0.7993177083333334 0.8446203703703704 0.03649999999999996 0.04250925925925934
0 0.26171875 0.12435185185185187 0.02140624999999998 0.0658611111111111
0 0.249265625 0.09337037037037037 0.021088541666666672 0.062231481481481464
0 0.947265625 0.29730555555555555 0.03671354166666655 0.04359259259259263
0 0.8803697916666666 0.6848981481481482 0.03933854166666677 0.0419629629629629
0 0.2595208333333333 0.4316388888888889 0.021119791666666644 0.07139814814814816
0 0.2751458333333333 0.650611111111111 0.024656249999999987 0.06526851851851853
0 0.8247083333333334 0.6753518518518519 0.03955208333333336 0.036074074074074106
0 0.46191666666666664 0.06510185185185186 0.01843229166666672 0.06879629629629631
0 0.475828125 0.03775925925925926 0.019682291666666647 0.06548148148148147
0 0.7602552083333334 0.2452222222222222 0.03179687500000009 0.049888888888888885
0 0.5415052083333334 0.1499537037037037 0.017911458333333328 0.06646296296296295
0 0.31933854166666664 0.051916666666666667 0.019500000000000028 0.061092592592592594
0 0.6357447916666668 0.04758333333333333 0.033322916666666674 0.05132407407407408
0 0.904296875 0.2955740740740741 0.04147395833333339 0.04047222222222226
0 0.5107447916666666 0.4765648148148149 0.019380208333333353 0.05924074074074076
0 0.9052760416666668 0.4809074074074074 0.039796874999999926 0.040064814814814796
0 0.15869270833333332 0.8537314814814815 0.03738541666666665 0.05281481481481478
0 0.7309583333333334 0.2921018518518519 0.02084374999999999 0.06261111111111112
0 0.8427760416666668 0.3224814814814815 0.027374999999999972 0.06526851851851853
0 0.07080208333333333 0.8428796296296296 0.03832812500000001 0.05270370370370377
0 0.106875 0.4101574074074074 0.03567708333333333 0.05794444444444448
0 0.8779322916666668 0.6349814814814815 0.02908333333333341 0.05351851851851848
0 0.2165520833333333 0.27235185185185184 0.03521875 0.03993518518518518
0 0.36596875 0.9045185185185185 0.02908333333333329 0.058592592592592564
0 0.483640625 0.7526018518518518 0.028276041666666647 0.06646296296296293
0 0.12042187499999998 0.04432407407407407 0.02701041666666666 0.06917592592592592
0 0.8032239583333334 0.3153240740740741 0.04434374999999993 0.03504629629629632
0 0.9389635416666666 0.6241296296296296 0.03448437500000002 0.07047222222222213
0 0.18127604166666667 0.5976574074074075 0.023374999999999996 0.06722222222222214
0 0.36059375 0.07612037037037037 0.020093749999999962 0.06927777777777777
0 0.2866197916666666 0.4604999999999999 0.026505208333333384 0.06965740740740738
0 0.5375989583333334 0.7656296296296297 0.021776041666666638 0.06900925925925923
0 0.12158333333333333 0.4631111111111111 0.03216666666666666 0.06526851851851848
0 0.8310572916666668 0.6258703703703704 0.021333333333333353 0.06537962962962954
0 0.3046875 0.3934444444444445 0.032838541666666644 0.03993518518518518
0 0.9529010416666667 0.21125 0.022843750000000065 0.0683611111111111
0 0.4255364583333333 0.028481481481481483 0.027067708333333346 0.05587962962962963
0 0.30176041666666664 0.662324074074074 0.031557291666666626 0.06439814814814811
0 0.96484375 0.35156481481481483 0.02517708333333341 0.05794444444444448
0 0.128296875 0.6631944444444444 0.02606250000000001 0.07047222222222213
0 0.149171875 0.2252592592592593 0.028593749999999987 0.06401851851851853
0 0.72265625 0.19607407407407407 0.03622395833333343 0.05382407407407407
0 0.7944322916666666 0.2545555555555556 0.025557291666666752 0.06798148148148148
0 0.18115104166666668 0.39019444444444445 0.04336458333333333 0.04093518518518522
0 0.16699479166666667 0.5264722222222222 0.039427083333333356 0.060379629629629665
0 0.2321770833333333 0.7157129629629629 0.04223437500000002 0.04180555555555564
0 0.5166041666666666 0.0748148148148148 0.032838541666666644 0.04774074074074074
0 0.9790052083333334 0.43186111111111114 0.03616145833333325 0.04587037037037034
0 0.11554166666666667 0.6176203703703703 0.033906249999999985 0.06450925925925932
0 0.826171875 0.2608518518518519 0.03845312499999996 0.05319444444444446
0 0.32129166666666664 0.7495648148148147 0.04360937500000001 0.03925000000000009
0 0.151125 0.650611111111111 0.025666666666666654 0.07166666666666675
0 0.112609375 0.7005185185185184 0.039552083333333335 0.043425925925926014
0 0.8681666666666668 0.19237962962962965 0.03768750000000007 0.056101851851851826
0 0.172484375 0.03083333333333333 0.026963541666666656 0.06165740740740741
0 0.10052604166666666 0.48741666666666666 0.026609375000000015 0.06016666666666668
0 0.9868177083333334 0.32855555555555555 0.02493229166666661 0.05707407407407406
0 0.06347916666666667 0.32769444444444445 0.03891145833333332 0.06016666666666668
0 0.229734375 0.5247407407407407 0.021364583333333322 0.06412962962962962
0 0.9409166666666666 0.8967037037037038 0.03817708333333343 0.04204629629629637
0 0.29980729166666664 0.031629629629629626 0.019791666666666666 0.06325925925925925
0 0.46875 0.8697962962962963 0.03683333333333335 0.058592592592592564
0 0.5571302083333334 0.10980555555555556 0.020067708333333437 0.051129629629629615
0 0.08166666666666668 0.4635462962962963 0.03607291666666666 0.07009259259259264
0 0.04016145833333333 0.7656296296296297 0.04434375000000001 0.06087037037037038
0 0.049041666666666664 0.8663240740740741 0.03167708333333333 0.06282407407407399
0 0.859375 0.4943611111111111 0.029817708333333335 0.06613888888888894
0 0.90234375 0.6080740740740741 0.02215624999999998 0.03916666666666663
0 0.18225 0.7903611111111112 0.023374999999999996 0.06889814814814822
0 0.22558854166666667 0.8138055555555556 0.02276562500000002 0.06737962962962961
0 0.3278802083333333 0.4440092592592592 0.031984375000000044 0.033231481481481466
0 0.888671875 0.2452222222222222 0.03759895833333336 0.04793518518518517
0 0.3002916666666666 0.8337685185185185 0.035276041666666674 0.07031481481481487
0 0.2553697916666666 0.8845462962962962 0.038541666666666634 0.0364351851851851
0 0.010208333333333335 0.32075000000000004 0.019609374999999995 0.0658611111111111
0 0.1545416666666667 0.7907962962962962 0.03347916666666665 0.06825000000000003
0 0.765625 0.8967037037037038 0.026765624999999935 0.05026851851851848
0 0.9545885416666666 0.11143518518518518 0.03265624999999991 0.050564814814814826
0 0.3869635416666667 0.9088518518518518 0.025468750000000047 0.06016666666666668
0 0.2932135416666667 0.5711851851851851 0.021619791666666662 0.057398148148148156
0 0.2692864583333333 0.7934074074074075 0.041322916666666654 0.05211111111111109
0 0.9594739583333334 0.06271296296296297 0.04138020833333324 0.04242592592592592
0 0.544921875 0.021027777777777777 0.02474999999999999 0.04204629629629629
0 0.323 0.16797222222222222 0.040468750000000026 0.04196296296296296
0 0.405515625 0.900175925925926 0.021989583333333347 0.05652777777777773
0 0.90625 0.04831481481481482 0.03149479166666656 0.04657407407407407
0 0.7236354166666668 0.9149351851851851 0.02194270833333339 0.06309259259259269
0 0.6640625 0.03174074074074074 0.023770833333333265 0.06293518518518518
0 0.1389166666666667 0.03247222222222222 0.019864583333333328 0.06152777777777778
0 0.07794270833333333 0.8958333333333334 0.03747395833333333 0.03925000000000009
0 0.7431666666666668 0.04598148148148148 0.031083333333333248 0.04172222222222222
0 0.22424479166666667 0.12814814814814815 0.034364583333333344 0.051129629629629615
0 0.556640625 0.9496574074074076 0.02276562500000002 0.06477777777777781
0 0.9770520833333334 0.9105925925925926 0.03033333333333322 0.06076851851851862
0 0.208375 0.8307314814814816 0.029479166666666678 0.05132407407407413
0 0.5747083333333334 0.9140648148148148 0.0167239583333334 0.05951851851851849
0 0.0678125 0.08946296296296297 0.036161458333333334 0.062231481481481464
0 0.8256822916666666 0.05503703703703704 0.03768750000000007 0.03792592592592593
0 0.44238541666666664 0.9357685185185184 0.03616145833333337 0.038870370370370284
0 0.3806145833333333 0.027861111111111114 0.018020833333333285 0.053009259259259256
0 0.323 0.8680555555555556 0.023026041666666684 0.07346296296296288
0 0.5029322916666666 0.8038240740740741 0.03185937500000004 0.06879629629629626
0 0.8486354166666668 0.04242592592592593 0.027739583333333446 0.05675000000000001
0 0.5302760416666668 0.9444444444444444 0.018369791666666715 0.054527777777777765
0 0.9861979166666667 0.09027777777777778 0.027604166666666666 0.041666666666666664
0 0.8735364583333334 0.02862037037037037 0.02833333333333338 0.0472037037037037
0 0.48535416666666664 0.9618055555555556 0.020723958333333313 0.06223148148148151
0 0.5034166666666666 0.957462962962963 0.02258333333333328 0.06109259259259261
0 0.1896979166666667 0.3474351851851852 0.04394791666666666 0.04668518518518515
0 0.007546875 0.7191851851851853 0.014333333333333333 0.0625
0 0.0313125 0.818138888888889 0.042083333333333334 0.0481203703703704
0 0.194703125 0.9236111111111112 0.03634895833333331 0.04774074074074069
0 0.44629166666666664 0.9045185185185185 0.03817708333333331 0.05083333333333342
0 0.054109375 0.056101851851851854 0.043703124999999995 0.048314814814814824
0 0.7133802083333334 0.012657407407407409 0.01658854166666662 0.02489814814814815
0 0.1545416666666667 0.9383703703703704 0.041078125 0.04543518518518523
0 0.03948958333333333 0.9817685185185184 0.03384375000000001 0.03452777777777775
0 0.3303229166666667 0.943574074074074 0.03661979166666664 0.0433518518518519
0 0.20788541666666666 0.014555555555555554 0.023770833333333328 0.028833333333333332
0 0.5825208333333334 0.011620370370370371 0.014333333333333325 0.02185185185185185
0 0.159421875 0.7291666666666666 0.04913541666666668 0.04484259259259265
0 0.04153645833333333 0.9201388888888888 0.022078124999999997 0.04578703703703708
0 0.39575 0.9696203703703704 0.03271354166666664 0.049962962962962994
0 0.38435416666666666 0.41483333333333333 0.023921875000000033 0.05097222222222218
0 0.4111822916666667 0.4456111111111111 0.02549479166666669 0.061592592592592574
0 0.429546875 0.4162222222222222 0.03878125000000002 0.0444907407407407
0 0.5044322916666667 0.22069444444444444 0.04011458333333332 0.046944444444444434
0 0.07270833333333333 0.3953981481481481 0.033437499999999995 0.06763888888888885
0 0.076875 0.5104074074074074 0.026145833333333326 0.043037037037037054
0 0.96975 0.14039814814814813 0.025442708333333286 0.06689814814814815
0 0.9915364583333334 0.22787037037037036 0.016927083333333332 0.04739814814814815
0 0.08394791666666666 0.36514814814814817 0.041604166666666664 0.06743518518518522
0 0.6314635416666667 0.364962962962963 0.042880208333333295 0.05563888888888892
0 0.00584375 0.2033425925925926 0.011375 0.025481481481481466
0 0.208984375 0.9758055555555555 0.03616145833333337 0.02045370370370384
0 0.44629166666666664 0.9730925925925926 0.02279687499999999 0.018500000000000016
0 0.4670416666666667 0.9794074074074074 0.02670312499999999 0.02480555555555552
0 0.07720833333333334 0.7539074074074075 0.020796875000000003 0.031740740740740715
0 0.9325625 0.24844444444444444 0.028786458333333324 0.04570370370370372
0 0.13686458333333332 0.5116111111111111 0.02438020833333332 0.05361111111111119
0 0.21628645833333332 0.36899074074074073 0.03424479166666667 0.04636111111111116
0 0.41779687499999996 0.25506481481481486 0.03736458333333334 0.035703703703703654
0 0.9210885416666666 0.06616666666666667 0.029635416666666713 0.04264814814814815
0 0.9767395833333333 0.6038888888888889 0.04651562499999997 0.03554629629629639
0 0.9901041666666667 0.6421296296296296 0.019791666666666666 0.03981481481481482
0 0.9899218750000001 0.4755740740740741 0.020151041666666696 0.028870370370370376
0 0.9921197916666666 0.5307407407407407 0.01576041666666678 0.06110185185185186
0 0.5128697916666667 0.5699351851851852 0.04491666666666661 0.045379629629629624
0 0.5341510416666666 0.9794722222222222 0.030125000000000016 0.02081481481481483
0 0.008338541666666668 0.7806851851851851 0.016677083333333335 0.04258333333333334
0 0.9311302083333334 0.06666666666666667 0.013802083333333333 0.027148148148148143