0 0.5947291666666668 0.7013888888888888 0.030276041666666722 0.05382407407407418
0 0.179078125 0.5950555555555556 0.03143229166666668 0.054009259259259194
0 0.35815625 0.5915833333333333 0.032656250000000026 0.05452777777777787
0 0.6303697916666666 0.6757777777777778 0.033322916666666674 0.05289814814814825
0 0.38671875 0.5208333333333334 0.02780208333333339 0.0629351851851852
0 0.5483385416666666 0.6315092592592593 0.023192708333333437 0.06271296296296298
0 0.17761458333333333 0.4420555555555556 0.03192187499999998 0.04475925925925929
0 0.20105208333333333 0.4025648148148148 0.031369791666666674 0.057398148148148156
0 0.13317708333333333 0.6210925925925925 0.03338541666666668 0.05951851851851849
0 0.3947760416666667 0.6236944444444444 0.03683333333333335 0.047120370370370465
0 0.5356458333333334 0.4613703703703703 0.029036458333333334 0.05351851851851848
0 0.494875 0.5772592592592594 0.02780208333333339 0.06179629629629631
0 0.403078125 0.2298148148148148 0.031203125000000043 0.058157407407407435
0 0.2983385416666666 0.18869444444444444 0.026197916666666644 0.06760185185185184
0 0.6328125 0.5364629629629629 0.030562499999999916 0.0481203703703704
0 0.1615 0.5442685185185184 0.03781250000000001 0.049046296296296324
0 0.1696770833333333 0.38737037037037036 0.0313125 0.06271296296296298
0 0.2932135416666667 0.5395 0.032895833333333374 0.05083333333333342
0 0.5961927083333334 0.30012962962962964 0.02752604166666662 0.05674999999999997
0 0.23193229166666668 0.34938888888888886 0.03521875 0.057509259259259274
0 0.37621875 0.3778240740740741 0.02947916666666662 0.05566666666666667
0 0.66015625 0.6484351851851852 0.026505208333333266 0.06119444444444437
0 0.3540052083333334 0.4791666666666667 0.037109375 0.044592592592592614
0 0.21338020833333332 0.4604999999999999 0.027692708333333312 0.060601851851851844
0 0.4787604166666667 0.773 0.036562500000000026 0.05181481481481485
0 0.19836458333333334 0.5290833333333333 0.03533854166666668 0.03684259259259256
0 0.23010416666666667 0.2806018518518519 0.02400000000000002 0.06635185185185183
0 0.2697760416666667 0.7196203703703704 0.02319270833333332 0.06450925925925932
0 0.2795416666666667 0.2638888888888889 0.025270833333333322 0.06798148148148148
0 0.28003125 0.1542962962962963 0.024140624999999954 0.06965740740740742
0 0.33715625 0.39149074074074075 0.03854166666666667 0.04326851851851853
0 0.4973125 0.3431018518518519 0.03567708333333333 0.04847222222222224
0 0.5678697916666666 0.5273425925925925 0.03482291666666673 0.0463333333333333
0 0.3317864583333333 0.7586851851851851 0.024338541666666675 0.06049074074074067
0 0.5625 0.4796018518518519 0.02747916666666678 0.05496296296296292
0 0.313234375 0.36306481481481484 0.03839062500000002 0.039388888888888855
0 0.763671875 0.5490462962962963 0.03295833333333344 0.05686111111111119
0 0.4660625 0.3812962962962963 0.02236979166666669 0.06575925925925924
0 0.16760416666666667 0.8177129629629629 0.03347916666666665 0.058055555555555596
0 0.07043229166666666 0.6232685185185185 0.030671874999999994 0.06944444444444445
0 0.7060572916666668 0.7026944444444444 0.03677604166666673 0.05056481481481472
0 0.2827135416666666 0.4791666666666667 0.022109375000000025 0.06662037037037041
0 0.75390625 0.4904537037037038 0.03044270833333324 0.04416666666666671
0 0.13183854166666667 0.8098981481481482 0.030276041666666663 0.06282407407407399
0 0.8823229166666666 0.4930555555555556 0.0321041666666666 0.049314814814814804
0 0.23425520833333333 0.4800370370370371 0.021333333333333353 0.06212037037037035
0 0.34765625 0.3300740740740741 0.03359895833333333 0.05015740740740737
0 0.136109375 0.5533888888888888 0.02810416666666667 0.06500000000000004
0 0.3908697916666667 0.7573796296296297 0.03823958333333337 0.039629629629629584
0 0.2622083333333334 0.5169259259259259 0.027223958333333353 0.05924074074074076
0 0.36426041666666664 0.8359351851851852 0.03781249999999995 0.045351851851851865
0 0.2573229166666667 0.5625 0.020890625000000006 0.06624074074074071
0 0.13025 0.6870648148148147 0.03677604166666666 0.03878703703703713
0 0.876953125 0.5811666666666666 0.029145833333333353 0.06342592592592593
0 0.4143072916666667 0.34179629629629626 0.024140624999999954 0.05674999999999997
0 0.5146510416666666 0.5868055555555556 0.022031249999999978 0.06836111111111104
0 0.15490625 0.6397592592592594 0.03775000000000001 0.04107407407407398
0 0.9228541666666668 0.59375 0.03390624999999995 0.04391666666666673
0 0.6201197916666668 0.28255555555555556 0.03628645833333337 0.0433518518518519
0 0.7885729166666666 0.7330740740740741 0.026656249999999916 0.0572962962962964
0 0.7631822916666666 0.41926851851851854 0.031020833333333307 0.052898148148148146
0 0.7275416666666668 0.4652777777777778 0.022505208333333353 0.06927777777777772
0 0.13000520833333334 0.743925925925926 0.03418229166666666 0.06380555555555563
0 0.47778125 0.2263425925925926 0.018510416666666647 0.06510185185185188
0 0.0378125 0.5021666666666667 0.02970833333333333 0.06342592592592593
0 0.24072395833333332 0.618925925925926 0.023421875000000016 0.0642870370370371
0 0.202390625 0.24978703703703703 0.03338541666666668 0.05199999999999997
0 0.5073229166666666 0.2886296296296297 0.034421874999999956 0.04720370370370372
0 0.19677604166666668 0.8029537037037038 0.0424791666666667 0.043074074074074056
0 0.35840104166666664 0.7790833333333333 0.03781249999999995 0.03615740740740737
0 0.45971875 0.19672222222222224 0.024520833333333294 0.0640185185185185
0 0.285890625 0.5763888888888888 0.019760416666666693 0.06109259259259261
0 0.494875 0.17469444444444443 0.03408854166666669 0.045351851851851865
0 0.4497083333333334 0.7769074074074074 0.03582812499999998 0.06119444444444437
0 0.303953125 0.41818518518518516 0.03781249999999995 0.044592592592592566
0 0.3852552083333334 0.1188148148148148 0.02680729166666668 0.053712962962962955
0 0.3615729166666667 0.6579907407407407 0.040468750000000026 0.034722222222222224
0 0.5791041666666668 0.619361111111111 0.03149479166666656 0.050944444444444424
0 0.08447395833333333 0.3426666666666667 0.026963541666666656 0.060490740740740775
0 0.125734375 0.5078148148148148 0.02722395833333334 0.05674999999999997
0 0.3188489583333334 0.5221388888888888 0.020963541666666665 0.06271296296296298
0 0.65234375 0.10623148148148148 0.02947916666666662 0.05452777777777779
0 0.7060572916666668 0.619361111111111 0.02120833333333323 0.06851851851851852
0 0.155640625 0.4978333333333333 0.03753645833333336 0.03792592592592596
0 0.8037135416666668 0.6289074074074075 0.020645833333333266 0.06537962962962954
0 0.2692864583333333 0.45051851851851854 0.027479166666666662 0.0640185185185185
0 0.8330104166666668 0.4448796296296297 0.033322916666666674 0.05045370370370371
0 0.24255208333333333 0.8450555555555556 0.03167708333333336 0.06537962962962954
0 0.026703124999999998 0.6614629629629629 0.02365104166666666 0.06879629629629626
0 0.6015625 0.4791666666666667 0.020963541666666665 0.058055555555555596
0 0.5024427083333334 0.49522222222222223 0.032895833333333374 0.0481203703703704
0 0.27246354166666664 0.0932037037037037 0.020494791666666647 0.07047222222222224
0 0.505859375 0.7087685185185185 0.03796354166666672 0.04242592592592587
0 0.2912604166666667 0.3224814814814815 0.039124999999999945 0.0334722222222222
0 0.5444322916666666 0.2743055555555556 0.03295833333333338 0.043999999999999984
0 0.13122395833333333 0.4474814814814815 0.039854166666666656 0.035944444444444494
0 0.18371354166666667 0.14160185185185187 0.018984375000000022 0.07177777777777776
0 0.9423854166666668 0.7434907407407407 0.03454687499999996 0.04519444444444439
0 0.8120104166666666 0.4856759259259259 0.035276041666666674 0.046138888888888875
0 0.9643541666666666 0.4926203703703703 0.038328125000000074 0.04212962962962963
0 0.681640625 0.6436666666666666 0.023770833333333265 0.0625
0 0.40625 0.4743888888888889 0.021619791666666662 0.06624074074074071
0 0.417234375 0.6922777777777778 0.025130208333333334 0.06342592592592593
0 0.7338854166666666 0.21224074074074073 0.018874999999999885 0.06450925925925928
0 0.45971875 0.14257407407407408 0.03515625 0.05083333333333333
0 0.8090833333333334 0.5863703703703703 0.03506250000000009 0.04451851851851845
0 0.9594739583333334 0.6063333333333334 0.035947916666666656 0.04093518518518522
0 0.3149427083333334 0.7382777777777778 0.03854166666666667 0.03512962962962968
0 0.7104479166666666 0.2684444444444445 0.021453125000000028 0.06087037037037038
0 0.13708333333333333 0.14702777777777776 0.019239583333333317 0.0683611111111111
0 0.8725572916666666 0.7200555555555556 0.031557291666666744 0.05587962962962954
0 0.8623072916666668 0.7000833333333334 0.03488020833333323 0.05891666666666677
0 0.397703125 0.3849814814814815 0.017911458333333387 0.06700000000000002
0 0.6084010416666668 0.22200925925925927 0.031312499999999945 0.04266666666666665
0 0.84765625 0.5577222222222222 0.03228645833333322 0.0588148148148148
0 0.5014635416666666 0.12250000000000001 0.034609375000000026 0.03836111111111112
0 0.2990729166666667 0.07437962962962963 0.020093749999999962 0.07101851851851854
0 0.6591822916666668 0.2361111111111111 0.023468749999999972 0.061416666666666675
0 0.197875 0.7552129629629629 0.044343749999999994 0.05064814814814819
0 0.3376458333333333 0.5455740740740741 0.020338541666666644 0.05772222222222215
0 0.4155260416666666 0.8138055555555556 0.03500520833333335 0.03662037037037033
0 0.10540624999999999 0.7877592592592593 0.027437500000000004 0.06624074074074071
0 0.2719739583333334 0.8020833333333334 0.02092187500000001 0.05462962962962963
0 0.861328125 0.6471388888888888 0.031557291666666744 0.05112962962962966
0 0.7978541666666668 0.5438333333333334 0.02706770833333323 0.05170370370370363
0 0.5571302083333334 0.17437037037037037 0.02488541666666677 0.06049074074074073
0 0.030562500000000003 0.36610185185185184 0.041078125 0.04424074074074071
0 0.328125 0.053925925925925926 0.026505208333333384 0.06412962962962963
0 0.9716822916666668 0.7968796296296297 0.032411458333333344 0.048777777777777837
0 0.6845729166666668 0.284287037037037 0.026411458333333353 0.0629351851851852
0 0.16980208333333333 0.25911111111111107 0.03689583333333335 0.059731481481481476
0 0.5434583333333334 0.743925925925926 0.020291666666666687 0.06597222222222222
0 0.5737291666666666 0.2192962962962963 0.0301510416666666 0.06646296296296299
0 0.9423854166666668 0.3101111111111111 0.023421874999999894 0.06412962962962962
0 0.763671875 0.24392592592592593 0.03454687499999996 0.044675925925925924
0 0.5908229166666668 0.5828981481481481 0.02194270833333339 0.057398148148148156
0 0.42480729166666664 0.7543425925925926 0.02680729166666668 0.061685185185185086
0 0.4243177083333334 0.0847962962962963 0.02844270833333328 0.060490740740740755
0 0.6611354166666668 0.3676203703703703 0.03683333333333323 0.035398148148148165
0 0.3852552083333334 0.05973148148148149 0.029416666666666678 0.06462037037037037
0 0.094484375 0.4583333333333333 0.02571354166666667 0.06900925925925923
0 0.45434375 0.6276018518518518 0.02084374999999999 0.06982407407407415
0 0.9799791666666666 0.6145833333333334 0.030671874999999935 0.048666666666666615
0 0.5263697916666668 0.09597222222222222 0.024229166666666715 0.061527777777777765
0 0.6918958333333334 0.17719444444444446 0.03476041666666655 0.048398148148148135
0 0.8056666666666668 0.18966666666666668 0.024520833333333294 0.06076851851851851
0 0.7084947916666666 0.21950925925925927 0.02897395833333339 0.05620370370370372
0 0.7275416666666668 0.13173148148148148 0.03482291666666673 0.0473888888888889
0 0.02546875 0.5863703703703703 0.03802604166666667 0.04961111111111104
0 0.071046875 0.2990462962962963 0.037109375 0.04424074074074071
0 0.5834947916666666 0.8537314814814815 0.03775000000000001 0.033092592592592604
0 0.387453125 0.1860925925925926 0.017442708333333338 0.06624074074074075
0 0.05749479166666666 0.7031296296296297 0.03710937499999999 0.05891666666666677
0 0.625 0.4275185185185185 0.019302083333333307 0.06889814814814813
0 0.5219739583333334 0.8702222222222222 0.03582812499999998 0.04408333333333324
0 0.9702135416666666 0.34700925925925924 0.03366145833333339 0.05576851851851854
0 0.8442395833333334 0.20583333333333334 0.032895833333333256 0.05360185185185184
0 0.0676875 0.22895370370370371 0.02947916666666667 0.06624074074074075
0 0.7045885416666666 0.8355 0.03125 0.06016666666666668
0 0.13183854166666667 0.3342037037037037 0.027265625000000012 0.044435185185185196
0 0.11047395833333334 0.8719629629629629 0.03010416666666667 0.06684259259259265
0 0.4916979166666666 0.05935185185185184 0.03601041666666672 0.044675925925925924
0 0.08313020833333334 0.8684907407407407 0.027010416666666672 0.06760185185185184
0 0.8994166666666668 0.43250925925925926 0.03817708333333343 0.04657407407407403
0 0.24890104166666666 0.6909722222222222 0.019562499999999972 0.07769444444444452
0 0.9873072916666668 0.7508703703703704 0.024338541666666675 0.0526018518518518
0 0.15625 0.10069444444444445 0.021406250000000012 0.07752777777777779
0 0.8208020833333334 0.37521296296296297 0.0323489583333334 0.04587037037037034
0 0.8168958333333334 0.2597685185185185 0.03396354166666669 0.052222222222222205
0 0.8559583333333334 0.39105555555555555 0.021776041666666638 0.0625
0 0.4401875 0.19607407407407407 0.018052083333333375 0.06309259259259258
0 0.20263541666666668 0.12521296296296294 0.01843229166666666 0.07031481481481482
0 0.40527604166666664 0.8511296296296297 0.03338541666666662 0.05045370370370371
0 0.9633802083333334 0.6584166666666667 0.04009895833333322 0.030546296296296304
0 0.8989270833333334 0.27299999999999996 0.03677604166666673 0.04093518518518522
0 0.6064479166666668 0.15234259259259259 0.030625000000000093 0.06488888888888887
0 0.9565416666666666 0.4316388888888889 0.03970312500000001 0.03954629629629633
0 0.9033229166666668 0.38628703703703704 0.03044270833333324 0.0629351851851852
0 0.9375 0.8229166666666666 0.037109375 0.03792592592592596
0 0.015250000000000001 0.3326851851851852 0.030104166666666664 0.059842592592592586
0 0.7802760416666668 0.36327777777777776 0.03366145833333339 0.050944444444444424
0 0.8696302083333334 0.29275 0.033322916666666674 0.03586111111111113
0 0.2534166666666667 0.10487037037037038 0.017578125 0.0652685185185185
0 0.8950208333333334 0.21777777777777776 0.0343020833333334 0.04047222222222223
0 0.08618229166666666 0.7855925925925926 0.023911458333333347 0.06320370370370369
0 0.736328125 0.08338888888888889 0.03359895833333345 0.04511111111111111
0 0.98046875 0.31813888888888886 0.03423958333333322 0.05826851851851847
0 0.039276041666666664 0.8025185185185185 0.03332291666666666 0.06412962962962962
0 0.9790052083333334 0.8320277777777778 0.030854166666666554 0.05311111111111102
0 0.294921875 0.7825555555555556 0.01998958333333339 0.06309259259259269
0 0.4418958333333334 0.8658888888888888 0.03860416666666661 0.04212962962962963
0 0.6220729166666668 0.4843796296296296 0.03004687500000003 0.03629629629629634
0 0.013479166666666669 0.43662962962962965 0.022630208333333336 0.06684259259259254
0 0.07653645833333332 0.4461851851851852 0.022322916666666675 0.07085185185185183
0 0.18505729166666668 0.3350740740740741 0.04031249999999999 0.038657407407407404
0 0.6518541666666666 0.05826851851851852 0.03881770833333344 0.03719444444444445
0 0.5625 0.029620370370370373 0.01964062500000002 0.057074074074074076
0 0.5234375 0.03198148148148148 0.02006770833333338 0.06309259259259259
0 0.022932291666666667 0.11794444444444444 0.03747395833333333 0.05794444444444443
0 0.3752447916666667 0.02637962962962963 0.03402604166666663 0.049694444444444444
0 0.892578125 0.7361111111111112 0.021651041666666752 0.044435185185185196
0 0.8779322916666668 0.09391666666666668 0.03283854166666676 0.04980555555555556
0 0.1838385416666667 0.03553703703703704 0.020218750000000025 0.0687962962962963
0 0.0280625 0.43315740740740744 0.022203125000000004 0.06851851851851852
0 0.8256822916666666 0.07139814814814814 0.030671874999999935 0.051509259259259255
0 0.07195833333333333 0.7578148148148148 0.04208333333333334 0.04720370370370372
0 0.22509895833333332 0.09201851851851851 0.0395520833333333 0.07194444444444444
0 0.22778125 0.024333333333333335 0.02346875000000003 0.04774074074074074
0 0.015541666666666665 0.7960092592592594 0.030380208333333332 0.06320370370370369
0 0.06536979166666668 0.8428796296296296 0.03021354166666667 0.05772222222222215
0 0.89453125 0.16536111111111113 0.03271354166666664 0.06499999999999999
0 0.12145833333333332 0.20366666666666666 0.04544270833333333 0.03425925925925926
0 0.8601197916666667 0.048601851851851854 0.03481770833333329 0.05323148148148148
0 0.935546875 0.11968518518518517 0.03494270833333341 0.054444444444444455
0 0.7563489583333334 0.05951851851851852 0.018937500000000065 0.06450925925925928
0 0.020067708333333333 0.18446296296296297 0.039338541666666664 0.036916666666666674
0 0.8579114583333334 0.8394074074074074 0.02670312499999999 0.0764999999999999
0 0.7631822916666666 0.6540833333333333 0.026552083333333344 0.03040740740740733
0 0.141234375 0.026490740740740742 0.021484375 0.052111111111111115
0 0.9721666666666666 0.2539074074074074 0.04001041666666675 0.04996296296296297
0 0.6430677083333334 0.90625 0.02116145833333339 0.06049074074074067
0 0.013223958333333334 0.22125 0.025666666666666667 0.04774074074074077
0 0.5297864583333334 0.9071203703703704 0.029541666666666622 0.052407407407407326
0 0.203859375 0.02786111111111111 0.021088541666666672 0.053925925925925926
0 0.026354166666666668 0.855037037037037 0.04968229166666667 0.06673148148148142
0 0.06280729166666667 0.4995648148148148 0.024140625000000006 0.053009259259259256
0 0.7626979166666668 0.9045185185185185 0.04052604166666664 0.065861111111111
0 0.5551770833333334 0.11165740740740741 0.017911458333333265 0.04283333333333333
0 0.8432604166666666 0.10107407407407407 0.03033333333333322 0.03567592592592594
0 0.9135729166666666 0.04000925925925926 0.025864583333333257 0.058703703703703695
0 0.016588541666666668 0.26866666666666666 0.03021354166666667 0.036916666666666674
0 0.7412135416666668 0.023777777777777776 0.024229166666666656 0.04633333333333334
0 0.7353541666666668 0.9157962962962962 0.032468750000000074 0.050944444444444424
0 0.07122916666666666 0.07752777777777778 0.04138020833333333 0.05783333333333334
0 0.591796875 0.014055555555555556 0.024338541666666675 0.027537037037037033
0 0.8940416666666666 0.014787037037037036 0.028062500000000056 0.028833333333333332
0 0.10778645833333332 0.6588518518518518 0.02263020833333333 0.027111111111111086
0 0.9819322916666666 0.9635462962962964 0.0284427083333334 0.06428703703703699
0 0.6694322916666666 0.9479166666666666 0.03179687500000009 0.03878703703703702
0 0.03918229166666667 0.02937962962962963 0.027479166666666662 0.04031481481481482
0 0.52734375 0.9670185185185186 0.03649999999999996 0.0533055555555556
0 0.104125 0.9470462962962962 0.037598958333333335 0.049425925925926026
0 0.07806249999999999 0.96875 0.03832812500000001 0.05360185185185184
0 0.34622916666666664 0.2878425925925926 0.0417604166666667 0.05567592592592592
0 0.38743229166666665 0.2727962962962963 0.04030208333333327 0.05642592592592598
0 0.3783489583333333 0.31830555555555556 0.03947916666666664 0.05490740740740736
0 0.0886875 0.3999537037037037 0.029880208333333335 0.06395370370370375
0 0.04872395833333333 0.42838888888888893 0.022255208333333328 0.07456481481481479
0 0.44814583333333335 0.08697222222222223 0.017125000000000057 0.07037962962962963
0 0.22891145833333332 0.4029814814814815 0.02691666666666664 0.06487962962962956
0 0.1569375 0.3352685185185185 0.024671875000000003 0.05799074074074074
0 0.13380208333333332 0.2844351851851852 0.03625000000000001 0.0540092592592593
0 0.17056770833333335 0.2976574074074074 0.051932291666666686 0.0393055555555556
0 0.4274895833333333 0.3110462962962963 0.039437500000000014 0.06095370370370374
0 0.54490625 0.15524074074074073 0.02844791666666661 0.06296296296296296
0 0.42346874999999995 0.17322222222222222 0.022713541666666615 0.07835185185185185
0 0.22891145833333332 0.14826851851851852 0.02691666666666664 0.04901851851851852
0 0.8417395833333334 0.32355555555555554 0.04370833333333337 0.044842592592592545
0 0.8897552083333333 0.34429629629629627 0.04431249999999996 0.040046296296296295
0 0.9345729166666668 0.23050925925925925 0.029833333333333437 0.05925925925925926
0 0.9327187499999999 0.37677777777777777 0.026119791666666715 0.05873148148148143
0 0.9050416666666667 0.49366666666666664 0.02282291666666675 0.07144444444444446
0 0.9291041666666667 0.4813703703703704 0.02756770833333325 0.07256481481481487
0 0.9909166666666667 0.6615833333333333 0.018166666666666723 0.08337037037037033
0 0.7157552083333333 0.4033796296296296 0.028885416666666684 0.06567592592592598
0 0.5301927083333333 0.32219444444444445 0.03384375000000001 0.049351851851851807
0 0.009338541666666667 0.0330925925925926 0.01858333333333333 0.04000925925925925
0 0.6665052083333334 0.9828333333333333 0.03448437500000002 0.034333333333333264
0 0.8486302083333332 0.9728240740740741 0.034182291666666725 0.05269444444444441
0 0.9365260416666668 0.96875 0.039124999999999945 0.05599074074074066
0 0.4455572916666667 0.9661481481481482 0.042177083333333344 0.06190740740740742
0 0.4078177083333333 0.9789814814814815 0.038755208333333374 0.02529629629629645
0 0.31738541666666664 0.9785648148148147 0.038328124999999956 0.04287037037037054
0 0.400390625 0.8975740740740741 0.02780208333333339 0.0551481481481481
0 0.3752447916666667 0.9774351851851852 0.021364583333333322 0.017944444444444544
0 0.5825208333333334 0.8146666666666667 0.016098958333333257 0.039092592592592616
0 0.9677760416666668 0.9149351851851851 0.03216666666666678 0.04649074074074078
0 0.7704062500000001 0.016509259259259258 0.03738541666666677 0.033018518518518516
0 0.20227083333333334 0.9670185185185186 0.025328124999999996 0.014499999999999865
0 0.0072187499999999995 0.7145370370370371 0.014437499999999999 0.04312962962962956
0 0.009635416666666667 0.625 0.019270833333333334 0.02962962962962963
0 0.006807291666666667 0.5687037037037037 0.013614583333333334 0.06618518518518521
0 0.5055052083333333 0.5338333333333333 0.037124999999999984 0.041027777777777726
0 0.8413645833333334 0.606925925925926 0.027098958333333437 0.06332407407407417