0 0.352344 0.425926 0.028646 0.062963
0 0.278646 0.520370 0.027083 0.062963
0 0.346354 0.497685 0.035417 0.060185
0 0.393490 0.433333 0.026562 0.068519
0 0.319271 0.522222 0.022917 0.064815
0 0.304167 0.399537 0.021875 0.062037
0 0.379948 0.488426 0.033854 0.047222
0 0.276562 0.837500 0.033333 0.058333
0 0.471615 0.311574 0.030729 0.058333
0 0.330729 0.342593 0.026042 0.062963
0 0.448698 0.632407 0.024479 0.068519
0 0.262500 0.349537 0.025000 0.067593
0 0.510938 0.287500 0.025000 0.062037
0 0.656771 0.452778 0.027083 0.068519
0 0.433333 0.314815 0.020833 0.064815
0 0.528646 0.647222 0.034375 0.038889
0 0.404167 0.179167 0.026042 0.065741
0 0.614062 0.576389 0.030208 0.058333
0 0.462500 0.577315 0.035417 0.047222
0 0.379948 0.297685 0.026562 0.067593
0 0.536719 0.397222 0.023438 0.064815
0 0.264323 0.638426 0.035937 0.054630
0 0.119531 0.669444 0.035937 0.053704
0 0.435417 0.552778 0.035417 0.040741
0 0.273958 0.456944 0.035417 0.060185
0 0.356771 0.322685 0.021875 0.065741
0 0.507552 0.375463 0.031771 0.060185
0 0.342187 0.391204 0.037500 0.047222
0 0.217448 0.412500 0.026562 0.060185
0 0.491927 0.556019 0.025521 0.060185
0 0.347135 0.259259 0.038021 0.050000
0 0.535417 0.580556 0.021875 0.064815
0 0.478906 0.402315 0.020313 0.069444
0 0.265625 0.683333 0.027083 0.061111
0 0.045573 0.556019 0.032813 0.058333
0 0.300000 0.178704 0.029167 0.057407
0 0.109115 0.806944 0.031771 0.060185
0 0.161198 0.612037 0.040104 0.044444
0 0.242969 0.412963 0.039062 0.046296
0 0.534635 0.255093 0.023438 0.069444
0 0.046094 0.640278 0.022396 0.065741
0 0.170833 0.438889 0.038542 0.046296
0 0.592448 0.340278 0.028646 0.052778
0 0.134375 0.454167 0.030208 0.063889
0 0.142448 0.797685 0.035937 0.047222
0 0.269792 0.267130 0.039583 0.043519
0 0.186198 0.250000 0.039062 0.048148
0 0.629687 0.631944 0.017708 0.063889
0 0.368229 0.221759 0.039583 0.039815
0 0.501823 0.191204 0.024479 0.065741
0 0.376823 0.123611 0.028646 0.069444
0 0.073958 0.684259 0.035417 0.050000
0 0.228906 0.542593 0.039062 0.046296
0 0.127604 0.503241 0.029167 0.060185
0 0.227865 0.594907 0.040104 0.039815
0 0.885938 0.754167 0.035417 0.045370
0 0.633594 0.442130 0.033854 0.049074
0 0.296615 0.326852 0.036979 0.057407
0 0.104688 0.546759 0.022917 0.062037
0 0.423438 0.791667 0.026042 0.066667
0 0.090365 0.643056 0.038021 0.056481
0 0.204687 0.131481 0.021875 0.064815
0 0.277344 0.163426 0.031771 0.063889
0 0.164844 0.751852 0.026562 0.066667
0 0.247135 0.161574 0.029687 0.069444
0 0.575521 0.611111 0.036458 0.044444
0 0.062240 0.824537 0.027604 0.062037
0 0.148177 0.858796 0.033854 0.056481
0 0.400521 0.831019 0.029167 0.063889
0 0.240885 0.841204 0.031771 0.056481
0 0.294010 0.080093 0.027604 0.069444
0 0.144531 0.354630 0.023438 0.070370
0 0.270052 0.570370 0.040104 0.048148
0 0.514844 0.576389 0.020313 0.063889
0 0.231771 0.345833 0.029167 0.067593
0 0.453125 0.691204 0.028125 0.065741
0 0.089844 0.457407 0.024479 0.064815
0 0.271615 0.091667 0.024479 0.064815
0 0.127865 0.731944 0.030729 0.060185
0 0.919271 0.568981 0.035417 0.047222
0 0.448177 0.104630 0.019271 0.064815
0 0.218750 0.800926 0.023958 0.062963
0 0.037500 0.592130 0.036458 0.045370
0 0.119010 0.341204 0.033854 0.062037
0 0.324740 0.786111 0.041146 0.044444
0 0.866406 0.812037 0.024479 0.062963
0 0.151302 0.262963 0.028646 0.059259
0 0.488281 0.822685 0.021354 0.065741
0 0.079948 0.602778 0.042188 0.048148
0 0.355990 0.100000 0.030729 0.055556
0 0.506250 0.803241 0.032292 0.056481
0 0.026042 0.659259 0.021875 0.070370
0 0.178385 0.680556 0.039062 0.046296
0 0.258594 0.770833 0.022396 0.069444
0 0.937760 0.669444 0.030729 0.044444
0 0.710156 0.738889 0.033854 0.044444
0 0.060417 0.504167 0.021875 0.062037
0 0.136719 0.411111 0.041146 0.044444
0 0.547917 0.203704 0.030208 0.051852
0 0.846094 0.426852 0.024479 0.059259
0 0.135937 0.143056 0.019792 0.067593
0 0.033073 0.759722 0.027604 0.067593
0 0.491927 0.710185 0.038021 0.044444
0 0.723958 0.825000 0.030208 0.057407
0 0.707812 0.657870 0.023958 0.065741
0 0.596354 0.083796 0.030208 0.062037
0 0.902604 0.712037 0.030208 0.046296
0 0.120052 0.156481 0.021354 0.064815
0 0.225521 0.284722 0.031250 0.060185
0 0.751302 0.613426 0.034896 0.058333
0 0.785417 0.614352 0.030208 0.058333
0 0.575521 0.240278 0.030208 0.063889
0 0.520833 0.091667 0.023958 0.062963
0 0.388542 0.047222 0.023958 0.074074
0 0.039323 0.447222 0.038021 0.055556
0 0.593490 0.157407 0.026562 0.064815
0 0.241927 0.795833 0.028646 0.058333
0 0.976302 0.614815 0.024479 0.059259
0 0.760938 0.242593 0.028125 0.057407
0 0.203125 0.730093 0.019792 0.071296
0 0.221354 0.099074 0.034375 0.064815
0 0.941667 0.513426 0.029167 0.058333
0 0.121094 0.274537 0.038021 0.041667
0 0.400781 0.776852 0.027604 0.064815
0 0.279427 0.603704 0.039062 0.035185
0 0.836458 0.738426 0.029167 0.058333
0 0.825521 0.390278 0.032292 0.052778
0 0.074479 0.300926 0.026042 0.064815
0 0.557292 0.822222 0.019792 0.072222
0 0.016927 0.398611 0.028646 0.067593
0 0.185677 0.201389 0.041146 0.037963
0 0.668750 0.129167 0.025000 0.060185
0 0.289062 0.240741 0.023958 0.055556
0 0.929948 0.400463 0.025521 0.060185
0 0.026823 0.500926 0.023438 0.064815
0 0.152344 0.718981 0.021354 0.063889
0 0.848437 0.833796 0.023958 0.062037
0 0.015365 0.784722 0.029687 0.062037
0 0.801823 0.508333 0.036979 0.044444
0 0.891927 0.488426 0.038021 0.043519
0 0.482812 0.745370 0.030208 0.055556
0 0.084896 0.087963 0.026042 0.066667
0 0.481771 0.162500 0.038542 0.041667
0 0.827344 0.825926 0.027604 0.064815
0 0.190625 0.066667 0.027083 0.070370
0 0.301823 0.887500 0.026562 0.060185
0 0.825521 0.596759 0.039583 0.036111
0 0.452083 0.811574 0.037500 0.036111
0 0.695833 0.844907 0.037500 0.043519
0 0.073698 0.439815 0.023438 0.070370
0 0.749740 0.373148 0.021354 0.066667
0 0.793229 0.712037 0.033333 0.035185
0 0.142969 0.187963 0.039062 0.042593
0 0.178646 0.785648 0.038542 0.039815
0 0.109375 0.448611 0.021875 0.069444
0 0.801042 0.147222 0.025000 0.062963
0 0.092188 0.157407 0.034375 0.062963
0 0.152604 0.088426 0.025000 0.075000
0 0.931510 0.838426 0.023438 0.062037
0 0.113021 0.752315 0.023958 0.071296
0 0.178125 0.864352 0.031250 0.049074
0 0.164062 0.318981 0.026042 0.075000
0 0.120833 0.068519 0.025000 0.062963
0 0.878125 0.701852 0.018750 0.064815
0 0.179167 0.330093 0.031250 0.073148
0 0.787500 0.783333 0.020833 0.064815
0 0.877604 0.356019 0.033333 0.050926
0 0.059635 0.343056 0.045312 0.039815
0 0.948438 0.805093 0.022917 0.071296
0 0.699479 0.241204 0.032292 0.056481
0 0.856771 0.704167 0.021875 0.065741
0 0.898958 0.344907 0.029167 0.063889
0 0.988281 0.806481 0.022396 0.066667
0 0.855208 0.390278 0.020833 0.063889
0 0.527083 0.043056 0.034375 0.047222
0 0.795573 0.099074 0.024479 0.068519
0 0.359375 0.025463 0.033333 0.049074
0 0.011979 0.491204 0.022917 0.062037
0 0.105990 0.233333 0.038021 0.053704
0 0.253646 0.099074 0.021875 0.066667
0 0.759115 0.569444 0.035937 0.037037
0 0.938542 0.242593 0.040625 0.038889
0 0.637500 0.122685 0.035417 0.039815
0 0.764583 0.900000 0.021875 0.066667
0 0.764844 0.094907 0.029687 0.062037
0 0.990104 0.703704 0.019792 0.055556
0 0.892448 0.214815 0.019271 0.064815
0 0.448177 0.023148 0.022396 0.044444
0 0.713021 0.926852 0.027083 0.053704
0 0.870313 0.212963 0.022917 0.061111
0 0.982031 0.255093 0.032813 0.039815
0 0.811719 0.238426 0.024479 0.060185
0 0.983594 0.376389 0.022396 0.063889
0 0.142708 0.051852 0.022917 0.062963
0 0.792708 0.339352 0.033333 0.052778
0 0.738021 0.172685 0.017708 0.071296
0 0.880729 0.162963 0.036458 0.037037
0 0.173958 0.024537 0.022917 0.047222
0 0.390625 0.888426 0.035417 0.039815
0 0.601042 0.024074 0.016667 0.046296
0 0.304948 0.019907 0.040104 0.037963
0 0.888021 0.627778 0.019792 0.040741
0 0.877865 0.112963 0.033854 0.042593
0 0.322917 0.899537 0.021875 0.058333
0 0.739062 0.079630 0.037500 0.050000
0 0.917708 0.190741 0.025000 0.070370
0 0.634896 0.929167 0.021875 0.056481
0 0.869271 0.268056 0.041667 0.045370
0 0.010417 0.062963 0.019792 0.061111
0 0.058333 0.053704 0.042708 0.042593
0 0.919792 0.069907 0.028125 0.058333
0 0.458073 0.764352 0.041146 0.065741
0 0.877604 0.062037 0.028125 0.053704
0 0.897135 0.136574 0.032813 0.037963
0 0.960677 0.150000 0.026562 0.050000
0 0.984115 0.091204 0.028646 0.034259
0 0.426302 0.885648 0.040104 0.041667
0 0.036979 0.024537 0.027083 0.032407
0 0.825260 0.193981 0.030729 0.043519
0 0.751302 0.965741 0.033854 0.053704
0 0.560417 0.017593 0.023958 0.033333
0 0.982552 0.167130 0.031771 0.047222
0 0.454427 0.898148 0.027604 0.068519
0 0.788281 0.270833 0.028646 0.030556
0 0.008073 0.198611 0.015104 0.067593
0 0.813542 0.970833 0.030208 0.056481
0 0.784896 0.937963 0.034375 0.046296
0 0.509115 0.960648 0.034896 0.037963
0 0.973958 0.512963 0.020833 0.031481
0 0.530208 0.931019 0.034375 0.049074
0 0.835156 0.955093 0.038021 0.043519
0 0.425781 0.953241 0.036979 0.052778
0 0.984115 0.968056 0.031771 0.056481
0 0.348177 0.579630 0.023438 0.055556
0 0.048698 0.919444 0.030729 0.061111
0 0.897135 0.018519 0.025521 0.035185
0 0.581771 0.803241 0.017708 0.043519
0 0.386719 0.980556 0.030729 0.029630
0 0.730208 0.012037 0.017708 0.022222
0 0.148177 0.950000 0.039062 0.064815
0 0.528125 0.975463 0.037500 0.047222
0 0.036198 0.877778 0.024479 0.038889
0 0.441667 0.452778 0.028125 0.070370
0 0.418229 0.515278 0.044792 0.067593
0 0.476042 0.463426 0.039583 0.054630
0 0.558333 0.444444 0.031250 0.083333
0 0.516406 0.481944 0.028646 0.073148
0 0.521875 0.430556 0.036458 0.066667
0 0.546354 0.512037 0.027083 0.068519
0 0.569792 0.520833 0.040625 0.054630
0 0.583333 0.533796 0.027083 0.039815
0 0.563542 0.131944 0.028125 0.065741
0 0.550260 0.056944 0.028646 0.084259
0 0.575000 0.071296 0.030208 0.083333
0 0.224219 0.468981 0.043229 0.041667
0 0.249479 0.472222 0.029167 0.072222
0 0.434375 0.223148 0.033333 0.061111
0 0.444792 0.176389 0.044792 0.039815
0 0.476562 0.217593 0.022917 0.074074
0 0.503385 0.230093 0.035937 0.050926
0 0.359635 0.183333 0.040104 0.042593
0 0.096094 0.716667 0.026562 0.074074
0 0.046875 0.393519 0.022917 0.064815
0 0.068750 0.383796 0.022917 0.063889
0 0.091406 0.381481 0.030729 0.064815
0 0.204427 0.342593 0.036979 0.059259
0 0.501302 0.111111 0.039062 0.059259
0 0.594531 0.256019 0.035937 0.078704
0 0.665365 0.342130 0.042188 0.052778
0 0.642708 0.303241 0.051042 0.034259
0 0.626042 0.267130 0.044792 0.047222
0 0.626823 0.218519 0.032813 0.081481
0 0.650000 0.231944 0.028125 0.078704
0 0.646354 0.173148 0.034375 0.057407
0 0.852083 0.196759 0.016667 0.086111
0 0.798958 0.199537 0.032292 0.043519
0 0.837760 0.246296 0.028646 0.072222
0 0.932031 0.162963 0.030729 0.061111
0 0.672135 0.667130 0.035937 0.065741
0 0.895573 0.276852 0.039062 0.053704
0 0.604427 0.419907 0.031771 0.052778
0 0.627604 0.382870 0.037500 0.056481
0 0.588802 0.581481 0.027604 0.068519
0 0.251563 0.971759 0.034375 0.054630
0 0.109115 0.962963 0.029687 0.061111
0 0.007552 0.877778 0.014063 0.035185
0 0.628125 0.984722 0.025000 0.028704
0 0.200781 0.292593 0.019271 0.033333
0 0.119010 0.223148 0.022396 0.070370
