0 0.4067395833333334 0.6740462962962963 0.02780208333333339 0.06439814814814811
0 0.3706041666666666 0.4887129629629629 0.024796874999999947 0.06027777777777775
0 0.32715104166666664 0.5828981481481481 0.03338541666666662 0.0554722222222223
0 0.23718229166666666 0.5911481481481482 0.021989583333333347 0.06662037037037041
0 0.2932135416666667 0.7013888888888888 0.021619791666666662 0.06450925925925932
0 0.266359375 0.55425 0.034880208333333315 0.05891666666666677
0 0.374265625 0.724388888888889 0.03210416666666672 0.05750925925925917
0 0.1796875 0.5577222222222222 0.034609375000000026 0.055990740740740765
0 0.36816666666666664 0.5581574074074074 0.03628645833333337 0.03895370370370364
0 0.133421875 0.6158888888888888 0.03607291666666666 0.04730555555555548
0 0.38769791666666664 0.6093796296296297 0.020890624999999947 0.06662037037037041
0 0.33105729166666664 0.6692685185185184 0.03423958333333334 0.045111111111111137
0 0.199953125 0.6171851851851852 0.02670312499999999 0.06787037037037033
0 0.184203125 0.4839444444444444 0.023697916666666666 0.06787037037037033
0 0.3618177083333334 0.4316388888888889 0.03185937500000004 0.059027777777777776
0 0.5258802083333334 0.6319444444444444 0.033140625000000055 0.05121296296296291
0 0.378171875 0.6631944444444444 0.025666666666666654 0.058592592592592564
0 0.32910416666666664 0.5351574074074075 0.03295833333333332 0.04155555555555566
0 0.284421875 0.6640648148148148 0.03616145833333337 0.051027777777777686
0 0.24169791666666668 0.4791666666666667 0.03228645833333334 0.04793518518518517
0 0.2895520833333334 0.3361574074074074 0.030854166666666672 0.05772222222222225
0 0.340578125 0.4865462962962963 0.03015104166666672 0.055259259259259265
0 0.5087916666666666 0.7139722222222222 0.027328125000000016 0.05848148148148156
0 0.5048854166666666 0.4926203703703703 0.027479166666666662 0.061685185185185135
0 0.3986822916666667 0.3120648148148148 0.03476041666666667 0.05007407407407411
0 0.2605 0.8055555555555556 0.02908333333333335 0.06130555555555559
0 0.356203125 0.8220462962962962 0.03582812499999998 0.042750000000000066
0 0.09368749999999999 0.7061666666666666 0.04016145833333334 0.039629629629629584
0 0.3413072916666666 0.7656296296296297 0.02017187500000001 0.06646296296296293
0 0.5546875 0.5525185185185185 0.02566666666666677 0.06320370370370369
0 0.24523958333333334 0.3400648148148148 0.03173958333333336 0.05962037037037036
0 0.17785416666666667 0.42687037037037034 0.04025520833333331 0.04519444444444439
0 0.4826666666666667 0.6358518518518519 0.02517708333333329 0.0629351851851852
0 0.32519791666666664 0.15841666666666668 0.023104166666666613 0.06439814814814816
0 0.443359375 0.3784722222222222 0.02571354166666661 0.055879629629629654
0 0.16320833333333334 0.6835925925925925 0.03430208333333334 0.055361111111111076
0 0.2966302083333333 0.4526944444444445 0.030276041666666722 0.06342592592592598
0 0.41284375 0.8020833333333334 0.020218749999999966 0.0669999999999999
0 0.3146979166666667 0.5013055555555556 0.020020833333333363 0.06271296296296298
0 0.3588854166666666 0.7005185185185184 0.02017187500000001 0.06851851851851852
0 0.2749010416666666 0.5933148148148147 0.018692708333333356 0.06109259259259261
0 0.23144791666666667 0.25195370370370374 0.03359895833333333 0.05652777777777776
0 0.2814947916666667 0.2447962962962963 0.041135416666666674 0.038657407407407404
0 0.58984375 0.542537037037037 0.032229166666666725 0.05056481481481472
0 0.24206770833333333 0.22895370370370371 0.030380208333333356 0.05837962962962964
0 0.7084947916666666 0.5208333333333334 0.029312500000000106 0.05351851851851848
0 0.5346666666666666 0.340712962962963 0.031083333333333307 0.04519444444444439
0 0.18664583333333334 0.1451851851851852 0.03185937499999998 0.058268518518518525
0 0.2514635416666667 0.15700925925925927 0.028703125000000006 0.06450925925925928
0 0.10467708333333332 0.4973981481481482 0.031494791666666654 0.06775925925925932
0 0.293703125 0.19499074074074074 0.025328125000000055 0.06510185185185186
0 0.1389166666666667 0.3517777777777778 0.02711458333333332 0.06813888888888892
0 0.5258802083333334 0.5473055555555556 0.027177083333333307 0.05848148148148156
0 0.15588541666666667 0.27451851851851855 0.026765624999999994 0.06749074074074073
0 0.6987291666666666 0.4882777777777778 0.03500520833333335 0.04519444444444439
0 0.3308125 0.875 0.024885416666666653 0.07058333333333335
0 0.48559375 0.5017407407407407 0.032041666666666656 0.05319444444444449
0 0.556640625 0.4891481481481481 0.022416666666666647 0.06787037037037033
0 0.47754166666666664 0.5755185185185184 0.03622395833333331 0.0356759259259259
0 0.5029322916666666 0.30360185185185184 0.016661458333333337 0.06722222222222224
0 0.20913541666666668 0.3148333333333333 0.03607291666666666 0.0614166666666667
0 0.5747083333333334 0.8302962962962963 0.03661979166666664 0.033666666666666574
0 0.6728541666666668 0.33659259259259255 0.024703124999999916 0.05718518518518518
0 0.03802604166666667 0.6575555555555556 0.02307291666666666 0.07009259259259264
0 0.417234375 0.22330555555555553 0.03607291666666666 0.04820370370370371
0 0.1535625 0.5690092592592593 0.026109374999999997 0.058703703703703786
0 0.2890625 0.14833333333333332 0.023515625000000047 0.06439814814814816
0 0.7475572916666666 0.6545185185185185 0.026411458333333353 0.06900925925925923
0 0.11755208333333332 0.30403703703703705 0.035489583333333324 0.056962962962962944
0 0.10821354166666668 0.41232407407407407 0.03359895833333333 0.06016666666666668
0 0.463625 0.6371574074074075 0.018098958333333335 0.06722222222222214
0 0.4975572916666666 0.7617222222222222 0.022244791666666687 0.06749074074074084
0 0.5639635416666666 0.43207407407407405 0.03460937499999991 0.050833333333333314
0 0.47925 0.2701851851851852 0.032838541666666644 0.04641666666666666
0 0.171140625 0.837675925925926 0.037046875 0.05474074074074064
0 0.20788541666666666 0.4882777777777778 0.0375364583333333 0.03813888888888894
0 0.4216302083333333 0.26258333333333334 0.03540104166666668 0.03819444444444445
0 0.2033697916666667 0.8172777777777778 0.029817708333333335 0.06575925925925924
0 0.6884791666666668 0.39951851851851855 0.030958333333333362 0.0551481481481481
0 0.28418229166666664 0.0773611111111111 0.026307291666666663 0.06439814814814813
0 0.13940625 0.5186666666666666 0.029249999999999984 0.05251851851851854
0 0.5903333333333334 0.7881944444444444 0.03683333333333323 0.035722222222222155
0 0.6313489583333334 0.33354629629629634 0.03408854166666657 0.040694444444444484
0 0.54296875 0.3029537037037037 0.03359895833333339 0.041555555555555554
0 0.7055677083333334 0.6796851851851852 0.028062500000000056 0.06537962962962954
0 0.1536875 0.48785185185185187 0.035276041666666674 0.06813888888888886
0 0.3986822916666667 0.19607407407407407 0.035890625000000044 0.041555555555555554
0 0.0833125 0.6358518518518519 0.023958333333333335 0.07373148148148158
0 0.21996875 0.102 0.03050000000000003 0.05794444444444443
0 0.6743177083333334 0.4338148148148148 0.03338541666666662 0.04204629629629627
0 0.350828125 0.14496296296296296 0.027374999999999972 0.06261111111111112
0 0.09027083333333333 0.2840740740740741 0.03228645833333334 0.06331481481481481
0 0.03482291666666667 0.40494444444444444 0.03155729166666667 0.06109259259259261
0 0.662109375 0.5026018518518518 0.021911458333333418 0.06439814814814811
0 0.5981458333333334 0.5759537037037037 0.022369791666666573 0.055361111111111076
0 0.448484375 0.5750833333333334 0.01672395833333328 0.06662037037037041
0 0.218015625 0.8593796296296297 0.022677083333333313 0.060277777777777694
0 0.33471875 0.20865740740740743 0.03649999999999996 0.05891666666666669
0 0.1779791666666667 0.3886759259259259 0.04162499999999998 0.0393055555555556
0 0.900390625 0.43728703703703703 0.03228645833333322 0.05474074074074074
0 0.21301041666666667 0.9097222222222222 0.03881770833333332 0.041398148148148184
0 0.5805677083333334 0.1796851851851852 0.024046875000000037 0.06711111111111112
0 0.250734375 0.08371296296296296 0.021364583333333322 0.06190740740740742
0 0.580078125 0.7066018518518519 0.019380208333333353 0.06775925925925932
0 0.475828125 0.4121111111111111 0.017442708333333338 0.06168518518518519
0 0.014671875000000001 0.6245648148148147 0.026505208333333332 0.0572962962962964
0 0.708984375 0.7395833333333334 0.03353645833333327 0.03697222222222228
0 0.19958333333333333 0.27104629629629634 0.03726041666666665 0.04123148148148146
0 0.025177083333333336 0.45008333333333334 0.04311979166666668 0.0433518518518519
0 0.38940625 0.05848148148148148 0.024656249999999956 0.0640185185185185
0 0.22119270833333332 0.7608518518518519 0.04061979166666667 0.03518518518518519
0 0.06903125 0.6636296296296297 0.021239583333333343 0.062009259259259285
0 0.23986979166666667 0.7942685185185184 0.037046875 0.0382777777777777
0 0.7055677083333334 0.8020833333333334 0.03454687499999996 0.05360185185185194
0 0.86328125 0.5972222222222222 0.03643750000000002 0.05576851851851854
0 0.46753125 0.8528611111111112 0.03402604166666663 0.055990740740740765
0 0.9267604166666668 0.7608518518518519 0.03582812499999998 0.03439814814814823
0 0.21863020833333333 0.37065740740740744 0.03222916666666666 0.03740740740740739
0 0.9536145833333334 0.7018240740740741 0.02194270833333339 0.06575925925925924
0 0.59375 0.057074074074074076 0.018479166666666675 0.06390740740740741
0 0.8154322916666668 0.6354166666666666 0.03143229166666662 0.061907407407407314
0 0.3061510416666666 0.10471296296296297 0.03634895833333331 0.03477777777777778
0 0.14404166666666668 0.1618888888888889 0.019239583333333303 0.06293518518518516
0 0.8149427083333334 0.7526018518518518 0.032895833333333256 0.06401851851851861
0 0.3654791666666667 0.07855555555555556 0.026963541666666656 0.059138888888888894
0 0.155515625 0.7382777777777778 0.040921875000000024 0.040064814814814796
0 0.06805208333333333 0.4136296296296297 0.03204166666666666 0.060379629629629665
0 0.32129166666666664 0.4309907407407408 0.022078125000000053 0.05251851851851854
0 0.13391145833333334 0.09944444444444445 0.019911458333333344 0.06499999999999999
0 0.21008333333333334 0.213 0.0394895833333333 0.035537037037037034
0 0.071046875 0.4683148148148148 0.02493229166666667 0.0738425925925926
0 0.354734375 0.9288240740740741 0.029203124999999965 0.051435185185185146
0 0.05551041666666667 0.7469629629629629 0.04638541666666667 0.056962962962962944
0 0.9858385416666666 0.5043425925925926 0.026916666666666582 0.06646296296296293
0 0.7973645833333334 0.5672777777777778 0.03839062500000002 0.04187962962962965
0 0.319578125 0.048777777777777774 0.0269166666666667 0.06917592592592592
0 0.040010416666666666 0.8159722222222222 0.03332291666666666 0.07221296296296296
0 0.54296875 0.25 0.018984374999999904 0.06559259259259262
0 0.8584010416666668 0.4991296296296296 0.030958333333333362 0.06152777777777782
0 0.482421875 0.11122222222222222 0.03366145833333339 0.04839814814814814
0 0.611328125 0.7309074074074075 0.02848958333333324 0.06760185185185184
0 0.054901041666666664 0.3443981481481481 0.026656250000000003 0.07373148148148148
0 0.6870104166666666 0.23025 0.02365104166666659 0.0630925925925926
0 0.9194322916666666 0.3235648148148148 0.02635416666666662 0.06109259259259261
0 0.7392604166666668 0.5833333333333334 0.029416666666666678 0.0651018518518518
0 0.389890625 0.9114629629629629 0.024994791666666672 0.059027777777777776
0 0.7758802083333334 0.3982222222222222 0.03402604166666663 0.05503703703703698
0 0.469484375 0.03798148148148149 0.019088541666666715 0.0702037037037037
0 0.837890625 0.6119814814814816 0.0321041666666666 0.06119444444444437
0 0.16369791666666667 0.07470370370370372 0.03891145833333335 0.04123148148148148
0 0.8325208333333334 0.5329907407407407 0.025864583333333257 0.06179629629629631
0 0.6645520833333334 0.22200925925925927 0.02194270833333339 0.06477777777777775
0 0.57421875 0.06798148148148149 0.02838020833333322 0.04668518518518518
0 0.966796875 0.5151944444444444 0.022078124999999935 0.06390740740740739
0 0.181640625 0.059138888888888894 0.037046875 0.051212962962962974
0 0.6709010416666668 0.6037314814814815 0.01658854166666662 0.06500000000000004
0 0.49121354166666664 0.8941018518518519 0.022322916666666616 0.07047222222222213
0 0.5629895833333334 0.1701388888888889 0.019166666666666762 0.06944444444444445
0 0.15734895833333334 0.12076851851851853 0.022677083333333313 0.06900925925925924
0 0.5073229166666666 0.06889814814814814 0.03533854166666662 0.038657407407407404
0 0.17028645833333333 0.8993055555555556 0.024885416666666653 0.05815740740740736
0 0.449953125 0.04342592592592592 0.017302083333333346 0.06760185185185186
0 0.11938541666666666 0.04774074074074074 0.021364583333333322 0.06982407407407407
0 0.4311510416666666 0.9357685185185185 0.030624999999999975 0.058592592592592564
0 0.049588541666666666 0.11306481481481483 0.034484375000000005 0.05995370370370372
0 0.794921875 0.3621944444444445 0.037046875000000055 0.042259259259259246
0 0.935546875 0.25563888888888886 0.031557291666666744 0.05718518518518518
0 0.8544947916666668 0.21983333333333333 0.02474999999999999 0.06282407407407405
0 0.8720729166666668 0.19812962962962963 0.03044270833333324 0.06293518518518516
0 0.5073229166666666 0.14105555555555555 0.01934895833333338 0.06851851851851852
0 0.03753645833333333 0.5160555555555556 0.04303125 0.06749074074074084
0 0.5708020833333334 0.9131944444444444 0.02947916666666662 0.06109259259259261
0 0.9067395833333334 0.4852407407407407 0.031984374999999926 0.05382407407407412
0 0.24133333333333334 0.024333333333333335 0.022291666666666644 0.04649074074074075
0 0.7216822916666668 0.20258333333333334 0.03781249999999995 0.0371388888888889
0 0.8203125 0.2905833333333333 0.03927604166666659 0.03792592592592596
0 0.7631822916666666 0.868925925925926 0.03775000000000001 0.04459259259259267
0 0.9150416666666668 0.6106759259259259 0.04443229166666664 0.04367592592592599
0 0.19396875 0.7239629629629629 0.04794270833333331 0.05121296296296291
0 0.9868177083333334 0.37348148148148147 0.02517708333333341 0.03792592592592596
0 0.7426770833333334 0.2955740740740741 0.03402604166666663 0.05102777777777779
0 0.8823229166666666 0.5234351851851852 0.03649999999999996 0.053416666666666716
0 0.98046875 0.21744444444444444 0.03582812499999998 0.036842592592592614
0 0.13879166666666667 0.027537037037037037 0.028932291666666658 0.054740740740740736
0 0.8056666666666668 0.13335185185185186 0.021453125000000028 0.06635185185185186
0 0.7768541666666666 0.16482407407407407 0.019453124999999953 0.06662037037037036
0 0.7641614583333334 0.24132407407407408 0.02908333333333341 0.058592592592592564
0 0.9272447916666666 0.12359259259259259 0.028104166666666687 0.06575925925925924
0 0.8452135416666666 0.3496111111111111 0.030729166666666665 0.04877777777777773
0 0.9008802083333334 0.3374537037037037 0.021119791666666762 0.06152777777777782
0 0.7690416666666666 0.29036111111111107 0.03390624999999995 0.05815740740740746
0 0.86328125 0.2712685185185185 0.03384375000000001 0.04950925925925929
0 0.8950208333333334 0.6766481481481481 0.04168749999999998 0.04793518518518517
0 0.2629375 0.9305555555555556 0.02606250000000001 0.0614166666666666
0 0.9272447916666666 0.8823796296296297 0.037109375 0.03149074074074073
0 0.18908854166666667 0.3461388888888889 0.045869791666666694 0.04212962962962963
0 0.7216822916666668 0.16243518518518518 0.03845312499999996 0.040768518518518496
0 0.796875 0.3164074074074074 0.024276041666666734 0.059842592592592586
0 0.5659166666666666 0.02110185185185185 0.020692708333333344 0.04085185185185184
0 0.18518229166666667 0.9131944444444444 0.019911458333333344 0.07058333333333335
0 0.4877916666666666 0.9609351851851852 0.033140625000000055 0.0533055555555556
0 0.008947916666666667 0.32508333333333334 0.017854166666666667 0.07112962962962968
0 0.36059375 0.01836111111111111 0.02442708333333338 0.03531481481481481
0 0.6596666666666666 0.030546296296296297 0.021364583333333322 0.05891666666666667
0 0.13561979166666666 0.8815092592592593 0.04037499999999999 0.047388888888888946
0 0.8271510416666668 0.23480555555555555 0.020598958333333427 0.07259259259259263
0 0.6709010416666668 0.09814814814814815 0.03726041666666665 0.03735185185185186
0 0.17138541666666668 0.024425925925925924 0.02886979166666664 0.0472037037037037
0 0.8955104166666668 0.15646296296296294 0.032229166666666725 0.05536111111111113
0 0.085390625 0.3732685185185185 0.042874999999999996 0.06380555555555553
0 0.6987291666666666 0.1014537037037037 0.017182291666666554 0.07411111111111113
0 0.01428125 0.8411481481481482 0.02763541666666667 0.040694444444444484
0 0.8076197916666668 0.2282962962962963 0.019864583333333265 0.06624074074074074
0 0.79296875 0.24935185185185185 0.022078124999999935 0.061416666666666675
0 0.8969739583333334 0.0700925925925926 0.03567708333333333 0.04571296296296297
0 0.9482447916666668 0.8368055555555556 0.030562499999999916 0.07020370370370364
0 0.9853541666666668 0.19639814814814816 0.025510416666666678 0.039305555555555545
0 0.04803645833333334 0.9184074074074075 0.027692708333333326 0.05924074074074076
0 0.8720729166666668 0.3261759259259259 0.032895833333333256 0.052898148148148146
0 0.9677760416666668 0.8719629629629629 0.03753645833333342 0.04187962962962965
0 0.2934583333333334 0.014611111111111113 0.03482291666666661 0.02826851851851852
0 0.9453125 0.1272777777777778 0.023958333333333335 0.061527777777777765
0 0.8139635416666666 0.056749999999999995 0.03881770833333344 0.038712962962962956
0 0.9047864583333334 0.049046296296296296 0.04122916666666659 0.048314814814814824
0 0.8662135416666668 0.10411111111111111 0.04257291666666655 0.04291666666666667
0 0.9311510416666666 0.031842592592592596 0.02279687499999999 0.05750925925925925
0 0.015395833333333333 0.9114629629629629 0.030791666666666665 0.06500000000000004
0 0.96484375 0.42924999999999996 0.023145833333333362 0.03260185185185189
0 0.8515625 0.02424074074074074 0.017380208333333275 0.04831481481481481
0 0.049958333333333334 0.05566666666666666 0.03823958333333333 0.05094444444444444
0 0.008317708333333333 0.17501851851851852 0.015838541666666667 0.03203703703703706
0 0.6435572916666668 0.9088518518518518 0.03970312500000001 0.03684259259259256
0 0.6840833333333334 0.01585185185185185 0.020093749999999962 0.030657407407407408
0 0.5483385416666666 0.9678796296296296 0.03817708333333337 0.0640185185185185
0 0.41796875 0.06450925925925927 0.015249999999999986 0.029490740740740734
0 0.04830729166666667 0.9661481481481482 0.03656249999999999 0.04820370370370365
0 0.9560572916666668 0.9531296296296298 0.031083333333333248 0.06813888888888892
0 0.05429166666666666 0.8676203703703703 0.034546875000000005 0.05360185185185194
0 0.31128125 0.6267407407407407 0.01942187499999998 0.04578703703703708
0 0.4470208333333333 0.9782962962962962 0.044187499999999956 0.040148148148148266
0 0.08569270833333334 0.9791666666666666 0.03634895833333334 0.036296296296296125
0 0.11758854166666667 0.20008333333333334 0.04124479166666666 0.040601851851851875
0 0.12877604166666667 0.2479074074074074 0.04184375000000002 0.037759259259259235
0 0.10339583333333334 0.34346296296296297 0.034062500000000016 0.04488888888888891
0 0.12158333333333333 0.9827870370370371 0.03896875000000001 0.03442592592592578
0 0.8422864583333334 0.9809074074074076 0.037046875000000055 0.027203703703703806
0 0.2474375 0.973962962962963 0.03781250000000001 0.048666666666666615
0 0.4450677083333333 0.8823796296296297 0.023026041666666684 0.04980555555555552
0 0.38159375 0.28624074074074074 0.03607291666666666 0.0614166666666667
0 0.7416979166666666 0.006435185185185186 0.018583333333333247 0.012712962962962964
0 0.9418958333333334 0.9696203703703704 0.029588541666666638 0.013314814814814916
0 0.9784166666666666 0.980037037037037 0.04316666666666672 0.02658333333333337
0 0.14990625 0.2008888888888889 0.03305729166666668 0.07100000000000001
0 0.17691145833333335 0.2097037037037037 0.03393749999999998 0.07226851851851852
0 0.39438020833333337 0.14881481481481482 0.031020833333333307 0.04610185185185187
0 0.38428645833333336 0.1112037037037037 0.0405885416666667 0.046388888888888896
0 0.509578125 0.24573148148148147 0.03965625000000005 0.047435185185185205
0 0.49957291666666664 0.20419444444444446 0.04372916666666669 0.03607407407407406
0 0.5204687499999999 0.1687962962962963 0.01964062500000002 0.0848240740740741
0 0.5436718749999999 0.1547962962962963 0.01927604166666678 0.07190740740740738
0 0.5588125 0.11231481481481481 0.02971874999999997 0.05614814814814816
0 0.6388593749999999 0.23912037037037037 0.028276041666666647 0.06567592592592596
0 0.6253958333333334 0.2916666666666667 0.04527604166666658 0.04368518518518514
0 0.6586875 0.28049999999999997 0.03889062500000004 0.05658333333333335
0 0.3960677083333334 0.6436851851851851 0.02016145833333335 0.065425925925926
0 0.6301197916666667 0.42100925925925925 0.042916666666666714 0.03681481481481481
0 0.6370260416666667 0.38419444444444445 0.043265625000000085 0.04749074074074071
0 0.587265625 0.39143518518518516 0.03655729166666669 0.05441666666666665
0 0.9895677083333333 0.43562962962962964 0.020864583333333304 0.05851851851851856
0 0.990453125 0.32455555555555554 0.019093749999999923 0.04412037037037035
0 0.993109375 0.27547222222222223 0.01378125000000002 0.04037962962962964
0 0.8803489583333334 0.2850740740740741 0.0488437500000001 0.03168518518518521
0 0.9737656250000001 0.14678703703703705 0.03375520833333331 0.05959259259259261
0 0.965 0.10887037037037035 0.03180729166666675 0.044148148148148145
0 0.017307291666666665 0.5135740740740741 0.023932291666666668 0.06862962962962973
0 0.00625 0.4949074074074074 0.0125 0.062037037037037036
0 0.18115625 0.10725925925925926 0.04432291666666668 0.03706481481481483
0 0.37908854166666667 0.028416666666666666 0.017562500000000016 0.05683333333333333
0 0.274265625 0.3092222222222222 0.033161458333333345 0.0668703703703704
0 0.072921875 0.5276203703703705 0.021817708333333328 0.05937962962962952
0 0.4750260416666666 0.5407407407407407 0.03964062499999995 0.03759259259259251
0 0.5344635416666667 0.4421203703703704 0.02542708333333336 0.04765740740740743