0 0.457552 0.682407 0.029687 0.066667
0 0.187760 0.561111 0.032813 0.050000
0 0.334115 0.624074 0.021354 0.061111
0 0.400260 0.537963 0.030729 0.057407
0 0.371615 0.603704 0.021354 0.062963
0 0.301042 0.654630 0.027083 0.059259
0 0.594531 0.421759 0.025521 0.063889
0 0.566667 0.597685 0.031250 0.052778
0 0.460156 0.623148 0.021354 0.062963
0 0.240625 0.608333 0.033333 0.046296
0 0.532292 0.407870 0.023958 0.063889
0 0.687760 0.600463 0.026562 0.062037
0 0.437240 0.463889 0.028646 0.061111
0 0.707292 0.628704 0.023958 0.062963
0 0.524219 0.647222 0.033854 0.053704
0 0.582812 0.556481 0.022917 0.068519
0 0.162760 0.645833 0.040104 0.049074
0 0.544010 0.819907 0.030729 0.056481
0 0.364844 0.787037 0.034896 0.044444
0 0.448958 0.537500 0.035417 0.045370
0 0.350781 0.855093 0.027604 0.054630
0 0.355729 0.675926 0.031250 0.057407
0 0.172656 0.514815 0.036979 0.051852
0 0.478646 0.485185 0.019792 0.068519
0 0.259115 0.709722 0.021354 0.065741
0 0.625521 0.658796 0.023958 0.067593
0 0.196354 0.802778 0.025000 0.062963
0 0.450781 0.361111 0.029687 0.057407
0 0.468229 0.388426 0.018750 0.063889
0 0.495833 0.618981 0.019792 0.065741
0 0.474219 0.883796 0.035937 0.054630
0 0.305990 0.430556 0.021354 0.061111
0 0.468229 0.290278 0.028125 0.058333
0 0.336198 0.775463 0.020313 0.065741
0 0.923438 0.631944 0.033333 0.062037
0 0.395052 0.497685 0.033854 0.043519
0 0.664323 0.347685 0.026562 0.062037
0 0.342969 0.495370 0.027604 0.064815
0 0.632552 0.827315 0.035937 0.056481
0 0.893750 0.619907 0.035417 0.056481
0 0.169531 0.759722 0.026562 0.058333
0 0.191927 0.226389 0.034896 0.045370
0 0.384375 0.465278 0.026042 0.063889
0 0.604167 0.756944 0.034375 0.056481
0 0.329167 0.343519 0.036458 0.040741
0 0.258854 0.430556 0.034375 0.059259
0 0.504687 0.831944 0.025000 0.060185
0 0.673177 0.808333 0.038021 0.042593
0 0.682292 0.745833 0.035417 0.054630
0 0.326562 0.271759 0.028125 0.056481
0 0.436458 0.414815 0.038542 0.044444
0 0.273177 0.545833 0.036979 0.054630
0 0.470313 0.777778 0.035417 0.038889
0 0.240625 0.268981 0.023958 0.060185
0 0.504687 0.485185 0.017708 0.068519
0 0.404948 0.655556 0.038021 0.038889
0 0.556250 0.733796 0.021875 0.065741
0 0.659635 0.529167 0.036979 0.050926
0 0.411719 0.433333 0.025521 0.066667
0 0.286979 0.225463 0.034375 0.043519
0 0.641406 0.777778 0.032813 0.053704
0 0.284896 0.443981 0.019792 0.065741
0 0.583854 0.319907 0.034375 0.041667
0 0.678906 0.461574 0.029687 0.063889
0 0.185677 0.464352 0.033854 0.056481
0 0.869010 0.628704 0.034896 0.059259
0 0.152604 0.801852 0.038542 0.042593
0 0.300260 0.105093 0.022396 0.067593
0 0.280208 0.706481 0.018750 0.064815
0 0.662500 0.578704 0.021875 0.059259
0 0.282552 0.870833 0.034896 0.045370
0 0.941406 0.252315 0.021354 0.067593
0 0.817708 0.756944 0.030208 0.056481
0 0.689323 0.397685 0.032813 0.054630
0 0.483854 0.325463 0.020833 0.067593
0 0.447656 0.087500 0.027604 0.054630
0 0.581510 0.814815 0.020313 0.070370
0 0.270313 0.333796 0.025000 0.063889
0 0.507031 0.343056 0.020313 0.067593
0 0.205990 0.187500 0.021354 0.063889
0 0.535417 0.210648 0.031250 0.058333
0 0.241406 0.462037 0.031771 0.068519
0 0.301042 0.343519 0.036458 0.044444
0 0.203125 0.743519 0.034375 0.037037
0 0.540625 0.129167 0.032292 0.060185
0 0.223438 0.729167 0.038542 0.050926
0 0.306510 0.280093 0.021354 0.065741
0 0.330729 0.097685 0.018750 0.065741
0 0.321354 0.859259 0.032292 0.042593
0 0.591406 0.075463 0.033854 0.049074
0 0.167187 0.346759 0.038542 0.045370
0 0.240885 0.703704 0.018229 0.061111
0 0.401823 0.331944 0.028646 0.071296
0 0.372135 0.094444 0.021354 0.061111
0 0.882552 0.753704 0.034896 0.057407
0 0.853125 0.825000 0.034375 0.059259
0 0.289844 0.183796 0.035937 0.037963
0 0.846875 0.275000 0.028125 0.062963
0 0.184635 0.617593 0.035937 0.035185
0 0.231510 0.798611 0.035937 0.058333
0 0.562240 0.104630 0.031771 0.059259
0 0.880469 0.413889 0.022396 0.066667
0 0.418229 0.062500 0.021875 0.065741
0 0.934375 0.836111 0.034375 0.055556
0 0.671615 0.182870 0.030729 0.062037
0 0.206250 0.325926 0.028125 0.062963
0 0.394271 0.827778 0.034375 0.053704
0 0.796094 0.610185 0.038021 0.055556
0 0.912760 0.300000 0.024479 0.064815
0 0.250000 0.845833 0.035417 0.041667
0 0.956250 0.791204 0.032292 0.058333
0 0.623437 0.222222 0.023958 0.059259
0 0.756250 0.256481 0.031250 0.062963
0 0.720833 0.234259 0.017708 0.062963
0 0.128906 0.258796 0.025521 0.065741
0 0.941667 0.355093 0.028125 0.062037
0 0.955208 0.717593 0.039583 0.038889
0 0.277344 0.602315 0.027604 0.036111
0 0.304167 0.714815 0.021875 0.074074
0 0.220312 0.134259 0.023958 0.064815
0 0.290625 0.272685 0.023958 0.063889
0 0.672656 0.239815 0.036979 0.038889
0 0.820573 0.244907 0.017188 0.067593
0 0.109635 0.771759 0.039062 0.041667
0 0.356510 0.749074 0.034896 0.037037
0 0.127604 0.647685 0.025000 0.065741
0 0.740104 0.389815 0.031250 0.040741
0 0.851562 0.691667 0.023958 0.064815
0 0.987240 0.700463 0.021354 0.063889
0 0.866927 0.112500 0.031771 0.058333
0 0.634896 0.263889 0.036458 0.040741
0 0.255469 0.288889 0.020313 0.061111
0 0.524219 0.866204 0.022396 0.058333
0 0.982292 0.784722 0.027083 0.067593
0 0.374740 0.879167 0.023438 0.062037
0 0.361458 0.541667 0.027083 0.066667
0 0.773698 0.055556 0.028646 0.061111
0 0.904427 0.537963 0.020313 0.064815
0 0.396354 0.088426 0.032292 0.058333
0 0.515625 0.087037 0.030208 0.061111
0 0.843490 0.221759 0.032813 0.052778
0 0.523177 0.709722 0.039062 0.034259
0 0.142969 0.455556 0.038021 0.033333
0 0.594010 0.202778 0.019271 0.062963
0 0.102604 0.306944 0.029167 0.069444
0 0.702344 0.267130 0.019271 0.073148
0 0.718490 0.417130 0.019271 0.065741
0 0.331250 0.180093 0.022917 0.069444
0 0.969010 0.343519 0.035937 0.053704
0 0.094792 0.407407 0.034375 0.051852
0 0.199740 0.116204 0.024479 0.062037
0 0.537240 0.756944 0.021354 0.067593
0 0.396875 0.899074 0.039583 0.042593
0 0.078646 0.749537 0.028125 0.054630
0 0.115885 0.465741 0.025521 0.066667
0 0.706771 0.181481 0.036458 0.059259
0 0.796615 0.089352 0.020313 0.067593
0 0.344531 0.418056 0.026562 0.073148
0 0.777604 0.876852 0.020833 0.070370
0 0.197656 0.374074 0.031771 0.053704
0 0.789844 0.925000 0.019271 0.062963
0 0.379688 0.725926 0.028125 0.040741
0 0.982031 0.224537 0.034896 0.043519
0 0.147135 0.494444 0.025521 0.064815
0 0.828385 0.636111 0.026562 0.064815
0 0.635938 0.086574 0.018750 0.052778
0 0.134896 0.423611 0.034375 0.039815
0 0.537760 0.055556 0.018229 0.068519
0 0.060156 0.813426 0.035937 0.047222
0 0.240625 0.380093 0.036458 0.039815
0 0.356771 0.294444 0.031250 0.070370
0 0.984635 0.417130 0.029687 0.049074
0 0.133594 0.334722 0.028646 0.060185
0 0.187500 0.176852 0.020833 0.066667
0 0.251563 0.213889 0.038542 0.040741
0 0.681771 0.068981 0.018750 0.069444
0 0.984635 0.187963 0.028646 0.040741
0 0.125260 0.185185 0.036979 0.048148
0 0.601823 0.916204 0.018229 0.065741
0 0.759115 0.422222 0.040104 0.053704
0 0.345052 0.036111 0.021354 0.068519
0 0.471615 0.042593 0.017188 0.070370
0 0.521094 0.770370 0.016146 0.068519
0 0.889323 0.204630 0.019271 0.053704
0 0.111198 0.220833 0.031771 0.056481
0 0.625781 0.048611 0.018229 0.071296
0 0.732812 0.031481 0.023958 0.053704
0 0.250260 0.033796 0.023438 0.065741
0 0.200781 0.039815 0.033854 0.061111
0 0.819531 0.168981 0.018229 0.073148
0 0.152604 0.288889 0.033333 0.066667
0 0.158073 0.135185 0.041146 0.046296
0 0.374219 0.035648 0.019271 0.069444
0 0.054167 0.428704 0.023958 0.064815
0 0.454427 0.039815 0.017188 0.064815
0 0.833333 0.059259 0.037500 0.048148
0 0.777604 0.138426 0.037500 0.045370
0 0.217708 0.062963 0.035417 0.044444
0 0.157031 0.041204 0.034896 0.058333
0 0.953385 0.106019 0.025521 0.069444
0 0.162240 0.845370 0.033854 0.074074
0 0.298438 0.032407 0.038542 0.048148
0 0.570052 0.905093 0.030729 0.052778
0 0.096354 0.198148 0.026042 0.057407
0 0.046094 0.374537 0.030729 0.052778
0 0.129688 0.511574 0.022917 0.065741
0 0.063021 0.661574 0.029167 0.071296
0 0.986719 0.623611 0.022396 0.041667
0 0.436979 0.943981 0.035417 0.036111
0 0.029167 0.670833 0.021875 0.063889
0 0.794271 0.445833 0.037500 0.056481
0 0.026562 0.752315 0.021875 0.069444
0 0.905469 0.032870 0.039062 0.039815
0 0.984635 0.115278 0.027604 0.062037
0 0.019531 0.410648 0.030729 0.052778
0 0.938281 0.914352 0.043229 0.043519
0 0.644531 0.013889 0.028646 0.025926
0 0.149219 0.080556 0.041146 0.042593
0 0.398438 0.935185 0.039583 0.037037
0 0.038542 0.874074 0.027083 0.068519
0 0.127344 0.066204 0.030729 0.060185
0 0.969792 0.098148 0.028125 0.051852
0 0.135156 0.856019 0.045312 0.056481
0 0.662500 0.942130 0.035417 0.039815
0 0.694271 0.012500 0.023958 0.023148
0 0.508594 0.974074 0.029687 0.044444
0 0.039844 0.281019 0.019271 0.043519
0 0.028646 0.284259 0.021875 0.066667
0 0.450781 0.968981 0.022396 0.056481
0 0.485677 0.973611 0.022396 0.052778
0 0.896354 0.966667 0.032292 0.059259
0 0.091667 0.850926 0.035417 0.050000
0 0.563802 0.976389 0.033854 0.021296
0 0.469271 0.965741 0.020833 0.050000
0 0.019792 0.943981 0.036458 0.047222
0 0.280469 0.951852 0.032813 0.050000
0 0.249219 0.113426 0.040104 0.069444
0 0.283854 0.083333 0.032292 0.068519
0 0.270573 0.138889 0.032813 0.062963
0 0.220052 0.505093 0.024479 0.073148
0 0.233333 0.537500 0.032292 0.052778
0 0.199740 0.636111 0.038021 0.061111
0 0.226042 0.636574 0.020833 0.065741
0 0.212240 0.690278 0.035937 0.049074
0 0.252083 0.564352 0.044792 0.043519
0 0.261979 0.484259 0.029167 0.059259
0 0.226562 0.225463 0.033333 0.067593
0 0.346875 0.151852 0.019792 0.075926
0 0.357812 0.158333 0.025000 0.068519
0 0.396875 0.149074 0.037500 0.062963
0 0.384375 0.195833 0.035417 0.067593
0 0.359635 0.213426 0.035937 0.062037
0 0.405469 0.232407 0.041146 0.064815
0 0.434375 0.244907 0.023958 0.076852
0 0.426563 0.162037 0.027083 0.072222
0 0.437760 0.126852 0.026562 0.072222
0 0.459115 0.222685 0.025521 0.076852
0 0.443750 0.288889 0.029167 0.079630
0 0.484375 0.162963 0.033333 0.074074
0 0.504687 0.181019 0.027083 0.078704
0 0.546615 0.176389 0.033854 0.069444
0 0.559375 0.228241 0.042708 0.049074
0 0.524740 0.271296 0.034896 0.066667
0 0.544792 0.318981 0.045833 0.043519
0 0.535156 0.352315 0.038021 0.058333
0 0.555990 0.446296 0.038021 0.044444
0 0.565365 0.487963 0.043229 0.068519
0 0.538802 0.507407 0.031771 0.074074
0 0.553906 0.554630 0.031771 0.068519
0 0.515625 0.555556 0.043750 0.053704
0 0.524219 0.603241 0.041146 0.056481
0 0.327604 0.564815 0.042708 0.048148
0 0.293750 0.526389 0.031250 0.063889
0 0.343490 0.718519 0.036979 0.044444
0 0.255729 0.345370 0.025000 0.048148
0 0.297135 0.386111 0.047396 0.033333
0 0.327083 0.397685 0.036458 0.043519
0 0.623958 0.358333 0.031250 0.087037
0 0.614062 0.289815 0.030208 0.059259
0 0.746354 0.165741 0.040625 0.040741
0 0.741146 0.210185 0.020833 0.068519
0 0.769010 0.212500 0.042188 0.060185
0 0.780729 0.178704 0.034375 0.046296
0 0.989323 0.493519 0.020313 0.087037
0 0.678906 0.985185 0.038021 0.027778
0 0.714063 0.985185 0.032292 0.029630
0 0.754687 0.981944 0.038542 0.036111
0 0.484375 0.814815 0.038542 0.048148
0 0.502865 0.747222 0.039062 0.040741
0 0.505208 0.767130 0.027083 0.045370
0 0.377604 0.386111 0.028125 0.066667
0 0.446875 0.448148 0.018750 0.024074
0 0.488021 0.893056 0.033333 0.043519
0 0.611979 0.025000 0.021875 0.048148
0 0.440104 0.576852 0.038542 0.044444
