0 0.41699479166666664 0.6805555555555556 0.02780208333333339 0.062333333333333275
0 0.330078125 0.5651018518518518 0.034182291666666725 0.049962962962962994
0 0.3303229166666667 0.4956574074074074 0.03402604166666663 0.05056481481481478
0 0.24340625 0.4900185185185185 0.03521875 0.049888888888888934
0 0.533203125 0.6341111111111112 0.02865624999999999 0.06309259259259269
0 0.1818854166666667 0.5798611111111112 0.028062499999999997 0.06282407407407399
0 0.21630729166666668 0.5828981481481481 0.030562499999999975 0.06575925925925924
0 0.4614270833333334 0.625 0.022031249999999978 0.06879629629629626
0 0.6084010416666668 0.3849814814814815 0.03277604166666658 0.053416666666666716
0 0.6259791666666668 0.4346759259259259 0.029249999999999925 0.060490740740740775
0 0.21496354166666667 0.4351111111111111 0.03521875 0.05642592592592587
0 0.5258802083333334 0.4346759259259259 0.035276041666666674 0.04758333333333332
0 0.3855 0.7352407407407406 0.04016145833333328 0.04383333333333326
0 0.697265625 0.5334166666666667 0.031369791666666674 0.052000000000000074
0 0.456296875 0.5303796296296296 0.023999999999999962 0.062333333333333275
0 0.3950208333333334 0.2806018518518519 0.030729166666666665 0.050944444444444424
0 0.2907708333333333 0.3328981481481481 0.03114062499999998 0.05935185185185187
0 0.263671875 0.34591666666666665 0.034609375000000026 0.05064814814814819
0 0.48340104166666664 0.7434907407407407 0.03521875000000006 0.046064814814814815
0 0.17956770833333333 0.5091111111111112 0.03302083333333332 0.06076851851851841
0 0.6826197916666668 0.5069444444444444 0.03353645833333327 0.05610185185185178
0 0.2595208333333333 0.4309907407407408 0.023697916666666666 0.07139814814814816
0 0.3852552083333334 0.13780555555555557 0.026109375000000056 0.058592592592592606
0 0.5126979166666666 0.29253703703703704 0.021531249999999957 0.05815740740740746
0 0.443359375 0.32422222222222224 0.03643750000000002 0.033750000000000044
0 0.2561041666666667 0.20974074074074076 0.021989583333333347 0.06889814814814817
0 0.658203125 0.17133333333333334 0.028703125000000065 0.0584814814814815
0 0.4045416666666667 0.3426666666666667 0.020338541666666644 0.06369444444444441
0 0.4360364583333334 0.42165740740740737 0.024567708333333372 0.06087037037037038
0 0.26440625000000006 0.6228333333333333 0.040770833333333346 0.053712962962962955
0 0.35644791666666664 0.4960925925925926 0.028104166666666687 0.05870370370370374
0 0.37890625 0.6783888888888888 0.03896874999999997 0.044675925925925924
0 0.23547395833333334 0.42274074074074075 0.025802083333333316 0.061194444444444475
0 0.5541979166666666 0.493925925925926 0.021286458333333275 0.06737962962962961
0 0.3933125 0.6267407407407407 0.019239583333333362 0.06722222222222214
0 0.4682604166666666 0.4414074074074074 0.03555208333333333 0.03798148148148146
0 0.4008802083333334 0.22548148148148148 0.02780208333333339 0.0634259259259259
0 0.2839375 0.1722037037037037 0.027010416666666613 0.06537962962962965
0 0.3708489583333333 0.3166203703703704 0.018937499999999947 0.06900925925925923
0 0.6743177083333334 0.36024074074074075 0.03423958333333322 0.04866666666666672
0 0.2875989583333334 0.4557314814814814 0.030333333333333337 0.0691759259259259
0 0.3264166666666667 0.10937962962962963 0.02780208333333339 0.06439814814814816
0 0.478515625 0.27582407407407405 0.03253125000000002 0.04031481481481478
0 0.4448229166666666 0.8159722222222222 0.031312499999999945 0.05587962962962954
0 0.57421875 0.20898148148148146 0.02052083333333338 0.07166666666666664
0 0.6650416666666668 0.22102777777777777 0.02229166666666676 0.0652685185185185
0 0.552734375 0.7773425925925925 0.02263020833333324 0.06390740740740739
0 0.1818854166666667 0.1812037037037037 0.03589062499999998 0.054527777777777765
0 0.1994635416666667 0.1380185185185185 0.030333333333333337 0.06271296296296298
0 0.060213541666666676 0.30424999999999996 0.028973958333333338 0.06537962962962965
0 0.662109375 0.4743888888888889 0.03488020833333323 0.04275000000000002
0 0.1588125 0.5885462962962963 0.023515624999999988 0.06559259259259252
0 0.3833020833333334 0.42968518518518517 0.035890625000000044 0.03303703703703699
0 0.7124010416666666 0.7174444444444444 0.030625000000000093 0.05750925925925917
0 0.412109375 0.46093518518518517 0.03402604166666663 0.0434259259259259
0 0.4213854166666666 0.26062962962962966 0.03567708333333333 0.03586111111111113
0 0.24658333333333335 0.6610277777777778 0.040770833333333346 0.034074074074074034
0 0.55078125 0.8867222222222222 0.03567708333333333 0.055037037037037086
0 0.16369791666666667 0.11686111111111111 0.02645833333333331 0.06900925925925926
0 0.53515625 0.525611111111111 0.024473958333333278 0.06635185185185193
0 0.5883802083333334 0.7625833333333334 0.03402604166666663 0.0411481481481482
0 0.591796875 0.7105 0.03689583333333341 0.04350925925925927
0 0.32910416666666664 0.6679722222222222 0.040468750000000026 0.05351851851851848
0 0.4216302083333333 0.11860185185185186 0.032838541666666644 0.05094444444444444
0 0.5112291666666666 0.8541666666666666 0.03408854166666669 0.047037037037036995
0 0.3481458333333334 0.6419259259259259 0.03271354166666664 0.058703703703703786
0 0.7329114583333334 0.35264814814814816 0.022322916666666734 0.05783333333333337
0 0.11242708333333334 0.34396296296296297 0.041078125 0.04502777777777777
0 0.529296875 0.2484814814814815 0.03515625 0.0588148148148148
0 0.09930208333333333 0.5694444444444444 0.04153645833333333 0.044435185185185196
0 0.25121874999999994 0.8320277777777778 0.034364583333333316 0.059953703703703703
0 0.233765625 0.2054074074074074 0.02041666666666669 0.07112962962962963
0 0.5200208333333334 0.12890740740740741 0.022031249999999978 0.06955555555555556
0 0.5043958333333334 0.22396296296296295 0.023729166666666638 0.06439814814814813
0 0.260984375 0.26952777777777776 0.04232812500000002 0.040851851851851854
0 0.414796875 0.4166666666666667 0.020291666666666687 0.0651018518518518
0 0.112 0.2615 0.021406250000000012 0.06271296296296298
0 0.5473645833333334 0.0639074074074074 0.03210416666666666 0.05783333333333334
0 0.4353020833333333 0.6289074074074075 0.028703124999999947 0.05686111111111119
0 0.5141614583333334 0.5724814814814815 0.031984375000000044 0.04747222222222221
0 0.08105729166666667 0.35568518518518516 0.037046875 0.044518518518518554
0 0.045197916666666664 0.5034722222222222 0.03582812500000001 0.0588148148148148
0 0.765625 0.24153703703703705 0.027010416666666735 0.06087037037037038
0 0.5849635416666668 0.5967870370370371 0.02044791666666678 0.06537962962962954
0 0.8588854166666666 0.39799999999999996 0.030276041666666722 0.051509259259259255
0 0.108765625 0.10780555555555556 0.03726041666666668 0.05015740740740742
0 0.19738541666666667 0.08555555555555557 0.033536458333333324 0.04942592592592592
0 0.353515625 0.389537037037037 0.03839062500000002 0.05026851851851848
0 0.5200208333333334 0.5403611111111112 0.02769270833333337 0.054009259259259194
0 0.21984895833333334 0.13704629629629628 0.021364583333333322 0.06293518518518519
0 0.212890625 0.19672222222222224 0.021010416666666684 0.0735648148148148
0 0.7763697916666668 0.16416666666666668 0.022416666666666647 0.0661388888888889
0 0.6015625 0.5729166666666666 0.022463541666666722 0.058055555555555596
0 0.6791979166666666 0.7847222222222222 0.03460937499999991 0.0349166666666667
0 0.6303697916666666 0.6909722222222222 0.020598958333333427 0.06500000000000004
0 0.1428229166666667 0.15928703703703703 0.01976041666666668 0.06462037037037038
0 0.796875 0.3572037037037037 0.020645833333333266 0.06862962962962964
0 0.923828125 0.6953148148148148 0.03460937499999991 0.03553703703703714
0 0.93359375 0.7508703703703704 0.029312500000000106 0.048666666666666615
0 0.8989270833333334 0.7708333333333334 0.02571354166666661 0.06500000000000004
0 0.17822395833333332 0.3899722222222222 0.04177604166666669 0.04147222222222219
0 0.12347395833333333 0.4613703703703703 0.02865624999999999 0.06775925925925932
0 0.041838541666666666 0.41514814814814816 0.02307291666666666 0.06900925925925923
0 0.18273958333333334 0.6892407407407407 0.04025520833333331 0.04147222222222219
0 0.8579114583333334 0.496962962962963 0.031312499999999945 0.06190740740740737
0 0.21863020833333333 0.7052962962962963 0.028703125000000006 0.04649074074074078
0 0.7651354166666666 0.38758333333333334 0.022416666666666647 0.06450925925925922
0 0.7646510416666668 0.34158333333333335 0.026765624999999935 0.05663888888888885
0 0.5673854166666668 0.5750833333333334 0.022203125000000056 0.06722222222222214
0 0.3337395833333333 0.8467870370370371 0.02606249999999998 0.07009259259259264
0 0.2161875 0.04793518518518519 0.03845312500000002 0.05341666666666667
0 0.08301041666666667 0.6380185185185184 0.024093749999999994 0.07302777777777768
0 0.5615260416666668 0.16916666666666666 0.019166666666666762 0.0661388888888889
0 0.7446302083333334 0.7256944444444444 0.03753645833333342 0.045111111111111137
0 0.6879895833333334 0.11577777777777777 0.02332812499999998 0.0703148148148148
0 0.8671875 0.3502592592592592 0.03423958333333322 0.04877777777777773
0 0.3806145833333333 0.8311666666666666 0.023557291666666678 0.07177777777777776
0 0.29785416666666664 0.08246296296296296 0.025619791666666693 0.0635277777777778
0 0.292234375 0.556425925925926 0.03408854166666669 0.044435185185185196
0 0.20605729166666667 0.5160555555555556 0.022463541666666663 0.07156481481481478
0 0.4118645833333333 0.5789907407407406 0.017713541666666662 0.06927777777777772
0 0.2204583333333333 0.8138055555555556 0.030333333333333337 0.05311111111111102
0 0.07134895833333334 0.4121111111111111 0.038114583333333334 0.04912962962962968
0 0.2497552083333333 0.0899537037037037 0.02017187500000001 0.06526851851851853
0 0.7978541666666668 0.8710925925925925 0.026854166666666637 0.0551481481481481
0 0.8862291666666666 0.6749166666666666 0.03402604166666663 0.05826851851851858
0 0.018187500000000002 0.4079907407407407 0.027526041666666664 0.06862962962962964
0 0.11920312500000001 0.048935185185185186 0.025510416666666678 0.06760185185185186
0 0.9135729166666666 0.8294259259259259 0.029416666666666678 0.056314814814814755
0 0.4633802083333334 0.0765 0.018156249999999947 0.06548148148148147
0 0.4558125 0.7434907407407407 0.020291666666666687 0.07177777777777776
0 0.4067395833333334 0.09456481481481481 0.03683333333333335 0.04877777777777778
0 0.095703125 0.08897222222222223 0.04370312499999998 0.05045370370370371
0 0.09967187500000001 0.4921851851851851 0.029708333333333344 0.058268518518518525
0 0.389890625 0.05962037037037037 0.026854166666666637 0.06380555555555555
0 0.138671875 0.6462685185185185 0.04052604166666665 0.050944444444444424
0 0.7866197916666666 0.7161481481481482 0.04147395833333339 0.04858333333333336
0 0.04068229166666667 0.23785185185185184 0.036161458333333334 0.058916666666666666
0 0.861328125 0.5572962962962963 0.023192708333333437 0.05652777777777773
0 0.857421875 0.7643240740740741 0.03616145833333325 0.03290740740740737
0 0.9052760416666668 0.4839444444444444 0.03896875000000009 0.04676851851851851
0 0.3205572916666667 0.04052777777777778 0.025328125000000055 0.06130555555555555
0 0.3142083333333333 0.8151018518518518 0.02844270833333328 0.07373148148148158
0 0.2631822916666667 0.14496296296296296 0.019760416666666634 0.06944444444444445
0 0.08038541666666667 0.2615 0.034364583333333344 0.06944444444444445
0 0.180296875 0.6536481481481482 0.04223437500000002 0.0349166666666667
0 0.7495104166666666 0.1534259259259259 0.01934895833333338 0.06700000000000002
0 0.6352552083333334 0.04703703703703704 0.03384375000000001 0.050564814814814805
0 0.2890625 0.8710925925925925 0.03845312499999996 0.05074999999999995
0 0.6176770833333334 0.8867222222222222 0.03372395833333333 0.05815740740740736
0 0.361328125 0.08018518518518518 0.020890624999999947 0.06499999999999999
0 0.9252916666666666 0.8914907407407406 0.03454687499999996 0.045351851851851865
0 0.32129166666666664 0.16536111111111113 0.041135416666666674 0.04562962962962966
0 0.16259895833333332 0.026379629629629624 0.029875000000000006 0.05251851851851852
0 0.4760729166666666 0.037925925925925925 0.019270833333333334 0.06488888888888888
0 0.6787135416666668 0.7222222222222222 0.019838541666666744 0.06586111111111122
0 0.3049322916666667 0.2480462962962963 0.043947916666666725 0.0481203703703704
0 0.1423333333333333 0.03265740740740741 0.026963541666666656 0.05750925925925926
0 0.525390625 0.06223148148148148 0.020338541666666703 0.06775925925925927
0 0.9501979166666668 0.6371574074074075 0.023958333333333335 0.06087037037037038
0 0.285890625 0.11447222222222221 0.03616145833333337 0.05599074074074075
0 0.14575 0.22396296296296295 0.02386458333333336 0.06862962962962964
0 0.8974635416666668 0.2990462962962963 0.03192187499999998 0.06624074074074071
0 0.10705729166666668 0.4138425925925926 0.03521875 0.05772222222222225
0 0.022536458333333335 0.5603333333333333 0.040375 0.03594444444444438
0 0.96484375 0.5364629629629629 0.02838020833333322 0.059953703703703703
0 0.307859375 0.6059074074074075 0.03881770833333332 0.05112962962962966
0 0.5415052083333334 0.1510462962962963 0.018052083333333316 0.06537962962962965
0 0.13855208333333333 0.5151944444444444 0.03079166666666667 0.049962962962962994
0 0.6772447916666666 0.849388888888889 0.019864583333333265 0.06049074074074067
0 0.448484375 0.04578703703703704 0.021531249999999957 0.06787037037037036
0 0.7211927083333334 0.2008425925925926 0.036989583333333326 0.03954629629629628
0 0.08959895833333334 0.7938333333333334 0.03418229166666666 0.06109259259259261
0 0.07574479166666667 0.21875 0.03469791666666667 0.04622222222222221
0 0.23058854166666667 0.5290833333333333 0.03198437499999998 0.03629629629629634
0 0.7314479166666668 0.2923148148148148 0.019166666666666762 0.05674999999999997
0 0.87109375 0.29275 0.03114062499999998 0.062009259259259285
0 0.19580208333333332 0.775611111111111 0.04168749999999998 0.0419629629629629
0 0.2854010416666667 0.7660555555555556 0.0288697916666667 0.05837962962962959
0 0.29980729166666664 0.724824074074074 0.04263541666666661 0.04375925925925925
0 0.98828125 0.4346759259259259 0.020645833333333266 0.06488888888888893
0 0.8920885416666666 0.4398888888888889 0.03891145833333335 0.03355555555555556
0 0.039125 0.6610277777777778 0.024703125000000003 0.07112962962962957
0 0.23828125 0.8559074074074075 0.03896874999999997 0.04212962962962963
0 0.9750989583333334 0.46875 0.023557291666666678 0.06662037037037041
0 0.8764635416666666 0.6354166666666666 0.035218749999999945 0.05150925925925936
0 0.9721666666666666 0.5868055555555556 0.03854166666666667 0.04578703703703708
0 0.7959010416666668 0.25715740740740745 0.025953124999999962 0.06662037037037039
0 0.853515625 0.45051851851851854 0.03845312499999996 0.0477407407407408
0 0.947265625 0.22374074074074074 0.03302083333333338 0.05330555555555558
0 0.3549791666666666 0.28971296296296295 0.031203125000000043 0.0456296296296296
0 0.9750989583333334 0.2923148148148148 0.03656249999999991 0.04543518518518523
0 0.082703125 0.8546018518518519 0.03521875 0.06401851851851861
0 0.697265625 0.8975740740740741 0.03891145833333335 0.040694444444444484
0 0.11029166666666666 0.755638888888889 0.027223958333333322 0.06635185185185193
0 0.8276354166666666 0.84375 0.035947916666666656 0.06390740740740739
0 0.8388697916666668 0.9097222222222222 0.037901041666666656 0.04147222222222219
0 0.23816145833333333 0.8897592592592594 0.03881770833333332 0.04383333333333326
0 0.9677760416666668 0.2008425925925926 0.03253125000000002 0.05037037037037035
0 0.012625 0.37825925925925924 0.025041666666666667 0.06390740740740739
0 0.7836927083333334 0.1072037037037037 0.03817708333333343 0.04893518518518519
0 0.673828125 0.6032962962962962 0.018098958333333335 0.06390740740740739
0 0.9545885416666666 0.4726574074074074 0.023958333333333335 0.06955555555555551
0 0.04858333333333333 0.8155370370370371 0.04281770833333332 0.04657407407407403
0 0.9711927083333334 0.6423611111111112 0.024140624999999954 0.05772222222222215
0 0.6630885416666668 0.032712962962962965 0.02198958333333323 0.062333333333333324
0 0.05176041666666666 0.8702222222222222 0.03994791666666666 0.056314814814814755
0 0.9453125 0.301 0.027635416666666638 0.05870370370370368
0 0.013541666666666667 0.787962962962963 0.027083333333333334 0.05
0 0.042328125 0.7669259259259259 0.04723958333333334 0.05007407407407401
0 0.5517604166666668 0.01923148148148148 0.031203124999999925 0.035398148148148144
0 0.8276354166666666 0.26062962962962966 0.038755208333333256 0.05181481481481482
0 0.5571302083333334 0.10758333333333334 0.019911458333333344 0.04758333333333332
0 0.128296875 0.40950925925925924 0.036161458333333334 0.04578703703703708
0 0.1900625 0.34700925925925924 0.04177604166666669 0.04543518518518523
0 0.9311510416666666 0.477 0.024385416666666753 0.06331481481481475
0 0.962890625 0.8706574074074074 0.03927604166666659 0.04315740740740732
0 0.09967187500000001 0.025092592592592593 0.028932291666666672 0.04996296296296296
0 0.2189947916666667 0.3680555555555556 0.03289583333333332 0.04367592592592589
0 0.061307291666666666 0.02360185185185185 0.03161458333333334 0.0472037037037037
0 0.9875468749999999 0.3285277777777778 0.024453124999999905 0.0673240740740741
0 0.8427760416666668 0.31575925925925924 0.02442708333333338 0.059731481481481476
0 0.7041041666666668 0.02489814814814815 0.023239583333333275 0.049694444444444444
0 0.3823229166666666 0.0272037037037037 0.017104166666666625 0.05170370370370371
0 0.10558854166666666 0.8914907407407406 0.03192187500000001 0.05783333333333337
0 0.8505885416666668 0.17437037037037037 0.043031249999999945 0.0396851851851852
0 0.013020833333333334 0.8394074074074074 0.025619791666666666 0.060379629629629665
0 0.201171875 0.01597222222222222 0.04031249999999999 0.03194444444444444
0 0.15613020833333333 0.7330740740740741 0.04370312499999998 0.03726851851851852
0 0.970828125 0.13826851851851854 0.029421874999999886 0.06274074074074074
0 0.8696302083333334 0.07356481481481482 0.03845312499999996 0.040768518518518516
0 0.9028333333333334 0.6089444444444444 0.02116145833333339 0.04107407407407398
0 0.04940625 0.05547222222222222 0.037385416666666664 0.04858333333333333
0 0.9738072916666667 0.07036111111111111 0.05238541666666663 0.03747222222222222
0 0.1599114583333333 0.8906296296296297 0.04394791666666666 0.04014814814814806
0 0.8227552083333334 0.056861111111111105 0.03775000000000001 0.03749074074074075
0 0.9072291666666668 0.05289814814814815 0.03515625 0.04712037037037037
0 0.010781250000000001 0.24436111111111114 0.020963541666666665 0.07622222222222225
0 0.9067395833333334 0.016305555555555556 0.03683333333333323 0.03260185185185186
0 0.07055729166666666 0.9270833333333334 0.04296875 0.051916666666666715
0 0.4243177083333334 0.9296851851851852 0.031020833333333307 0.06005555555555557
0 0.38403125 0.956601851851852 0.025619791666666693 0.061685185185185086
0 0.010817708333333334 0.18348148148148147 0.021578125 0.052000000000000025
0 0.23010416666666667 0.01412037037037037 0.025999999999999978 0.02824074074074074
0 0.9814479166666668 0.9279537037037038 0.03671354166666655 0.04676851851851861
0 0.3298333333333333 0.9366296296296296 0.023999999999999962 0.06537962962962965
0 0.931484375 0.07757407407407407 0.01618229166666675 0.038962962962962956
0 0.073546875 0.980824074074074 0.043703125 0.038342592592592456
0 0.487546875 0.957462962962963 0.02680729166666668 0.06722222222222214
0 0.45971875 0.9722222222222222 0.03781249999999995 0.04980555555555552
0 0.5581041666666666 0.9539907407407406 0.021531250000000075 0.06613888888888884
0 0.453125 0.8984351851851852 0.03649999999999996 0.04598148148148156
0 0.271484375 0.9765648148148148 0.03131249999999997 0.02077777777777783
0 0.39451562500000004 0.4946666666666667 0.04215625000000003 0.04859259259259261
0 0.39126041666666667 0.5451111111111111 0.024703125000000034 0.06614814814814819
0 0.33553125 0.40024074074074073 0.037416666666666626 0.03866666666666666
0 0.3216354166666667 0.4335462962962963 0.02485416666666668 0.0477777777777778
0 0.34580208333333334 0.43626851851851856 0.03337499999999996 0.041500000000000044
0 0.12446875 0.22489814814814812 0.026302083333333347 0.056712962962962965
0 0.1744375 0.9756944444444444 0.017578125 0.016537037037037156
0 0.3715833333333334 0.9815648148148147 0.030104166666666644 0.03686111111111106
0 0.8793958333333334 0.9644074074074074 0.0546875 0.058703703703703786
0 0.4396979166666667 0.9730925925925926 0.029036458333333334 0.04657407407407424
0 0.04376041666666666 0.9383703703703704 0.038968749999999996 0.05371296296296306
0 0.7416979166666666 0.007185185185185185 0.021010416666666743 0.013842592592592592
0 0.8110364583333334 0.009 0.03448437500000002 0.01738888888888889
0 0.47538541666666667 0.5028888888888889 0.028270833333333318 0.06129629629629634
0 0.43332291666666667 0.5265648148148149 0.028640625000000006 0.0599166666666667
0 0.42713541666666666 0.5708703703703704 0.024843750000000022 0.04968518518518526
0 0.542 0.36221296296296296 0.03933854166666671 0.04041666666666664
0 0.5381927083333333 0.4051574074074074 0.031723958333333316 0.05188888888888885
0 0.4962239583333333 0.41850925925925925 0.02580729166666664 0.0684444444444444
0 0.583296875 0.2856203703703704 0.03440624999999997 0.05974999999999998
0 0.6179375 0.28883333333333333 0.03518229166666676 0.0492592592592593
0 0.6067083333333334 0.3371851851851852 0.03936458333333329 0.051259259259259275
0 0.6258333333333332 0.2436851851851852 0.03384895833333322 0.04354629629629627
0 0.07891666666666668 0.7543425925925926 0.022322916666666675 0.031842592592592686
0 0.5579270833333333 0.6694537037037037 0.031234374999999894 0.0628981481481482
0 0.07622916666666667 0.5117037037037037 0.023062499999999993 0.04847222222222214
0 0.084125 0.4602962962962963 0.02172916666666665 0.060685185185185155
0 0.5081927083333333 0.48337037037037034 0.02212500000000001 0.05639814814814817
0 0.008557291666666666 0.31707407407407406 0.017114583333333332 0.06385185185185188
0 0.9914479166666667 0.6589722222222223 0.017104166666666743 0.07805555555555552
0 0.9954583333333333 0.5147314814814814 0.009083333333333362 0.034851851851851946