0 0.169531 0.550463 0.028646 0.065741
0 0.223698 0.640741 0.029687 0.062963
0 0.399479 0.506944 0.029167 0.058333
0 0.274740 0.782870 0.031771 0.060185
0 0.235937 0.550000 0.027083 0.062963
0 0.503646 0.536574 0.027083 0.062037
0 0.651302 0.507870 0.029687 0.054630
0 0.224479 0.432870 0.022917 0.067593
0 0.513802 0.582870 0.022396 0.063889
0 0.328646 0.603704 0.019792 0.066667
0 0.240365 0.617593 0.025521 0.064815
0 0.302083 0.430093 0.028125 0.062037
0 0.470313 0.684722 0.021875 0.065741
0 0.244010 0.421759 0.023438 0.069444
0 0.301563 0.561111 0.019792 0.070370
0 0.269271 0.720370 0.023958 0.064815
0 0.070052 0.610185 0.026562 0.068519
0 0.290625 0.329630 0.033333 0.061111
0 0.565625 0.683796 0.028125 0.060185
0 0.619010 0.509259 0.030729 0.051852
0 0.384635 0.673148 0.025521 0.066667
0 0.466406 0.380093 0.022396 0.067593
0 0.124479 0.507407 0.027083 0.066667
0 0.435677 0.378241 0.027604 0.062037
0 0.826042 0.533333 0.031250 0.055556
0 0.653125 0.342593 0.033333 0.040741
0 0.279167 0.153241 0.025000 0.067593
0 0.076042 0.559259 0.040625 0.042593
0 0.527083 0.320370 0.032292 0.042593
0 0.350781 0.483333 0.036979 0.046296
0 0.702865 0.330556 0.033854 0.057407
0 0.864583 0.440741 0.031250 0.053704
0 0.390365 0.332407 0.029687 0.057407
0 0.710677 0.382870 0.031771 0.052778
0 0.383073 0.413426 0.036979 0.037963
0 0.179688 0.635648 0.041667 0.037963
0 0.689844 0.488889 0.035937 0.040741
0 0.827604 0.659259 0.028125 0.055556
0 0.140365 0.548148 0.025521 0.066667
0 0.786198 0.644444 0.030729 0.055556
0 0.540625 0.556481 0.019792 0.064815
0 0.270833 0.530556 0.034375 0.048148
0 0.232552 0.486111 0.036979 0.046296
0 0.468750 0.315278 0.034375 0.049074
0 0.338542 0.691204 0.019792 0.071296
0 0.379688 0.599537 0.032292 0.052778
0 0.577865 0.618981 0.031771 0.050926
0 0.395833 0.821759 0.034375 0.062037
0 0.754687 0.740741 0.026042 0.064815
0 0.671615 0.391204 0.031771 0.041667
0 0.389844 0.795370 0.035937 0.051852
0 0.728646 0.671759 0.032292 0.041667
0 0.703906 0.635185 0.027604 0.064815
0 0.190104 0.415741 0.032292 0.053704
0 0.161198 0.792130 0.026562 0.069444
0 0.644531 0.282407 0.025521 0.059259
0 0.604688 0.220370 0.031250 0.057407
0 0.326042 0.358796 0.036458 0.049074
0 0.416146 0.667130 0.020833 0.069444
0 0.590104 0.674537 0.019792 0.062037
0 0.843490 0.506481 0.035937 0.048148
0 0.530469 0.250926 0.025521 0.064815
0 0.658854 0.233796 0.026042 0.058333
0 0.575521 0.294444 0.033333 0.040741
0 0.255990 0.573148 0.040104 0.038889
0 0.284375 0.573148 0.017708 0.068519
0 0.169010 0.375463 0.035937 0.049074
0 0.240104 0.161574 0.030208 0.058333
0 0.603385 0.134722 0.026562 0.065741
0 0.379427 0.181944 0.025521 0.062037
0 0.303385 0.737037 0.038021 0.042593
0 0.756250 0.527778 0.034375 0.048148
0 0.416927 0.303241 0.025521 0.062037
0 0.196875 0.804630 0.040625 0.044444
0 0.622656 0.679167 0.036979 0.041667
0 0.858333 0.637963 0.027083 0.062963
0 0.665104 0.677315 0.021875 0.065741
0 0.452865 0.625926 0.020313 0.068519
0 0.196875 0.754630 0.042708 0.050000
0 0.919792 0.583796 0.035417 0.039815
0 0.136719 0.642130 0.040104 0.036111
0 0.488281 0.439352 0.020313 0.063889
0 0.048958 0.478704 0.032292 0.059259
0 0.687240 0.669444 0.022396 0.066667
0 0.183333 0.142593 0.018750 0.068519
0 0.593490 0.436111 0.035937 0.037037
0 0.828385 0.592593 0.031771 0.051852
0 0.215365 0.257870 0.036979 0.052778
0 0.045312 0.542130 0.021875 0.063889
0 0.360677 0.721296 0.025521 0.061111
0 0.550000 0.831019 0.035417 0.043519
0 0.363021 0.510185 0.037500 0.038889
0 0.132031 0.303241 0.021354 0.067593
0 0.859896 0.699537 0.033333 0.060185
0 0.706250 0.269907 0.025000 0.062037
0 0.026302 0.659259 0.023438 0.068519
0 0.035156 0.594907 0.042188 0.045370
0 0.696094 0.165278 0.028646 0.060185
0 0.812240 0.361574 0.035937 0.037963
0 0.071094 0.342593 0.042188 0.037037
0 0.834635 0.406944 0.035937 0.052778
0 0.712240 0.214352 0.035937 0.047222
0 0.136979 0.146759 0.019792 0.071296
0 0.278125 0.214815 0.040625 0.046296
0 0.074740 0.306019 0.040104 0.036111
0 0.907031 0.350926 0.027604 0.061111
0 0.757031 0.350926 0.034896 0.057407
0 0.376563 0.737963 0.021875 0.061111
0 0.763802 0.241204 0.036979 0.045370
0 0.094271 0.457870 0.026042 0.069444
0 0.421615 0.837963 0.027604 0.062963
0 0.336719 0.390741 0.040104 0.038889
0 0.757292 0.612037 0.034375 0.037037
0 0.154167 0.474074 0.044792 0.051852
0 0.785417 0.160648 0.021875 0.058333
0 0.228125 0.229167 0.042708 0.047222
0 0.274479 0.083333 0.020833 0.068519
0 0.338021 0.279167 0.038542 0.045370
0 0.969010 0.409259 0.026562 0.064815
0 0.080208 0.798611 0.032292 0.067593
0 0.298177 0.074074 0.022396 0.070370
0 0.968490 0.570833 0.027604 0.056481
0 0.568229 0.528704 0.037500 0.042593
0 0.127083 0.743981 0.032292 0.067593
0 0.900781 0.750000 0.035937 0.046296
0 0.977865 0.628704 0.025521 0.057407
0 0.882552 0.496296 0.040104 0.035185
0 0.587240 0.076852 0.027604 0.062963
0 0.401302 0.738426 0.038021 0.052778
0 0.876302 0.264815 0.029687 0.048148
0 0.278646 0.290278 0.039583 0.039815
0 0.538802 0.768056 0.019271 0.065741
0 0.166406 0.285648 0.043229 0.041667
0 0.571875 0.209259 0.022917 0.068519
0 0.222917 0.100463 0.033333 0.062037
0 0.328385 0.043056 0.029687 0.058333
0 0.087760 0.873148 0.040104 0.055556
0 0.951823 0.525463 0.023438 0.065741
0 0.901563 0.447222 0.040625 0.040741
0 0.973437 0.699074 0.030208 0.035185
0 0.788542 0.565741 0.039583 0.046296
0 0.087760 0.275463 0.033854 0.036111
0 0.750781 0.127315 0.031771 0.054630
0 0.831250 0.140278 0.023958 0.063889
0 0.861458 0.767130 0.036458 0.050926
0 0.248177 0.688889 0.019271 0.075926
0 0.200260 0.118056 0.019271 0.069444
0 0.040365 0.430093 0.026562 0.069444
0 0.136719 0.814352 0.024479 0.062037
0 0.055990 0.263426 0.026562 0.063889
0 0.756771 0.668981 0.031250 0.041667
0 0.478906 0.221296 0.021354 0.066667
0 0.842187 0.335185 0.035417 0.038889
0 0.590625 0.581019 0.020833 0.054630
0 0.930469 0.403704 0.023438 0.061111
0 0.110677 0.782407 0.035937 0.055556
0 0.884115 0.206019 0.035937 0.045370
0 0.022917 0.498148 0.026042 0.070370
0 0.430990 0.126389 0.031771 0.063889
0 0.526042 0.098611 0.027083 0.065741
0 0.104688 0.827778 0.040625 0.038889
0 0.079948 0.183796 0.040104 0.041667
0 0.945052 0.250000 0.035937 0.048148
0 0.385417 0.058796 0.030208 0.063889
0 0.820573 0.308796 0.035937 0.041667
0 0.730990 0.765741 0.021354 0.064815
0 0.154948 0.100926 0.021354 0.075926
0 0.208073 0.864352 0.028646 0.062037
0 0.901042 0.893519 0.028125 0.062963
0 0.822135 0.268981 0.036979 0.047222
0 0.626563 0.468056 0.026042 0.065741
0 0.367448 0.031481 0.033854 0.053704
0 0.879687 0.713889 0.021875 0.059259
0 0.856250 0.391204 0.021875 0.062037
0 0.254948 0.106019 0.020313 0.067593
0 0.016406 0.447685 0.025521 0.067593
0 0.882552 0.797222 0.029687 0.059259
0 0.903125 0.654167 0.022917 0.056481
0 0.925000 0.274074 0.023958 0.051852
0 0.065104 0.850000 0.029167 0.061111
0 0.939063 0.210648 0.037500 0.050926
0 0.193229 0.060648 0.031250 0.065741
0 0.649219 0.103241 0.030729 0.041667
0 0.979688 0.303704 0.032292 0.064815
0 0.441146 0.766204 0.032292 0.063889
0 0.090365 0.720370 0.028646 0.072222
0 0.310937 0.790278 0.023958 0.065741
0 0.181250 0.036574 0.033333 0.060185
0 0.451823 0.033333 0.020313 0.064815
0 0.236458 0.032407 0.028125 0.062963
0 0.685417 0.878241 0.023958 0.067593
0 0.014844 0.738426 0.028646 0.037963
0 0.008854 0.564352 0.016667 0.067593
0 0.728125 0.110648 0.037500 0.043519
0 0.707292 0.078241 0.021875 0.060185
0 0.764323 0.070833 0.030729 0.050926
0 0.140625 0.028241 0.033333 0.054630
0 0.523177 0.032870 0.020313 0.063889
0 0.858073 0.875926 0.020313 0.068519
0 0.046094 0.797685 0.045312 0.047222
0 0.740625 0.086574 0.035417 0.049074
0 0.979167 0.484259 0.035417 0.031481
0 0.012500 0.838889 0.023958 0.061111
0 0.586458 0.920833 0.021875 0.067593
0 0.975781 0.817593 0.024479 0.062963
0 0.014583 0.229167 0.028125 0.041667
0 0.076302 0.444444 0.023438 0.070370
0 0.874740 0.103241 0.019271 0.067593
0 0.176042 0.334259 0.046875 0.042593
0 0.909635 0.177315 0.028646 0.067593
0 0.033594 0.212037 0.036979 0.038889
0 0.524740 0.903241 0.024479 0.054630
0 0.559375 0.025000 0.021875 0.048148
0 0.874740 0.040278 0.026562 0.056481
0 0.019271 0.181944 0.037500 0.034259
0 0.923698 0.070833 0.021354 0.062037
0 0.118750 0.877315 0.022917 0.065741
0 0.851823 0.922222 0.041146 0.033333
0 0.127865 0.206944 0.025521 0.039815
0 0.036458 0.857407 0.027083 0.055556
0 0.046615 0.030093 0.036979 0.058333
0 0.729688 0.022685 0.027083 0.043519
0 0.069531 0.084259 0.028646 0.057407
0 0.473698 0.015741 0.027604 0.029630
0 0.967708 0.909722 0.030208 0.049074
0 0.304167 0.894444 0.045833 0.042593
0 0.375260 0.902315 0.046354 0.043519
0 0.595052 0.017130 0.017188 0.032407
0 0.016146 0.897222 0.031250 0.042593
0 0.767708 0.020370 0.034375 0.038889
0 0.995052 0.773148 0.009896 0.064815
0 0.509375 0.959722 0.019792 0.067593
0 0.980729 0.955556 0.022917 0.062963
0 0.672656 0.956019 0.034896 0.045370
0 0.216927 0.957870 0.024479 0.071296
0 0.582552 0.809259 0.014063 0.025926
0 0.208333 0.017130 0.016667 0.032407
0 0.278646 0.962963 0.037500 0.053704
0 0.090104 0.394907 0.034375 0.050926
0 0.136458 0.370833 0.037500 0.043519
0 0.142969 0.423148 0.036979 0.059259
0 0.204687 0.287500 0.022917 0.030556
0 0.241406 0.309722 0.018229 0.030556
0 0.211979 0.326852 0.030208 0.062963
0 0.211979 0.361574 0.034375 0.045370
0 0.056250 0.740741 0.019792 0.024074
0 0.272396 0.422222 0.034375 0.062963
0 0.284115 0.471759 0.029687 0.065741
0 0.354427 0.442130 0.039062 0.049074
0 0.199740 0.470370 0.041146 0.040741
0 0.217708 0.517130 0.028125 0.065741
0 0.382031 0.273611 0.025521 0.062037
0 0.397656 0.243519 0.040104 0.055556
0 0.417187 0.211111 0.034375 0.062963
0 0.424219 0.166667 0.024479 0.070370
0 0.398698 0.115278 0.029687 0.050926
0 0.444271 0.097222 0.023958 0.064815
0 0.459896 0.105093 0.020833 0.076852
0 0.490365 0.111111 0.021354 0.070370
0 0.453646 0.183333 0.034375 0.046296
0 0.453125 0.251389 0.035417 0.052778
0 0.494531 0.168519 0.038021 0.074074
0 0.532552 0.164352 0.028646 0.062037
0 0.556250 0.108333 0.017708 0.044444
0 0.555469 0.169907 0.029687 0.065741
0 0.483333 0.511111 0.025000 0.072222
0 0.353385 0.583796 0.023438 0.060185
0 0.935417 0.535185 0.016667 0.070370
0 0.956250 0.451389 0.030208 0.065741
0 0.796615 0.596296 0.035937 0.037037
0 0.151302 0.975463 0.025521 0.034259
0 0.322656 0.976389 0.045312 0.045370
0 0.123177 0.959722 0.034896 0.060185
0 0.562240 0.963426 0.038021 0.049074
0 0.034635 0.964815 0.043229 0.050000
0 0.791927 0.973148 0.042188 0.051852
0 0.922396 0.962500 0.038542 0.058333
0 0.944010 0.379630 0.023438 0.072222
0 0.991406 0.205556 0.017188 0.042593
0 0.991406 0.167593 0.017188 0.033333
0 0.329167 0.318519 0.045833 0.033333
0 0.412500 0.747685 0.035417 0.037963
0 0.763542 0.984259 0.022917 0.014815
0 0.885938 0.627315 0.021875 0.037963
0 0.931250 0.167130 0.033333 0.060185
0 0.384375 0.377778 0.035417 0.044444
