0 0.187240 0.444907 0.029687 0.058333
0 0.340365 0.494444 0.020313 0.062963
0 0.210938 0.435648 0.029167 0.062037
0 0.297135 0.529630 0.024479 0.064815
0 0.385677 0.247222 0.026562 0.059259
0 0.301823 0.187963 0.032813 0.053704
0 0.359375 0.260185 0.023958 0.062963
0 0.462240 0.637037 0.027604 0.061111
0 0.270052 0.491667 0.021354 0.066667
0 0.221615 0.487963 0.035937 0.057407
0 0.320573 0.578241 0.021354 0.067593
0 0.201042 0.662963 0.034375 0.044444
0 0.401562 0.413426 0.019792 0.067593
0 0.377083 0.385648 0.035417 0.050926
0 0.242448 0.406481 0.030729 0.061111
0 0.316406 0.497222 0.019271 0.070370
0 0.401823 0.525000 0.025521 0.062963
0 0.466146 0.592130 0.028125 0.060185
0 0.246094 0.256481 0.028646 0.061111
0 0.398698 0.310648 0.034896 0.050926
0 0.535417 0.676852 0.023958 0.062963
0 0.487240 0.505556 0.035937 0.055556
0 0.395052 0.621759 0.031771 0.056481
0 0.338021 0.431019 0.020833 0.067593
0 0.256250 0.599537 0.020833 0.063889
0 0.294531 0.459722 0.023438 0.063889
0 0.215104 0.218519 0.034375 0.059259
0 0.508073 0.696759 0.026562 0.062037
0 0.294010 0.576389 0.034896 0.052778
0 0.425000 0.695833 0.031250 0.039815
0 0.121094 0.450000 0.040104 0.042593
0 0.288802 0.336574 0.023438 0.065741
0 0.276302 0.589352 0.021354 0.062037
0 0.227865 0.400000 0.038021 0.042593
0 0.300000 0.831944 0.031250 0.058333
0 0.226042 0.603704 0.036458 0.057407
0 0.639062 0.591204 0.032292 0.060185
0 0.273177 0.699074 0.028646 0.055556
0 0.179427 0.507407 0.033854 0.059259
0 0.422135 0.661574 0.035937 0.041667
0 0.454948 0.479167 0.032813 0.050926
0 0.499219 0.329167 0.035937 0.052778
0 0.439063 0.249074 0.037500 0.044444
0 0.337240 0.778241 0.032813 0.056481
0 0.290365 0.147222 0.022396 0.066667
0 0.422396 0.531481 0.018750 0.064815
0 0.691146 0.384259 0.032292 0.053704
0 0.693490 0.506944 0.034896 0.043519
0 0.683854 0.454167 0.026042 0.062037
0 0.646615 0.484259 0.032813 0.048148
0 0.656250 0.384722 0.029167 0.056481
0 0.462240 0.533333 0.026562 0.057407
0 0.595573 0.378241 0.033854 0.052778
0 0.634635 0.237500 0.021354 0.063889
0 0.617448 0.743519 0.033854 0.042593
0 0.495833 0.798611 0.034375 0.050926
0 0.107552 0.415278 0.033854 0.065741
0 0.284635 0.069444 0.030729 0.055556
0 0.186719 0.226389 0.020313 0.067593
0 0.502083 0.248148 0.034375 0.038889
0 0.124479 0.309722 0.027083 0.069444
0 0.214323 0.283333 0.025521 0.066667
0 0.354427 0.191667 0.019271 0.066667
0 0.559635 0.490741 0.022396 0.062963
0 0.420833 0.262963 0.035417 0.040741
0 0.402604 0.480093 0.034375 0.045370
0 0.479948 0.158333 0.029687 0.057407
0 0.308073 0.394907 0.020313 0.065741
0 0.114062 0.653241 0.031250 0.067593
0 0.158854 0.466667 0.041667 0.042593
0 0.380729 0.113426 0.019792 0.065741
0 0.899219 0.440741 0.032813 0.051852
0 0.194792 0.110648 0.021875 0.069444
0 0.588281 0.611111 0.033854 0.048148
0 0.932292 0.480556 0.028125 0.051852
0 0.601823 0.188889 0.020313 0.068519
0 0.492188 0.450000 0.018750 0.068519
0 0.544792 0.385185 0.036458 0.044444
0 0.525521 0.630093 0.034375 0.047222
0 0.160677 0.600463 0.024479 0.071296
0 0.559375 0.427315 0.036458 0.039815
0 0.739062 0.299074 0.032292 0.050000
0 0.069271 0.418981 0.033333 0.062037
0 0.237760 0.774537 0.033854 0.058333
0 0.176823 0.808796 0.026562 0.069444
0 0.259896 0.746296 0.025000 0.064815
0 0.208073 0.316667 0.033854 0.057407
0 0.389583 0.052778 0.026042 0.059259
0 0.177083 0.650463 0.022917 0.067593
0 0.357031 0.801389 0.019271 0.065741
0 0.494010 0.739352 0.025521 0.054630
0 0.663542 0.220370 0.019792 0.068519
0 0.629167 0.175926 0.032292 0.050000
0 0.444010 0.378241 0.026562 0.054630
0 0.249740 0.878241 0.031771 0.067593
0 0.251823 0.156944 0.033854 0.050926
0 0.904427 0.488426 0.038021 0.043519
0 0.579688 0.706481 0.018750 0.070370
0 0.436458 0.212037 0.039583 0.040741
0 0.352865 0.138426 0.040104 0.041667
0 0.674479 0.322222 0.036458 0.042593
0 0.514844 0.417593 0.018229 0.068519
0 0.138542 0.218981 0.028125 0.050926
0 0.053646 0.223611 0.033333 0.063889
0 0.065625 0.371759 0.040625 0.043519
0 0.052083 0.463426 0.037500 0.060185
0 0.151302 0.261111 0.025521 0.068519
0 0.166667 0.141204 0.032292 0.069444
0 0.251302 0.088889 0.020313 0.062963
0 0.580469 0.072222 0.030729 0.059259
0 0.606250 0.867130 0.034375 0.047222
0 0.601302 0.812500 0.036979 0.047222
0 0.530469 0.439815 0.018229 0.064815
0 0.035937 0.412963 0.040625 0.053704
0 0.611979 0.544907 0.033333 0.050926
0 0.349740 0.043519 0.023438 0.066667
0 0.316406 0.631019 0.026562 0.037963
0 0.864062 0.417130 0.036458 0.032407
0 0.841406 0.251852 0.026562 0.059259
0 0.235677 0.854630 0.038021 0.055556
0 0.320052 0.050463 0.026562 0.067593
0 0.223177 0.086574 0.021354 0.063889
0 0.534635 0.820370 0.033854 0.042593
0 0.563281 0.328704 0.038021 0.038889
0 0.083073 0.637037 0.026562 0.075926
0 0.094271 0.697685 0.043750 0.041667
0 0.164583 0.057870 0.025000 0.069444
0 0.515885 0.172685 0.018229 0.069444
0 0.898698 0.550926 0.035937 0.044444
0 0.550521 0.231944 0.017708 0.071296
0 0.670573 0.602315 0.017188 0.065741
0 0.203385 0.172222 0.040104 0.048148
0 0.541667 0.495370 0.017708 0.066667
0 0.039323 0.174537 0.029687 0.060185
0 0.793750 0.238889 0.022917 0.062963
0 0.197656 0.822222 0.024479 0.072222
0 0.273438 0.317593 0.018750 0.068519
0 0.113021 0.265741 0.044792 0.037037
0 0.096875 0.320833 0.028125 0.071296
0 0.552083 0.853704 0.037500 0.035185
0 0.586719 0.267593 0.034896 0.035185
0 0.774219 0.162500 0.021354 0.065741
0 0.762240 0.615741 0.026562 0.059259
0 0.852604 0.200000 0.027083 0.064815
0 0.214062 0.046296 0.028125 0.055556
0 0.633073 0.846759 0.019271 0.065741
0 0.035677 0.353241 0.024479 0.075000
0 0.729948 0.060185 0.026562 0.062963
0 0.765365 0.240741 0.022396 0.062963
0 0.776563 0.464815 0.034375 0.051852
0 0.179167 0.393056 0.040625 0.034259
0 0.859635 0.494907 0.029687 0.060185
0 0.792188 0.637037 0.041667 0.050000
0 0.233594 0.821296 0.039062 0.042593
0 0.941667 0.303704 0.025000 0.055556
0 0.276562 0.884259 0.021875 0.072222
0 0.430208 0.151389 0.034375 0.036111
0 0.136458 0.160648 0.021875 0.067593
0 0.668490 0.060185 0.019271 0.061111
0 0.119792 0.050000 0.021875 0.072222
0 0.861719 0.595833 0.031771 0.054630
0 0.074219 0.522685 0.026562 0.067593
0 0.798958 0.577778 0.042708 0.037037
0 0.155208 0.673611 0.041667 0.036111
0 0.113021 0.541667 0.046875 0.040741
0 0.470573 0.045370 0.017188 0.068519
0 0.041927 0.519907 0.040104 0.063889
0 0.725781 0.195370 0.039062 0.042593
0 0.874740 0.248148 0.038021 0.044444
0 0.750781 0.220833 0.022396 0.065741
0 0.449479 0.044444 0.017708 0.066667
0 0.058073 0.109722 0.029687 0.067593
0 0.811719 0.105556 0.033854 0.051852
0 0.133854 0.520833 0.036458 0.058333
0 0.842969 0.358333 0.033854 0.033333
0 0.977865 0.271296 0.023438 0.057407
0 0.770312 0.077315 0.034375 0.049074
0 0.010417 0.327315 0.019792 0.073148
0 0.734115 0.595833 0.020313 0.071296
0 0.026302 0.797222 0.043229 0.055556
0 0.936198 0.253704 0.030729 0.057407
0 0.189844 0.344907 0.044271 0.043519
0 0.055990 0.747685 0.048438 0.058333
0 0.045312 0.288889 0.044792 0.038889
0 0.588021 0.037963 0.035417 0.050000
0 0.530990 0.069907 0.034896 0.041667
0 0.269271 0.809722 0.029167 0.071296
0 0.700521 0.105556 0.017708 0.066667
0 0.930990 0.751389 0.023438 0.065741
0 0.038802 0.661574 0.030729 0.071296
0 0.600781 0.571759 0.024479 0.058333
0 0.884635 0.603241 0.030729 0.065741
0 0.852344 0.098611 0.038021 0.050926
0 0.805729 0.055093 0.033333 0.041667
0 0.239844 0.029630 0.021354 0.057407
0 0.896615 0.158333 0.027604 0.062963
0 0.740885 0.418519 0.018229 0.066667
0 0.012240 0.163426 0.023438 0.065741
0 0.309896 0.917130 0.025000 0.062037
0 0.742448 0.512963 0.023438 0.070370
0 0.926562 0.117130 0.036458 0.039815
0 0.070312 0.038426 0.025000 0.067593
0 0.142448 0.104167 0.023438 0.073148
0 0.766667 0.547222 0.036458 0.035185
0 0.155208 0.741204 0.040625 0.045370
0 0.755729 0.844444 0.034375 0.031481
0 0.371354 0.026389 0.019792 0.050926
0 0.915885 0.303704 0.035937 0.044444
0 0.136458 0.021759 0.027083 0.041667
0 0.870313 0.843981 0.026042 0.071296
0 0.657031 0.027778 0.019271 0.053704
0 0.827865 0.034722 0.021354 0.067593
0 0.402344 0.916204 0.026562 0.058333
0 0.945573 0.387500 0.036979 0.045370
0 0.604167 0.681019 0.030208 0.030556
0 0.968490 0.143981 0.028646 0.067593
0 0.069010 0.924074 0.032813 0.057407
0 0.812760 0.808796 0.022396 0.073148
0 0.914844 0.056481 0.045312 0.059259
0 0.010677 0.275463 0.020313 0.056481
0 0.330208 0.936111 0.018750 0.068519
0 0.966406 0.433796 0.025521 0.026852
0 0.976823 0.108796 0.028646 0.049074
0 0.989062 0.830556 0.021875 0.066667
0 0.797135 0.013889 0.026562 0.025926
0 0.048438 0.053241 0.036458 0.047222
0 0.571875 0.930093 0.020833 0.063889
0 0.891406 0.677315 0.049479 0.047222
0 0.010677 0.826852 0.020313 0.064815
0 0.049740 0.942130 0.035937 0.049074
0 0.720052 0.010185 0.031771 0.018519
0 0.778906 0.415278 0.044271 0.050926
0 0.205469 0.951852 0.038021 0.044444
0 0.056250 0.874537 0.060417 0.063889
0 0.242708 0.926389 0.033333 0.036111
0 0.031771 0.906944 0.038542 0.034259
0 0.366406 0.464815 0.015104 0.031481
0 0.484375 0.946759 0.018750 0.050926
0 0.072917 0.981481 0.039583 0.033333
0 0.285417 0.937963 0.034375 0.051852
0 0.281250 0.974074 0.027083 0.040741
0 0.031771 0.967130 0.038542 0.058333
0 0.413802 0.970833 0.035937 0.047222
0 0.940625 0.008796 0.016667 0.015741
0 0.233333 0.316204 0.025000 0.078704
0 0.252604 0.332407 0.023958 0.079630
0 0.217708 0.365741 0.034375 0.035185
0 0.247917 0.381481 0.035417 0.066667
0 0.393490 0.162037 0.039062 0.053704
0 0.336458 0.090278 0.020833 0.065741
0 0.493229 0.106944 0.040625 0.050926
0 0.507031 0.138426 0.019271 0.076852
0 0.526302 0.113426 0.020313 0.069444
0 0.544531 0.148611 0.020313 0.075000
0 0.552083 0.032407 0.025000 0.061111
0 0.557813 0.102778 0.020833 0.057407
0 0.568229 0.146296 0.033333 0.062963
0 0.577604 0.197222 0.022917 0.077778
0 0.589844 0.312037 0.019271 0.066667
0 0.611719 0.323148 0.044271 0.050000
0 0.642448 0.328241 0.025521 0.065741
0 0.781771 0.505556 0.045833 0.048148
0 0.861458 0.350463 0.029167 0.076852
0 0.880208 0.345833 0.031250 0.065741
0 0.903646 0.355556 0.039583 0.061111
0 0.934375 0.177315 0.034375 0.050926
0 0.991146 0.208333 0.017708 0.031481
0 0.448177 0.881019 0.042188 0.043519
0 0.876823 0.980556 0.028646 0.037037
0 0.850260 0.968056 0.020313 0.063889
0 0.386719 0.978704 0.031771 0.025926
0 0.496354 0.978241 0.035417 0.043519
0 0.039062 0.863426 0.040625 0.050926
0 0.385417 0.203241 0.039583 0.050926
0 0.399740 0.084722 0.023438 0.030556
0 0.994271 0.164352 0.011458 0.032407
0 0.875000 0.099074 0.026042 0.042593
0 0.991927 0.593981 0.015104 0.054630
0 0.904427 0.267593 0.033854 0.040741
