0 0.368229 0.592130 0.026042 0.060185
0 0.443750 0.468056 0.025000 0.062037
0 0.460938 0.379167 0.034375 0.049074
0 0.454948 0.623148 0.023438 0.066667
0 0.265104 0.713889 0.028125 0.064815
0 0.426302 0.603241 0.023438 0.069444
0 0.385937 0.518981 0.022917 0.067593
0 0.311198 0.442593 0.021354 0.062963
0 0.259635 0.665278 0.028646 0.062037
0 0.254688 0.400000 0.031250 0.051852
0 0.189583 0.594907 0.036458 0.039815
0 0.282813 0.477315 0.022917 0.063889
0 0.209635 0.551389 0.040104 0.041667
0 0.672135 0.544444 0.034896 0.050000
0 0.511979 0.578241 0.022917 0.065741
0 0.467187 0.556944 0.032292 0.054630
0 0.611458 0.334722 0.027083 0.058333
0 0.585156 0.372685 0.030729 0.063889
0 0.412760 0.372685 0.032813 0.049074
0 0.582552 0.261111 0.026562 0.061111
0 0.169010 0.387963 0.033854 0.059259
0 0.496615 0.398148 0.036979 0.048148
0 0.153906 0.646296 0.023438 0.066667
0 0.165885 0.435648 0.041146 0.039815
0 0.438802 0.326389 0.025521 0.058333
0 0.548698 0.250000 0.030729 0.053704
0 0.213802 0.505556 0.038021 0.038889
0 0.072135 0.622222 0.030729 0.066667
0 0.409375 0.240278 0.033333 0.049074
0 0.283073 0.368056 0.020313 0.063889
0 0.640365 0.808796 0.035937 0.045370
0 0.334115 0.671296 0.022396 0.062963
0 0.176823 0.499074 0.035937 0.048148
0 0.703385 0.676852 0.036979 0.046296
0 0.088542 0.575000 0.030208 0.062963
0 0.157812 0.741204 0.035417 0.050926
0 0.337240 0.391204 0.040104 0.043519
0 0.554948 0.362963 0.032813 0.042593
0 0.123958 0.381019 0.025000 0.065741
0 0.619271 0.656944 0.035417 0.045370
0 0.355990 0.246759 0.032813 0.052778
0 0.317708 0.737037 0.021875 0.064815
0 0.466146 0.232870 0.032292 0.047222
0 0.122656 0.814352 0.032813 0.060185
0 0.284635 0.568519 0.021354 0.059259
0 0.236719 0.651389 0.020313 0.067593
0 0.536198 0.315741 0.033854 0.050000
0 0.827083 0.504630 0.032292 0.048148
0 0.383333 0.423148 0.036458 0.040741
0 0.661719 0.301389 0.032813 0.049074
0 0.688021 0.330093 0.031250 0.058333
0 0.366406 0.477778 0.021354 0.064815
0 0.273177 0.254167 0.022396 0.071296
0 0.629427 0.635648 0.034896 0.049074
0 0.354948 0.343519 0.038021 0.046296
0 0.289844 0.521296 0.038021 0.033333
0 0.139844 0.547685 0.027604 0.063889
0 0.318229 0.583796 0.037500 0.037963
0 0.686719 0.507407 0.034896 0.046296
0 0.590104 0.874074 0.032292 0.057407
0 0.201823 0.818056 0.030729 0.056481
0 0.687240 0.443519 0.038021 0.040741
0 0.901563 0.551389 0.030208 0.065741
0 0.380729 0.218519 0.022917 0.068519
0 0.231771 0.397685 0.023958 0.063889
0 0.335417 0.171759 0.034375 0.052778
0 0.711198 0.218981 0.026562 0.056481
0 0.297396 0.683796 0.037500 0.037963
0 0.159115 0.286574 0.034896 0.062037
0 0.111979 0.329630 0.039583 0.044444
0 0.616927 0.723611 0.035937 0.050926
0 0.115104 0.439352 0.031250 0.067593
0 0.675521 0.599537 0.032292 0.041667
0 0.685937 0.190741 0.032292 0.055556
0 0.856510 0.548148 0.028646 0.062963
0 0.753125 0.309259 0.030208 0.062963
0 0.548958 0.681019 0.040625 0.047222
0 0.125781 0.504630 0.027604 0.061111
0 0.407552 0.187037 0.033854 0.046296
0 0.158594 0.571759 0.028646 0.063889
0 0.933854 0.720370 0.019792 0.064815
0 0.303906 0.793981 0.031771 0.054630
0 0.227083 0.225000 0.039583 0.040741
0 0.730208 0.259722 0.031250 0.056481
0 0.660417 0.235185 0.027083 0.061111
0 0.953385 0.567130 0.036979 0.041667
0 0.797135 0.415278 0.029687 0.056481
0 0.837500 0.659259 0.034375 0.040741
0 0.733594 0.627315 0.032813 0.047222
0 0.038802 0.412963 0.024479 0.070370
0 0.094531 0.755093 0.032813 0.065741
0 0.534896 0.631019 0.031250 0.054630
0 0.583333 0.628241 0.026042 0.067593
0 0.823958 0.719444 0.035417 0.048148
0 0.886719 0.497222 0.036979 0.059259
0 0.307031 0.317593 0.040104 0.037037
0 0.037500 0.719444 0.028125 0.068519
0 0.763542 0.242593 0.035417 0.044444
0 0.952865 0.403241 0.035937 0.056481
0 0.568229 0.527778 0.039583 0.042593
0 0.654687 0.478704 0.033333 0.046296
0 0.241406 0.271759 0.038021 0.034259
0 0.624740 0.429630 0.019271 0.068519
0 0.580729 0.117130 0.027083 0.063889
0 0.359635 0.751389 0.024479 0.065741
0 0.825000 0.399074 0.037500 0.040741
0 0.831250 0.457870 0.035417 0.060185
0 0.833333 0.546759 0.025000 0.060185
0 0.221615 0.431481 0.020313 0.048148
0 0.943229 0.343056 0.032292 0.050926
0 0.221615 0.101389 0.026562 0.071296
0 0.296615 0.075000 0.026562 0.066667
0 0.329427 0.231019 0.020313 0.071296
0 0.571875 0.848148 0.027083 0.066667
0 0.626563 0.768981 0.036458 0.034259
0 0.250781 0.357407 0.042188 0.035185
0 0.059635 0.684259 0.040104 0.038889
0 0.377865 0.838889 0.021354 0.068519
0 0.079167 0.345370 0.026042 0.059259
0 0.201563 0.180093 0.034375 0.039815
0 0.894792 0.348611 0.033333 0.054630
0 0.324740 0.051852 0.025521 0.064815
0 0.201042 0.747222 0.033333 0.064815
0 0.745313 0.179630 0.037500 0.040741
0 0.276302 0.082407 0.032813 0.062963
0 0.422656 0.806019 0.029687 0.063889
0 0.871354 0.426389 0.037500 0.052778
0 0.795312 0.613426 0.021875 0.062037
0 0.607031 0.160185 0.036979 0.046296
0 0.160156 0.108333 0.027604 0.074074
0 0.858333 0.631481 0.027083 0.061111
0 0.889844 0.670370 0.033854 0.042593
0 0.572656 0.214352 0.023438 0.062037
0 0.181250 0.113889 0.020833 0.072222
0 0.026302 0.659722 0.022396 0.073148
0 0.136198 0.148148 0.020313 0.072222
0 0.526302 0.098148 0.027604 0.061111
0 0.011979 0.705556 0.021875 0.066667
0 0.705729 0.160185 0.031250 0.061111
0 0.170833 0.832407 0.037500 0.042593
0 0.753646 0.124537 0.025000 0.058333
0 0.522135 0.501389 0.019271 0.069444
0 0.446875 0.776389 0.023958 0.063889
0 0.985677 0.752778 0.027604 0.053704
0 0.489844 0.198611 0.019271 0.065741
0 0.385417 0.056944 0.031250 0.062037
0 0.100000 0.281019 0.025000 0.063889
0 0.445052 0.100000 0.019271 0.066667
0 0.908073 0.451852 0.029687 0.066667
0 0.721615 0.362963 0.021354 0.064815
0 0.848958 0.299537 0.032292 0.050926
0 0.888802 0.231481 0.018229 0.064815
0 0.928646 0.389815 0.022917 0.061111
0 0.741927 0.086111 0.032813 0.057407
0 0.242448 0.100463 0.022396 0.069444
0 0.084896 0.800926 0.041667 0.038889
0 0.868229 0.717130 0.029167 0.058333
0 0.128125 0.737963 0.033333 0.061111
0 0.258333 0.841667 0.034375 0.038889
0 0.839583 0.337963 0.028125 0.057407
0 0.408854 0.784259 0.022917 0.064815
0 0.200521 0.105093 0.021875 0.069444
0 0.940625 0.454167 0.029167 0.060185
0 0.934375 0.223148 0.037500 0.046296
0 0.704167 0.623611 0.020833 0.069444
0 0.607292 0.911574 0.039583 0.037963
0 0.418229 0.069444 0.019792 0.072222
0 0.078646 0.447222 0.025000 0.072222
0 0.984896 0.290278 0.028125 0.067593
0 0.075000 0.301389 0.032292 0.041667
0 0.923958 0.270833 0.029167 0.047222
0 0.888802 0.757407 0.026562 0.048148
0 0.071354 0.257870 0.040625 0.050926
0 0.452604 0.862500 0.034375 0.050926
0 0.040104 0.184259 0.029167 0.068519
0 0.013802 0.412500 0.025521 0.075000
0 0.030469 0.843519 0.027604 0.061111
0 0.895573 0.714352 0.031771 0.050926
0 0.522135 0.032870 0.021354 0.063889
0 0.271875 0.885185 0.029167 0.068519
0 0.915625 0.732407 0.019792 0.062963
0 0.977083 0.824074 0.038542 0.037037
0 0.882031 0.287500 0.033854 0.043519
0 0.961198 0.265278 0.031771 0.062037
0 0.009896 0.572222 0.018750 0.068519
0 0.855729 0.390741 0.021875 0.064815
0 0.260937 0.029630 0.026042 0.057407
0 0.088802 0.398611 0.025521 0.058333
0 0.108333 0.858796 0.040625 0.052778
0 0.192708 0.029167 0.019792 0.056481
0 0.096354 0.454167 0.022917 0.067593
0 0.777604 0.334259 0.027083 0.066667
0 0.886458 0.157870 0.035417 0.050926
0 0.141146 0.025463 0.027083 0.049074
0 0.035417 0.102315 0.033333 0.063889
0 0.502604 0.031944 0.018750 0.062037
0 0.817969 0.207870 0.041146 0.039815
0 0.819531 0.265278 0.034896 0.047222
0 0.660417 0.918056 0.017708 0.060185
0 0.524219 0.899074 0.028646 0.061111
0 0.930469 0.169907 0.041146 0.041667
0 0.829948 0.837500 0.028646 0.062037
0 0.170052 0.025000 0.025521 0.048148
0 0.105469 0.905093 0.042188 0.047222
0 0.958333 0.131481 0.027083 0.066667
0 0.819531 0.324537 0.021354 0.067593
0 0.013802 0.210185 0.025521 0.057407
0 0.063281 0.500000 0.024479 0.055556
0 0.387500 0.787500 0.025000 0.058333
0 0.865885 0.046296 0.028646 0.064815
0 0.200781 0.284722 0.028646 0.030556
0 0.407292 0.872685 0.032292 0.062037
0 0.887760 0.630556 0.020313 0.046296
0 0.886198 0.100000 0.039062 0.055556
0 0.555469 0.113889 0.018229 0.044444
0 0.915625 0.148611 0.021875 0.060185
0 0.911979 0.039815 0.021875 0.064815
0 0.042969 0.033796 0.035937 0.050926
0 0.150260 0.923148 0.020313 0.064815
0 0.478646 0.937037 0.031250 0.062963
0 0.963542 0.071759 0.033333 0.030556
0 0.770573 0.645370 0.019271 0.042593
0 0.009115 0.268056 0.017188 0.036111
0 0.867448 0.142593 0.028646 0.070370
0 0.492708 0.729167 0.041667 0.052778
0 0.264844 0.933333 0.035937 0.038889
0 0.563542 0.022222 0.023958 0.042593
0 0.762760 0.015278 0.030729 0.028704
0 0.628125 0.964815 0.037500 0.057407
0 0.974479 0.519444 0.019792 0.022222
0 0.425260 0.927778 0.018229 0.059259
0 0.073438 0.016204 0.019792 0.030556
0 0.017448 0.886111 0.033854 0.033333
0 0.516667 0.938889 0.021875 0.053704
0 0.278385 0.149537 0.026562 0.084259
0 0.020052 0.926389 0.036979 0.039815
0 0.728906 0.018056 0.034896 0.034259
0 0.333594 0.943056 0.036979 0.034259
0 0.945052 0.975000 0.031771 0.050000
0 0.605729 0.448611 0.018750 0.034259
0 0.572656 0.986111 0.027604 0.027778
0 0.261198 0.607407 0.051562 0.037037
0 0.290365 0.624537 0.043229 0.041667
0 0.343229 0.295833 0.036458 0.062037
0 0.364323 0.303241 0.023438 0.071296
0 0.383594 0.286111 0.027604 0.062963
0 0.154948 0.331019 0.024479 0.050926
0 0.184115 0.329167 0.042188 0.047222
0 0.208594 0.352778 0.032813 0.053704
0 0.198437 0.389352 0.027083 0.063889
0 0.220833 0.317130 0.022917 0.063889
0 0.240104 0.306019 0.020833 0.036111
0 0.387500 0.113426 0.023958 0.073148
0 0.410156 0.132407 0.040104 0.048148
0 0.431250 0.143981 0.023958 0.071296
0 0.461719 0.150926 0.039062 0.064815
0 0.456250 0.186111 0.031250 0.059259
0 0.488281 0.133796 0.025521 0.056481
0 0.520573 0.162037 0.032813 0.057407
0 0.545052 0.165278 0.017188 0.063889
0 0.558073 0.170370 0.025521 0.062963
0 0.626563 0.590278 0.050000 0.043519
0 0.408594 0.983333 0.022396 0.031481
0 0.196615 0.977778 0.034896 0.037037
0 0.273698 0.976389 0.039062 0.045370
0 0.298177 0.978704 0.033854 0.040741
0 0.701302 0.981019 0.024479 0.010185
0 0.429167 0.981019 0.020833 0.025000
0 0.910937 0.989815 0.018750 0.016667
0 0.983854 0.968519 0.027083 0.062963
0 0.427083 0.884259 0.029167 0.050000
0 0.860677 0.697222 0.029687 0.061111
0 0.608073 0.205093 0.040104 0.045370
0 0.592187 0.005556 0.010417 0.009259
0 0.254427 0.087500 0.019271 0.056481
0 0.263281 0.137963 0.032813 0.066667
0 0.972917 0.854630 0.029167 0.044444
0 0.955469 0.463889 0.022396 0.033333
0 0.969792 0.284722 0.021875 0.067593
