0 0.465625 0.449537 0.034375 0.045370
0 0.360938 0.481944 0.026042 0.062037
0 0.396615 0.427315 0.032813 0.060185
0 0.297917 0.360648 0.035417 0.054630
0 0.361719 0.357870 0.028646 0.060185
0 0.369792 0.665741 0.036458 0.046296
0 0.306510 0.458796 0.025521 0.075000
0 0.437240 0.467593 0.024479 0.062963
0 0.394792 0.339352 0.025000 0.063889
0 0.365365 0.776389 0.039062 0.050926
0 0.240365 0.654167 0.033854 0.056481
0 0.460938 0.385185 0.032292 0.055556
0 0.519792 0.684722 0.028125 0.062037
0 0.268490 0.710185 0.026562 0.068519
0 0.254688 0.313889 0.029167 0.061111
0 0.432292 0.314815 0.022917 0.061111
0 0.190365 0.539352 0.040104 0.049074
0 0.579688 0.749074 0.026042 0.059259
0 0.427083 0.382870 0.029167 0.060185
0 0.571094 0.307407 0.034896 0.048148
0 0.566667 0.450000 0.032292 0.044444
0 0.324219 0.626389 0.035937 0.050926
0 0.241146 0.522222 0.036458 0.038889
0 0.169792 0.683796 0.036458 0.060185
0 0.322917 0.673148 0.023958 0.066667
0 0.204167 0.693056 0.033333 0.063889
0 0.245312 0.384722 0.032292 0.056481
0 0.563542 0.404167 0.026042 0.062037
0 0.335938 0.392593 0.039583 0.044444
0 0.304688 0.176389 0.031250 0.060185
0 0.284896 0.482407 0.020833 0.066667
0 0.602865 0.726389 0.032813 0.050926
0 0.631771 0.538889 0.034375 0.048148
0 0.215365 0.405556 0.031771 0.051852
0 0.535417 0.317593 0.030208 0.050000
0 0.245833 0.139815 0.025000 0.066667
0 0.361719 0.428241 0.030729 0.063889
0 0.384115 0.228704 0.030729 0.066667
0 0.176563 0.182407 0.031250 0.057407
0 0.701042 0.664815 0.031250 0.046296
0 0.275521 0.389815 0.032292 0.048148
0 0.638542 0.738426 0.033333 0.045370
0 0.324219 0.248611 0.024479 0.069444
0 0.199740 0.749537 0.034896 0.060185
0 0.190365 0.255093 0.033854 0.054630
0 0.644792 0.506944 0.034375 0.043519
0 0.273438 0.158333 0.027083 0.068519
0 0.494271 0.290741 0.029167 0.066667
0 0.299740 0.595370 0.038021 0.038889
0 0.276042 0.266204 0.033333 0.062037
0 0.106771 0.554630 0.039583 0.061111
0 0.632292 0.634722 0.017708 0.065741
0 0.362240 0.254630 0.021354 0.064815
0 0.583594 0.622685 0.025521 0.062037
0 0.188542 0.392593 0.035417 0.053704
0 0.505990 0.241667 0.033854 0.050000
0 0.321094 0.557407 0.040104 0.046296
0 0.355990 0.149074 0.021354 0.068519
0 0.453646 0.630093 0.020833 0.065741
0 0.497917 0.396296 0.035417 0.050000
0 0.224740 0.331944 0.024479 0.063889
0 0.217969 0.459722 0.032813 0.049074
0 0.584115 0.260648 0.031771 0.045370
0 0.295312 0.756944 0.026042 0.058333
0 0.566667 0.527778 0.035417 0.042593
0 0.513542 0.581019 0.022917 0.065741
0 0.463021 0.846296 0.033333 0.059259
0 0.683594 0.762500 0.023438 0.065741
0 0.673958 0.702778 0.034375 0.038889
0 0.936719 0.731019 0.030729 0.047222
0 0.209635 0.584259 0.041146 0.035185
0 0.438542 0.178704 0.035417 0.040741
0 0.416146 0.573148 0.034375 0.037037
0 0.121615 0.815278 0.032813 0.060185
0 0.412240 0.128704 0.020313 0.068519
0 0.603125 0.537963 0.018750 0.062963
0 0.479687 0.592130 0.018750 0.065741
0 0.590365 0.145370 0.024479 0.066667
0 0.543490 0.843981 0.026562 0.067593
0 0.664583 0.660648 0.031250 0.043519
0 0.902083 0.592130 0.029167 0.047222
0 0.210938 0.502778 0.037500 0.035185
0 0.052083 0.665741 0.037500 0.057407
0 0.573438 0.211574 0.022917 0.069444
0 0.168490 0.383333 0.032813 0.057407
0 0.720313 0.287037 0.028125 0.064815
0 0.049219 0.331481 0.027604 0.068519
0 0.198698 0.087037 0.021354 0.064815
0 0.322917 0.046759 0.030208 0.056481
0 0.095573 0.753241 0.031771 0.067593
0 0.220312 0.100463 0.023958 0.065741
0 0.048438 0.410648 0.021875 0.069444
0 0.178646 0.093056 0.022917 0.067593
0 0.310937 0.787963 0.027083 0.062963
0 0.252083 0.832407 0.037500 0.035185
0 0.879167 0.720833 0.032292 0.050926
0 0.950521 0.631019 0.026042 0.062037
0 0.135937 0.147222 0.020833 0.072222
0 0.287240 0.567593 0.036979 0.035185
0 0.691146 0.455556 0.018750 0.064815
0 0.034896 0.256944 0.035417 0.062037
0 0.658333 0.322685 0.031250 0.037963
0 0.112760 0.443981 0.028646 0.075000
0 0.294271 0.073611 0.025000 0.065741
0 0.057813 0.228241 0.038542 0.050926
0 0.150521 0.435648 0.029167 0.062037
0 0.339844 0.737500 0.024479 0.065741
0 0.503646 0.868519 0.025000 0.068519
0 0.071094 0.621759 0.026562 0.073148
0 0.859896 0.643519 0.029167 0.055556
0 0.733594 0.213889 0.024479 0.055556
0 0.657813 0.235185 0.021875 0.062963
0 0.309115 0.130093 0.040104 0.043519
0 0.615625 0.884722 0.034375 0.043519
0 0.160938 0.107407 0.026042 0.070370
0 0.776563 0.605556 0.035417 0.042593
0 0.254948 0.091204 0.019271 0.065741
0 0.442708 0.106019 0.017708 0.069444
0 0.035417 0.545833 0.026042 0.069444
0 0.637760 0.483333 0.023438 0.062963
0 0.145573 0.261111 0.022396 0.070370
0 0.139063 0.547222 0.027083 0.064815
0 0.687240 0.285185 0.019271 0.064815
0 0.433594 0.064352 0.023438 0.065741
0 0.705469 0.618056 0.017188 0.065741
0 0.300000 0.316204 0.037500 0.037963
0 0.883594 0.504167 0.039062 0.050926
0 0.017708 0.587963 0.028125 0.068519
0 0.623437 0.192130 0.038542 0.047222
0 0.125260 0.218519 0.031771 0.062963
0 0.693490 0.564352 0.020313 0.063889
0 0.832812 0.763889 0.035417 0.044444
0 0.855208 0.700000 0.029167 0.057407
0 0.276042 0.872685 0.033333 0.056481
0 0.856510 0.551389 0.020313 0.067593
0 0.526042 0.858333 0.026042 0.066667
0 0.823438 0.660648 0.027083 0.049074
0 0.876042 0.757407 0.035417 0.031481
0 0.761458 0.243056 0.036458 0.045370
0 0.096615 0.330556 0.027604 0.068519
0 0.708333 0.221296 0.025000 0.059259
0 0.022135 0.404630 0.024479 0.072222
0 0.129688 0.738889 0.030208 0.062963
0 0.074219 0.338889 0.025521 0.062963
0 0.709896 0.110185 0.025000 0.062963
0 0.025260 0.657407 0.022396 0.070370
0 0.427344 0.831019 0.035937 0.062037
0 0.979688 0.774537 0.028125 0.056481
0 0.921094 0.326389 0.029687 0.050926
0 0.527083 0.093056 0.028125 0.058333
0 0.082292 0.281019 0.041667 0.043519
0 0.934115 0.480556 0.029687 0.053704
0 0.777865 0.384722 0.036979 0.037963
0 0.798438 0.547222 0.026042 0.064815
0 0.171615 0.817593 0.039062 0.037037
0 0.841146 0.440278 0.036458 0.037963
0 0.604688 0.217130 0.036458 0.041667
0 0.902344 0.354630 0.035937 0.050000
0 0.022917 0.505556 0.041667 0.048148
0 0.298698 0.854167 0.024479 0.067593
0 0.948438 0.426852 0.030208 0.051852
0 0.155990 0.655093 0.028646 0.065741
0 0.967187 0.394444 0.032292 0.051852
0 0.829688 0.714352 0.026042 0.056481
0 0.126042 0.637037 0.033333 0.061111
0 0.824740 0.805556 0.020313 0.068519
0 0.384115 0.056019 0.029687 0.067593
0 0.802083 0.419907 0.020833 0.063889
0 0.138021 0.868519 0.038542 0.046296
0 0.742448 0.085185 0.033854 0.055556
0 0.947917 0.827778 0.022917 0.040741
0 0.533594 0.902778 0.036979 0.038889
0 0.891146 0.392130 0.033333 0.060185
0 0.914844 0.240278 0.026562 0.062037
0 0.039844 0.130556 0.026562 0.068519
0 0.192188 0.028704 0.021875 0.055556
0 0.755990 0.751389 0.040104 0.043519
0 0.020313 0.712037 0.039583 0.042593
0 0.073698 0.738426 0.028646 0.069444
0 0.083594 0.801852 0.039062 0.040741
0 0.786458 0.326389 0.036458 0.052778
0 0.968490 0.231481 0.025521 0.059259
0 0.846615 0.156019 0.033854 0.045370
0 0.070573 0.856481 0.031771 0.064815
0 0.140365 0.024074 0.026562 0.046296
0 0.077865 0.449537 0.023438 0.073148
0 0.844792 0.255556 0.029167 0.059259
0 0.132292 0.905093 0.033333 0.050926
0 0.079948 0.226852 0.031771 0.062963
0 0.522917 0.032407 0.020833 0.062963
0 0.126042 0.504630 0.029167 0.053704
0 0.686719 0.108333 0.017188 0.068519
0 0.885938 0.160648 0.025000 0.056481
0 0.029687 0.846759 0.029167 0.065741
0 0.854688 0.393056 0.022917 0.063889
0 0.094271 0.455093 0.023958 0.069444
0 0.794792 0.293519 0.029167 0.048148
0 0.982292 0.445833 0.022917 0.054630
0 0.816667 0.257870 0.036458 0.050926
0 0.184896 0.337037 0.039583 0.040741
0 0.849740 0.496759 0.032813 0.039815
0 0.954688 0.168056 0.022917 0.069444
0 0.888542 0.627778 0.020833 0.040741
0 0.983594 0.282407 0.028646 0.042593
0 0.801562 0.078241 0.027083 0.062037
0 0.395833 0.807407 0.034375 0.070370
0 0.887240 0.082407 0.024479 0.055556
0 0.711198 0.043519 0.031771 0.038889
0 0.089063 0.397685 0.025000 0.060185
0 0.064062 0.181019 0.043750 0.049074
0 0.296094 0.019907 0.039062 0.037963
0 0.909115 0.147222 0.020313 0.072222
0 0.555469 0.112963 0.019271 0.046296
0 0.980990 0.862037 0.024479 0.055556
0 0.099219 0.024537 0.029687 0.047222
0 0.867969 0.048611 0.026562 0.065741
0 0.173437 0.018519 0.023958 0.035185
0 0.871615 0.121759 0.026562 0.047222
0 0.042188 0.032870 0.035417 0.050926
0 0.208073 0.859259 0.025521 0.066667
0 0.911719 0.040741 0.021354 0.066667
0 0.062240 0.497222 0.023438 0.050000
0 0.389062 0.943519 0.036458 0.038889
0 0.012240 0.848148 0.023438 0.061111
0 0.393490 0.905556 0.036979 0.037037
0 0.176042 0.937500 0.040625 0.047222
0 0.298438 0.922685 0.035417 0.045370
0 0.400521 0.869444 0.026042 0.053704
0 0.013021 0.066667 0.025000 0.048148
0 0.770312 0.647222 0.017708 0.035185
0 0.562240 0.019907 0.026562 0.037963
0 0.946094 0.972685 0.032813 0.050926
0 0.960417 0.948611 0.029167 0.054630
0 0.504167 0.939352 0.036458 0.052778
0 0.923438 0.088889 0.021875 0.031481
0 0.404687 0.970833 0.038542 0.047222
0 0.649740 0.956019 0.034896 0.043519
0 0.127865 0.956019 0.034896 0.060185
0 0.774740 0.975463 0.035937 0.049074
0 0.679167 0.017593 0.017708 0.033333
0 0.582292 0.808333 0.014583 0.024074
0 0.575260 0.956019 0.023438 0.071296
0 0.391146 0.126389 0.026042 0.069444
0 0.398438 0.178704 0.042708 0.062963
0 0.425260 0.228704 0.044271 0.048148
0 0.456510 0.232407 0.034896 0.072222
0 0.159115 0.337037 0.025521 0.064815
0 0.148438 0.360648 0.038542 0.050926
0 0.485938 0.149074 0.027083 0.066667
0 0.507292 0.164815 0.033333 0.050000
0 0.512240 0.134722 0.034896 0.069444
0 0.541667 0.155556 0.017708 0.068519
0 0.559115 0.169444 0.023438 0.070370
0 0.645312 0.368056 0.035417 0.058333
0 0.622917 0.430093 0.023958 0.076852
0 0.640885 0.454167 0.034896 0.036111
0 0.657813 0.409259 0.041667 0.059259
0 0.814063 0.328704 0.026042 0.077778
0 0.832812 0.356019 0.035417 0.043519
0 0.847917 0.309722 0.039583 0.060185
0 0.377865 0.298611 0.051562 0.045370
0 0.200000 0.977315 0.034375 0.037963
0 0.068490 0.959259 0.035937 0.053704
0 0.294792 0.980556 0.034375 0.038889
0 0.255208 0.969907 0.038542 0.049074
0 0.595573 0.982407 0.024479 0.031481
0 0.629167 0.984259 0.020833 0.031481
0 0.679948 0.986111 0.025521 0.027778
0 0.985938 0.988426 0.023958 0.019444
0 0.816667 0.989815 0.022917 0.020370
0 0.435937 0.981019 0.027083 0.034259
0 0.760938 0.015741 0.032292 0.029630
0 0.834115 0.599537 0.029687 0.071296
0 0.989062 0.090741 0.016667 0.029630
0 0.006771 0.405093 0.012500 0.065741
0 0.006771 0.459259 0.012500 0.038889
0 0.882812 0.239815 0.023958 0.074074
0 0.935417 0.204630 0.029167 0.055556
0 0.992969 0.223148 0.014063 0.044444
