0 0.453646 0.370370 0.027083 0.059259
0 0.285417 0.595370 0.025000 0.062963
0 0.189844 0.139352 0.022396 0.071296
0 0.362760 0.433796 0.030729 0.062037
0 0.581250 0.451389 0.033333 0.045370
0 0.272135 0.294907 0.025521 0.062037
0 0.344531 0.618519 0.021354 0.068519
0 0.161719 0.123148 0.022396 0.070370
0 0.144271 0.160648 0.019792 0.067593
0 0.107031 0.229167 0.029687 0.063889
0 0.555469 0.491667 0.024479 0.061111
0 0.725781 0.479167 0.025521 0.058333
0 0.346354 0.367593 0.020833 0.066667
0 0.259896 0.614352 0.036458 0.039815
0 0.249740 0.356944 0.023438 0.067593
0 0.315365 0.496296 0.026562 0.062963
0 0.652083 0.747222 0.028125 0.053704
0 0.384115 0.659259 0.030729 0.059259
0 0.204427 0.300000 0.031771 0.061111
0 0.900260 0.437037 0.030729 0.059259
0 0.690365 0.174537 0.027604 0.054630
0 0.124740 0.143981 0.029687 0.065741
0 0.482031 0.463889 0.020313 0.070370
0 0.389323 0.601389 0.022396 0.065741
0 0.218490 0.237500 0.033854 0.052778
0 0.629167 0.573611 0.029167 0.058333
0 0.378125 0.469907 0.028125 0.056481
0 0.507552 0.494907 0.026562 0.065741
0 0.239844 0.222685 0.019271 0.067593
0 0.240365 0.409259 0.023438 0.066667
0 0.360417 0.553241 0.031250 0.056481
0 0.287760 0.334722 0.029687 0.058333
0 0.317969 0.045370 0.026562 0.066667
0 0.396615 0.543056 0.032813 0.050926
0 0.295052 0.452778 0.021354 0.074074
0 0.202865 0.454167 0.032813 0.054630
0 0.521094 0.434259 0.035937 0.038889
0 0.398177 0.309722 0.033854 0.052778
0 0.226042 0.335648 0.026042 0.065741
0 0.631771 0.444444 0.036458 0.037037
0 0.388802 0.060185 0.025521 0.064815
0 0.748437 0.342593 0.020833 0.066667
0 0.580729 0.176852 0.025000 0.068519
0 0.376563 0.240741 0.039583 0.040741
0 0.208073 0.125926 0.019271 0.066667
0 0.292969 0.699537 0.023438 0.063889
0 0.347396 0.497222 0.034375 0.044444
0 0.525521 0.573611 0.032292 0.060185
0 0.905469 0.486111 0.034896 0.051852
0 0.436198 0.087500 0.023438 0.063889
0 0.233854 0.288426 0.021875 0.065741
0 0.486458 0.618056 0.021875 0.063889
0 0.706250 0.478704 0.019792 0.059259
0 0.250260 0.087500 0.021354 0.060185
0 0.764323 0.243056 0.028646 0.058333
0 0.776042 0.164352 0.020833 0.067593
0 0.797135 0.181019 0.024479 0.067593
0 0.957292 0.656944 0.035417 0.047222
0 0.370833 0.753241 0.026042 0.065741
0 0.284375 0.078241 0.025000 0.069444
0 0.572917 0.400463 0.033333 0.047222
0 0.200781 0.615741 0.032813 0.055556
0 0.444010 0.609722 0.022396 0.065741
0 0.450000 0.042130 0.017708 0.069444
0 0.523698 0.212963 0.018229 0.068519
0 0.277344 0.676389 0.018229 0.067593
0 0.738542 0.296759 0.032292 0.045370
0 0.451562 0.802778 0.037500 0.048148
0 0.720833 0.357407 0.018750 0.062963
0 0.671615 0.683333 0.033854 0.044444
0 0.222135 0.036111 0.020313 0.066667
0 0.132812 0.252778 0.026042 0.068519
0 0.930990 0.865278 0.031771 0.060185
0 0.473698 0.033333 0.019271 0.064815
0 0.481510 0.108333 0.031771 0.048148
0 0.614844 0.888426 0.028646 0.065741
0 0.554427 0.624537 0.019271 0.065741
0 0.489844 0.254167 0.032813 0.054630
0 0.540104 0.248148 0.018750 0.068519
0 0.173437 0.625000 0.034375 0.055556
0 0.312500 0.171759 0.030208 0.056481
0 0.880208 0.184722 0.028125 0.060185
0 0.507031 0.140741 0.017188 0.066667
0 0.186198 0.508796 0.035937 0.058333
0 0.670573 0.600000 0.017188 0.064815
0 0.789844 0.400463 0.034896 0.050926
0 0.321094 0.574074 0.020313 0.068519
0 0.665365 0.223148 0.022396 0.064815
0 0.378906 0.115278 0.031771 0.050926
0 0.226823 0.456944 0.027604 0.054630
0 0.580729 0.706019 0.021875 0.065741
0 0.511979 0.327778 0.034375 0.038889
0 0.564063 0.281944 0.034375 0.052778
0 0.652865 0.581944 0.019271 0.063889
0 0.388021 0.200926 0.035417 0.046296
0 0.040885 0.414815 0.022396 0.072222
0 0.173698 0.072222 0.036979 0.044444
0 0.577344 0.065741 0.034896 0.048148
0 0.945573 0.449537 0.027604 0.062037
0 0.045573 0.506944 0.036979 0.056481
0 0.194531 0.065278 0.031771 0.050926
0 0.291146 0.211574 0.031250 0.065741
0 0.308854 0.751389 0.029167 0.065741
0 0.166927 0.029167 0.034896 0.056481
0 0.119271 0.043056 0.021875 0.065741
0 0.807292 0.634722 0.023958 0.063889
0 0.560677 0.735185 0.030729 0.051852
0 0.129948 0.585648 0.024479 0.065741
0 0.272396 0.167593 0.021875 0.066667
0 0.658594 0.088889 0.017188 0.068519
0 0.421094 0.260185 0.034896 0.037037
0 0.465365 0.636574 0.020313 0.071296
0 0.353125 0.823148 0.037500 0.048148
0 0.637240 0.252778 0.034896 0.037037
0 0.325260 0.761111 0.024479 0.066667
0 0.135156 0.073148 0.029687 0.059259
0 0.880469 0.403704 0.022396 0.062963
0 0.523698 0.635185 0.034896 0.033333
0 0.507031 0.068056 0.036979 0.039815
0 0.859115 0.497222 0.031771 0.061111
0 0.698958 0.099537 0.017708 0.073148
0 0.137760 0.517593 0.027604 0.053704
0 0.109635 0.846296 0.030729 0.055556
0 0.833333 0.368056 0.033333 0.050926
0 0.062760 0.309259 0.028646 0.066667
0 0.147656 0.402778 0.036979 0.055556
0 0.658073 0.351389 0.035937 0.047222
0 0.107292 0.124537 0.021875 0.069444
0 0.284115 0.745833 0.028646 0.041667
0 0.922396 0.223611 0.034375 0.047222
0 0.847396 0.258333 0.021875 0.070370
0 0.195573 0.188889 0.021354 0.064815
0 0.104167 0.493981 0.028125 0.067593
0 0.153906 0.605556 0.033854 0.037037
0 0.164323 0.459722 0.038021 0.043519
0 0.498958 0.867130 0.036458 0.050926
0 0.973958 0.324537 0.032292 0.056481
0 0.827344 0.250000 0.021354 0.068519
0 0.506510 0.237963 0.030729 0.059259
0 0.808333 0.242130 0.025000 0.071296
0 0.344531 0.761111 0.020313 0.064815
0 0.276042 0.877778 0.027083 0.066667
0 0.826042 0.327315 0.034375 0.045370
0 0.641406 0.888426 0.023438 0.065741
0 0.977344 0.417593 0.035937 0.037037
0 0.865625 0.591667 0.033333 0.053704
0 0.097656 0.354167 0.039062 0.056481
0 0.945573 0.068981 0.031771 0.056481
0 0.259896 0.037500 0.028125 0.063889
0 0.107031 0.298611 0.033854 0.062037
0 0.340625 0.032407 0.018750 0.062963
0 0.040365 0.167593 0.045312 0.046296
0 0.918229 0.897685 0.027083 0.062037
0 0.937760 0.309722 0.030729 0.060185
0 0.446354 0.753704 0.035417 0.048148
0 0.806510 0.557407 0.036979 0.057407
0 0.068750 0.408796 0.033333 0.043519
0 0.188281 0.574074 0.039062 0.040741
0 0.059635 0.458796 0.032813 0.056481
0 0.851302 0.401852 0.034896 0.055556
0 0.911458 0.172222 0.027083 0.062963
0 0.023958 0.201389 0.039583 0.045370
0 0.083594 0.637500 0.024479 0.073148
0 0.026562 0.121296 0.042708 0.044444
0 0.659896 0.026852 0.021875 0.051852
0 0.163542 0.428241 0.039583 0.041667
0 0.749740 0.710648 0.038021 0.041667
0 0.176823 0.387963 0.042188 0.042593
0 0.320573 0.429630 0.021354 0.053704
0 0.176563 0.703241 0.029167 0.065741
0 0.157552 0.516667 0.023438 0.062963
0 0.223177 0.818056 0.036979 0.039815
0 0.863802 0.348148 0.029687 0.057407
0 0.166146 0.298148 0.038542 0.044444
0 0.754687 0.752315 0.035417 0.050926
0 0.037500 0.358796 0.036458 0.058333
0 0.887500 0.294907 0.026042 0.067593
0 0.791146 0.255093 0.023958 0.067593
0 0.968490 0.244907 0.034896 0.039815
0 0.975000 0.598148 0.040625 0.046296
0 0.251563 0.843981 0.031250 0.052778
0 0.416927 0.843519 0.018229 0.066667
0 0.329688 0.879167 0.023958 0.071296
0 0.564844 0.022222 0.022396 0.042593
0 0.845573 0.702315 0.036979 0.039815
0 0.130990 0.819444 0.042188 0.050000
0 0.877604 0.083333 0.037500 0.064815
0 0.611198 0.670833 0.018229 0.047222
0 0.084635 0.455093 0.023438 0.063889
0 0.721354 0.200000 0.038542 0.038889
0 0.599740 0.569907 0.021354 0.060185
0 0.154427 0.729630 0.040104 0.046296
0 0.921615 0.759722 0.038021 0.041667
0 0.198177 0.926852 0.033854 0.062963
0 0.934375 0.114815 0.040625 0.046296
0 0.161979 0.846759 0.041667 0.045370
0 0.105208 0.412500 0.037500 0.058333
0 0.785937 0.303241 0.033333 0.049074
0 0.399219 0.906481 0.018229 0.064815
0 0.836198 0.793056 0.040104 0.056481
0 0.067448 0.072685 0.024479 0.062037
0 0.920573 0.800000 0.025521 0.061111
0 0.921615 0.338426 0.043229 0.047222
0 0.066927 0.712963 0.040104 0.055556
0 0.039583 0.663889 0.026042 0.072222
0 0.824479 0.872222 0.025000 0.068519
0 0.557031 0.792130 0.034896 0.045370
0 0.909375 0.051852 0.037500 0.055556
0 0.984115 0.800000 0.025521 0.068519
0 0.041927 0.757407 0.028646 0.074074
0 0.020833 0.701852 0.031250 0.068519
0 0.293490 0.917130 0.024479 0.063889
0 0.037760 0.825000 0.024479 0.062963
0 0.350260 0.912037 0.039062 0.037037
0 0.010156 0.328241 0.019271 0.076852
0 0.812760 0.056019 0.036979 0.041667
0 0.075260 0.513426 0.024479 0.054630
0 0.970313 0.143981 0.028125 0.056481
0 0.230729 0.867130 0.036458 0.041667
0 0.895312 0.675463 0.040625 0.049074
0 0.802083 0.788426 0.032292 0.069444
0 0.236198 0.916204 0.025521 0.056481
0 0.170313 0.901389 0.041667 0.034259
0 0.911458 0.608796 0.038542 0.045370
0 0.970313 0.117130 0.025000 0.041667
0 0.683854 0.014815 0.019792 0.027778
0 0.932813 0.029630 0.029167 0.046296
0 0.450000 0.953704 0.028125 0.066667
0 0.861458 0.099074 0.025000 0.055556
0 0.205729 0.793056 0.043750 0.047222
0 0.193750 0.343981 0.035417 0.043519
0 0.260417 0.950926 0.042708 0.075926
0 0.044010 0.052778 0.032813 0.046296
0 0.038021 0.933333 0.040625 0.062963
0 0.432292 0.950926 0.018750 0.066667
0 0.993490 0.367130 0.013021 0.030556
0 0.030469 0.873611 0.031771 0.052778
0 0.459635 0.902778 0.033854 0.040741
0 0.964583 0.933333 0.035417 0.057407
0 0.313281 0.625926 0.022396 0.050000
0 0.015625 0.916204 0.030208 0.054630
0 0.483594 0.957870 0.022396 0.067593
0 0.436198 0.880556 0.034896 0.040741
0 0.878646 0.940278 0.032292 0.049074
0 0.077604 0.751852 0.022917 0.033333
0 0.863021 0.976389 0.041667 0.047222
0 0.215365 0.968981 0.038021 0.052778
0 0.453125 0.506481 0.042708 0.033333
0 0.473698 0.534722 0.031771 0.058333
0 0.486458 0.555093 0.035417 0.050926
0 0.595052 0.964815 0.033854 0.057407
0 0.656771 0.955556 0.039583 0.064815
0 0.374219 0.982870 0.033854 0.034259
0 0.122135 0.981944 0.035937 0.034259
0 0.060417 0.886574 0.043750 0.047222
0 0.818490 0.977778 0.038021 0.024074
0 0.213802 0.401389 0.041146 0.041667
0 0.171354 0.344444 0.013542 0.044444
0 0.289844 0.144444 0.022396 0.072222
0 0.345052 0.142593 0.033854 0.072222
0 0.372917 0.165741 0.040625 0.038889
0 0.380208 0.024537 0.015625 0.047222
0 0.363281 0.008796 0.019271 0.015741
0 0.358854 0.068981 0.027083 0.069444
0 0.193750 0.026389 0.033333 0.050926
0 0.208594 0.078241 0.031771 0.050926
0 0.221875 0.374537 0.035417 0.043519
0 0.475521 0.287037 0.026042 0.074074
0 0.523958 0.135648 0.027083 0.075000
0 0.541927 0.145370 0.019271 0.079630
0 0.562500 0.157407 0.025000 0.066667
0 0.560417 0.106944 0.017708 0.049074
0 0.559375 0.218981 0.035417 0.063889
0 0.631510 0.360185 0.034896 0.057407
0 0.644531 0.303704 0.040104 0.055556
0 0.687500 0.323148 0.038542 0.055556
0 0.680208 0.363889 0.032292 0.079630
0 0.990885 0.739352 0.018229 0.037963
0 0.984635 0.975000 0.025521 0.016667
0 0.452083 0.986111 0.029167 0.025926
0 0.741406 0.006944 0.019271 0.012037
0 0.126302 0.459259 0.038021 0.057407
0 0.238021 0.029167 0.019792 0.056481
0 0.139844 0.023148 0.023438 0.044444
0 0.293490 0.005093 0.020313 0.008333
0 0.993490 0.367130 0.013021 0.030556
0 0.513802 0.294444 0.036979 0.042593
0 0.864062 0.276852 0.021875 0.070370
0 0.083073 0.309722 0.030729 0.063889
0 0.810677 0.306019 0.031771 0.063889
0 0.963802 0.441667 0.018229 0.031481
0 0.606771 0.532407 0.040625 0.031481
0 0.561719 0.768981 0.043229 0.041667
0 0.937500 0.253704 0.031250 0.055556
0 0.993490 0.367130 0.013021 0.030556
