0 0.437500 0.274074 0.032292 0.050000
0 0.600260 0.515278 0.033854 0.047222
0 0.511979 0.695370 0.027083 0.050000
0 0.479687 0.597222 0.026042 0.055556
0 0.511458 0.475463 0.032292 0.041667
0 0.508073 0.573148 0.030729 0.050000
0 0.517969 0.316204 0.031771 0.054630
0 0.298438 0.728241 0.029167 0.047222
0 0.559896 0.794907 0.032292 0.041667
0 0.478125 0.731019 0.036458 0.041667
0 0.417708 0.600000 0.034375 0.040741
0 0.491406 0.501852 0.029687 0.053704
0 0.273177 0.680556 0.036979 0.053704
0 0.494792 0.245833 0.021875 0.060185
0 0.515625 0.751852 0.019792 0.059259
0 0.607812 0.461574 0.032292 0.060185
0 0.372396 0.850926 0.027083 0.061111
0 0.429427 0.478241 0.019271 0.062037
0 0.245833 0.625000 0.017708 0.062963
0 0.681250 0.336574 0.034375 0.043519
0 0.350781 0.837500 0.027604 0.065741
0 0.437500 0.666204 0.037500 0.028704
0 0.357292 0.576852 0.034375 0.042593
0 0.269531 0.565278 0.023438 0.067593
0 0.616927 0.280093 0.034896 0.045370
0 0.405469 0.317593 0.023438 0.066667
0 0.473177 0.180556 0.022396 0.064815
0 0.521875 0.217593 0.023958 0.064815
0 0.879427 0.773611 0.027604 0.062037
0 0.207292 0.565278 0.018750 0.060185
0 0.560677 0.300463 0.026562 0.052778
0 0.399219 0.773611 0.026562 0.054630
0 0.241146 0.748611 0.027083 0.056481
0 0.328646 0.852315 0.018750 0.065741
0 0.229427 0.686574 0.017188 0.063889
0 0.170833 0.609722 0.019792 0.065741
0 0.403906 0.538889 0.024479 0.061111
0 0.452083 0.624074 0.025000 0.062963
0 0.533594 0.673148 0.030729 0.038889
0 0.087240 0.708333 0.029687 0.057407
0 0.073177 0.762037 0.027604 0.057407
0 0.490885 0.393056 0.017188 0.062037
0 0.288802 0.533796 0.020313 0.065741
0 0.335156 0.482870 0.034896 0.045370
0 0.203646 0.446296 0.028125 0.057407
0 0.298177 0.275000 0.027604 0.059259
0 0.326302 0.329167 0.023438 0.063889
0 0.052344 0.334259 0.026562 0.061111
0 0.892969 0.703241 0.030729 0.054630
0 0.437500 0.548611 0.035417 0.034259
0 0.671354 0.279167 0.034375 0.049074
0 0.444010 0.770833 0.029687 0.054630
0 0.420833 0.715741 0.021875 0.064815
0 0.272396 0.480093 0.035417 0.047222
0 0.553906 0.828241 0.034896 0.032407
0 0.313542 0.626852 0.040625 0.044444
0 0.373177 0.638889 0.021354 0.064815
0 0.464844 0.811111 0.025521 0.062963
0 0.214323 0.654167 0.027604 0.063889
0 0.234375 0.370833 0.027083 0.056481
0 0.343750 0.891204 0.030208 0.056481
0 0.199479 0.629630 0.027083 0.064815
0 0.262500 0.864815 0.037500 0.050000
0 0.491146 0.079630 0.025000 0.059259
0 0.437240 0.836111 0.034896 0.062963
0 0.218229 0.504167 0.045833 0.043519
0 0.374740 0.537963 0.034896 0.057407
0 0.983073 0.684722 0.031771 0.050926
0 0.585938 0.583796 0.022917 0.054630
0 0.423698 0.862963 0.032813 0.066667
0 0.132812 0.604630 0.027083 0.059259
0 0.599219 0.155556 0.031771 0.051852
0 0.245573 0.257407 0.025521 0.059259
0 0.213281 0.828241 0.034896 0.052778
0 0.187500 0.718056 0.018750 0.067593
0 0.698958 0.418519 0.038542 0.055556
0 0.598698 0.801389 0.031771 0.039815
0 0.356510 0.459722 0.029687 0.067593
0 0.243229 0.561574 0.034375 0.056481
0 0.415625 0.152778 0.033333 0.057407
0 0.604427 0.239815 0.034896 0.029630
0 0.807292 0.251389 0.026042 0.058333
0 0.167448 0.742593 0.018229 0.064815
0 0.126823 0.737500 0.027604 0.050926
0 0.103906 0.827778 0.029687 0.062963
0 0.684635 0.372222 0.030729 0.053704
0 0.783594 0.261111 0.022396 0.061111
0 0.114583 0.575926 0.030208 0.062963
0 0.826823 0.620370 0.031771 0.057407
0 0.741927 0.584259 0.039062 0.038889
0 0.422656 0.115741 0.021354 0.072222
0 0.964323 0.625463 0.043229 0.054630
0 0.306510 0.773148 0.017188 0.066667
0 0.707031 0.823148 0.033854 0.044444
0 0.916406 0.558796 0.030729 0.062037
0 0.822656 0.196759 0.024479 0.054630
0 0.141406 0.815741 0.038021 0.066667
0 0.327344 0.232407 0.039062 0.046296
0 0.664323 0.070370 0.029687 0.051852
0 0.716927 0.653241 0.028646 0.056481
0 0.176302 0.822685 0.040104 0.036111
0 0.951823 0.478241 0.031771 0.058333
0 0.711458 0.169444 0.035417 0.035185
0 0.333594 0.067130 0.031771 0.054630
0 0.843229 0.825926 0.023958 0.064815
0 0.294010 0.083333 0.025521 0.062963
0 0.077344 0.506481 0.040104 0.029630
0 0.215104 0.152778 0.035417 0.055556
0 0.685937 0.486111 0.034375 0.053704
0 0.051042 0.489352 0.038542 0.071296
0 0.541146 0.351852 0.034375 0.061111
0 0.967448 0.545833 0.028646 0.062037
0 0.519531 0.085648 0.022396 0.060185
0 0.802865 0.458796 0.038021 0.041667
0 0.894792 0.452778 0.035417 0.050000
0 0.218750 0.768519 0.035417 0.029630
0 0.447917 0.708333 0.014583 0.062963
0 0.244271 0.170833 0.025000 0.069444
0 0.898698 0.282870 0.019271 0.062037
0 0.675260 0.157407 0.024479 0.061111
0 0.482292 0.872685 0.033333 0.050926
0 0.144531 0.088426 0.025521 0.063889
0 0.083333 0.572685 0.037500 0.049074
0 0.254948 0.718519 0.035937 0.037037
0 0.586198 0.855093 0.022396 0.067593
0 0.898958 0.511111 0.030208 0.061111
0 0.117708 0.760185 0.034375 0.046296
0 0.816406 0.841667 0.034896 0.050000
0 0.758333 0.237037 0.031250 0.055556
0 0.812240 0.561574 0.018229 0.062037
0 0.739583 0.183333 0.018750 0.066667
0 0.584115 0.542593 0.035937 0.037037
0 0.607812 0.081019 0.018750 0.069444
0 0.904948 0.677778 0.039062 0.061111
0 0.029167 0.336111 0.027083 0.066667
0 0.155469 0.555556 0.036979 0.042593
0 0.684115 0.433796 0.050521 0.050926
0 0.031771 0.242130 0.027083 0.063889
0 0.014323 0.191667 0.027604 0.057407
0 0.062500 0.662963 0.042708 0.040741
0 0.779948 0.142130 0.020313 0.063889
0 0.085938 0.616667 0.033333 0.038889
0 0.666406 0.221296 0.022396 0.064815
0 0.866406 0.719907 0.038021 0.030556
0 0.848958 0.431019 0.034375 0.034259
0 0.144010 0.205093 0.040104 0.049074
0 0.464844 0.058796 0.019271 0.065741
0 0.941927 0.532407 0.024479 0.061111
0 0.154688 0.365741 0.035417 0.061111
0 0.014323 0.138889 0.027604 0.042593
0 0.532292 0.050463 0.026042 0.054630
0 0.119792 0.320833 0.033333 0.063889
0 0.037240 0.425926 0.028646 0.064815
0 0.129948 0.508333 0.022396 0.053704
0 0.747135 0.076389 0.029687 0.058333
0 0.751823 0.738889 0.027604 0.053704
0 0.033333 0.510648 0.041667 0.032407
0 0.075000 0.049074 0.025000 0.057407
0 0.167969 0.113889 0.026562 0.072222
0 0.024479 0.653241 0.022917 0.067593
0 0.151302 0.435648 0.035937 0.063889
0 0.781771 0.686574 0.022917 0.060185
0 0.124479 0.239815 0.044792 0.035185
0 0.077083 0.121759 0.019792 0.063889
0 0.236719 0.028704 0.030729 0.055556
0 0.962240 0.400000 0.025521 0.055556
0 0.119271 0.067593 0.030208 0.057407
0 0.698958 0.871296 0.033333 0.068519
0 0.399479 0.035648 0.019792 0.069444
0 0.859896 0.381481 0.038542 0.029630
0 0.550781 0.056019 0.016146 0.073148
0 0.293490 0.033796 0.031771 0.062037
0 0.312240 0.896759 0.021354 0.052778
0 0.077604 0.362037 0.041667 0.033333
0 0.642708 0.603704 0.034375 0.042593
0 0.114323 0.648611 0.021354 0.065741
0 0.986458 0.274074 0.026042 0.064815
0 0.095052 0.177778 0.021354 0.070370
0 0.865365 0.195833 0.036979 0.036111
0 0.897135 0.398611 0.026562 0.062037
0 0.988021 0.425926 0.022917 0.042593
0 0.089844 0.455556 0.033854 0.059259
0 0.974740 0.226389 0.033854 0.041667
0 0.805990 0.048148 0.028646 0.051852
0 0.864062 0.791204 0.022917 0.062037
0 0.150781 0.895833 0.042188 0.034259
0 0.073698 0.868056 0.042188 0.062037
0 0.856771 0.348148 0.035417 0.033333
0 0.493490 0.906019 0.036979 0.045370
0 0.688802 0.074537 0.020313 0.062037
0 0.011979 0.295370 0.022917 0.061111
0 0.572396 0.019907 0.030208 0.037963
0 0.138281 0.645833 0.041146 0.034259
0 0.980990 0.318519 0.026562 0.062963
0 0.794271 0.411574 0.038542 0.054630
0 0.719271 0.114352 0.030208 0.069444
0 0.965365 0.171296 0.028646 0.035185
0 0.110417 0.885648 0.041667 0.045370
0 0.743229 0.261574 0.037500 0.041667
0 0.898438 0.151389 0.020833 0.062037
0 0.095833 0.027315 0.020833 0.052778
0 0.377865 0.037037 0.015104 0.068519
0 0.828125 0.084722 0.029167 0.047222
0 0.919531 0.136574 0.021354 0.062037
0 0.945312 0.126389 0.023958 0.065741
0 0.913802 0.198148 0.028646 0.062963
0 0.975000 0.585185 0.022917 0.061111
0 0.010417 0.457407 0.019792 0.064815
0 0.354687 0.936574 0.031250 0.054630
0 0.767969 0.892593 0.030729 0.066667
0 0.700781 0.926389 0.024479 0.062037
0 0.440365 0.878241 0.041146 0.050926
0 0.949740 0.299537 0.031771 0.030556
0 0.791146 0.057407 0.050000 0.044444
0 0.394271 0.908796 0.036458 0.026852
0 0.788802 0.937500 0.034896 0.041667
0 0.640625 0.015741 0.035417 0.029630
0 0.202604 0.928241 0.044792 0.054630
0 0.412240 0.982870 0.047396 0.032407
0 0.337500 0.981944 0.027083 0.034259
0 0.364844 0.974537 0.033854 0.043519
0 0.519271 0.984722 0.043750 0.028704
0 0.857552 0.142593 0.034896 0.055556
0 0.411719 0.957870 0.032813 0.063889
0 0.986458 0.137500 0.026042 0.065741
0 0.892708 0.630556 0.026042 0.040741
0 0.264583 0.029167 0.019792 0.056481
0 0.911719 0.348611 0.040104 0.036111
0 0.594531 0.985648 0.032813 0.028704
0 0.652604 0.987500 0.038542 0.025000
0 0.745052 0.976852 0.028646 0.046296
0 0.036719 0.883796 0.041146 0.036111
0 0.940625 0.969444 0.025000 0.061111
0 0.279948 0.318519 0.044271 0.055556
0 0.185417 0.202778 0.037500 0.040741
0 0.206250 0.297685 0.025000 0.069444
0 0.192448 0.397222 0.044271 0.059259
0 0.209115 0.360185 0.038021 0.046296
0 0.286198 0.426389 0.029687 0.067593
0 0.377604 0.362037 0.038542 0.037037
0 0.459635 0.457407 0.032813 0.066667
0 0.366146 0.167593 0.036458 0.057407
0 0.316667 0.125463 0.042708 0.034259
0 0.325260 0.184722 0.041146 0.069444
0 0.277865 0.162963 0.034896 0.083333
0 0.264323 0.145833 0.033854 0.075000
0 0.250260 0.091667 0.027604 0.075926
0 0.220052 0.092593 0.026562 0.083333
0 0.198177 0.060185 0.034896 0.081481
0 0.102604 0.129167 0.031250 0.076852
0 0.560677 0.098611 0.023438 0.065741
0 0.370573 0.282870 0.041146 0.052778
0 0.393229 0.191204 0.028125 0.084259
0 0.356771 0.209722 0.034375 0.087963
0 0.458333 0.406481 0.040625 0.059259
0 0.455469 0.367130 0.045312 0.050926
0 0.419792 0.389352 0.027083 0.080556
0 0.398438 0.391204 0.023958 0.084259
0 0.393490 0.436111 0.043229 0.053704
0 0.405208 0.476852 0.037500 0.068519
0 0.474219 0.546296 0.022396 0.070370
0 0.493750 0.782407 0.023958 0.079630
0 0.475521 0.785648 0.019792 0.086111
0 0.433073 0.771296 0.031771 0.064815
0 0.110937 0.351389 0.033333 0.076852
0 0.127604 0.156019 0.047917 0.052778
0 0.161198 0.168981 0.025521 0.084259
0 0.197396 0.130556 0.021875 0.090741
0 0.458854 0.133333 0.032292 0.079630
0 0.445312 0.086111 0.044792 0.057407
0 0.525781 0.281481 0.036979 0.068519
0 0.147135 0.737037 0.023438 0.088889
0 0.173437 0.243056 0.039583 0.065741
0 0.212240 0.224537 0.034896 0.060185
0 0.294010 0.346759 0.038021 0.063889
0 0.304948 0.389352 0.029687 0.086111
0 0.305208 0.464352 0.016667 0.075000
0 0.319271 0.533333 0.042708 0.059259
0 0.333594 0.427778 0.045312 0.037037
0 0.422135 0.209722 0.038021 0.063889
0 0.415104 0.256944 0.046875 0.037963
0 0.437240 0.329630 0.035937 0.048148
0 0.590885 0.289352 0.030729 0.084259
0 0.551823 0.223611 0.026562 0.078704
0 0.579948 0.208333 0.022396 0.079630
0 0.605990 0.201389 0.045312 0.056481
0 0.690885 0.218519 0.027604 0.062963
0 0.707031 0.212037 0.030729 0.057407
0 0.989583 0.503704 0.018750 0.068519
0 0.180469 0.331019 0.031771 0.075000
0 0.165885 0.287500 0.032813 0.049074
0 0.262500 0.413889 0.025000 0.068519
0 0.251823 0.398148 0.041146 0.027778
0 0.051042 0.087963 0.042708 0.064815
