0 0.357812 0.464352 0.033333 0.052778
0 0.588021 0.297685 0.029167 0.056481
0 0.522656 0.492593 0.033854 0.048148
0 0.569010 0.554630 0.033854 0.055556
0 0.312760 0.462500 0.035937 0.050926
0 0.362500 0.611574 0.028125 0.063889
0 0.225781 0.519907 0.031771 0.058333
0 0.367188 0.406019 0.037500 0.037963
0 0.373437 0.528241 0.023958 0.067593
0 0.306250 0.505093 0.038542 0.036111
0 0.434115 0.668056 0.035937 0.043519
0 0.454948 0.623611 0.026562 0.069444
0 0.188802 0.474537 0.040104 0.047222
0 0.284115 0.311111 0.023438 0.062963
0 0.400521 0.680556 0.028125 0.064815
0 0.525000 0.611111 0.018750 0.062963
0 0.394531 0.496296 0.026562 0.064815
0 0.414583 0.807870 0.027083 0.065741
0 0.585677 0.584722 0.020313 0.058333
0 0.502865 0.463889 0.019271 0.062963
0 0.431250 0.540741 0.023958 0.066667
0 0.450260 0.563426 0.019271 0.069444
0 0.342187 0.607870 0.030208 0.063889
0 0.507031 0.356944 0.038021 0.037963
0 0.521875 0.782870 0.026042 0.065741
0 0.408594 0.314352 0.036979 0.041667
0 0.529427 0.294907 0.033854 0.052778
0 0.208333 0.174537 0.028125 0.065741
0 0.615365 0.852778 0.033854 0.061111
0 0.138281 0.471759 0.039062 0.058333
0 0.479948 0.816204 0.024479 0.067593
0 0.337240 0.500463 0.022396 0.065741
0 0.506510 0.574537 0.027604 0.052778
0 0.355469 0.812500 0.027604 0.063889
0 0.295573 0.560185 0.036979 0.050000
0 0.144792 0.386574 0.030208 0.067593
0 0.425521 0.269907 0.037500 0.039815
0 0.450521 0.112963 0.025000 0.061111
0 0.452865 0.182870 0.023438 0.067593
0 0.246354 0.267593 0.022917 0.068519
0 0.264323 0.416667 0.024479 0.072222
0 0.328906 0.435648 0.025521 0.065741
0 0.385937 0.810648 0.023958 0.065741
0 0.334375 0.656944 0.027083 0.065741
0 0.493490 0.665741 0.034896 0.038889
0 0.168229 0.410648 0.041667 0.062037
0 0.266146 0.565278 0.032292 0.062037
0 0.392969 0.384259 0.029687 0.061111
0 0.265625 0.679167 0.039583 0.037963
0 0.513021 0.847222 0.020833 0.064815
0 0.217969 0.236111 0.027604 0.059259
0 0.498698 0.235648 0.018229 0.063889
0 0.558854 0.793519 0.031250 0.055556
0 0.163021 0.525926 0.031250 0.061111
0 0.453906 0.828704 0.020313 0.070370
0 0.214062 0.592593 0.035417 0.042593
0 0.521615 0.088426 0.020313 0.062037
0 0.314323 0.679167 0.019271 0.065741
0 0.211979 0.289352 0.023958 0.067593
0 0.263802 0.341667 0.024479 0.068519
0 0.358854 0.134259 0.019792 0.064815
0 0.444010 0.766667 0.029687 0.057407
0 0.019010 0.505556 0.036979 0.051852
0 0.204167 0.634722 0.023958 0.069444
0 0.303906 0.387500 0.026562 0.069444
0 0.333333 0.066667 0.031250 0.055556
0 0.201302 0.403704 0.034896 0.055556
0 0.128125 0.222222 0.032292 0.074074
0 0.046875 0.687963 0.041667 0.042593
0 0.150781 0.678241 0.029687 0.071296
0 0.519271 0.218056 0.023958 0.067593
0 0.125000 0.278704 0.035417 0.072222
0 0.066406 0.800000 0.030729 0.064815
0 0.674479 0.444444 0.035417 0.055556
0 0.545052 0.345833 0.027604 0.069444
0 0.389323 0.059722 0.022396 0.067593
0 0.627865 0.443056 0.034896 0.045370
0 0.078646 0.192130 0.033333 0.062037
0 0.551562 0.831019 0.035417 0.039815
0 0.034896 0.537500 0.040625 0.037963
0 0.297917 0.729630 0.037500 0.040741
0 0.158073 0.747685 0.035937 0.060185
0 0.244792 0.561111 0.032292 0.061111
0 0.187240 0.554167 0.029687 0.063889
0 0.066667 0.643519 0.043750 0.040741
0 0.378646 0.592130 0.019792 0.067593
0 0.557813 0.460648 0.037500 0.041667
0 0.708854 0.649074 0.021875 0.068519
0 0.104167 0.593981 0.039583 0.045370
0 0.293229 0.249537 0.033333 0.063889
0 0.128385 0.737963 0.025521 0.064815
0 0.691667 0.549537 0.020833 0.062037
0 0.799740 0.236111 0.030729 0.059259
0 0.916927 0.557870 0.033854 0.063889
0 0.178646 0.261111 0.043750 0.037037
0 0.339062 0.170833 0.033333 0.041667
0 0.246875 0.170370 0.023958 0.074074
0 0.470313 0.774537 0.035417 0.041667
0 0.284635 0.443981 0.021354 0.067593
0 0.147917 0.802315 0.041667 0.050926
0 0.607031 0.079630 0.019271 0.066667
0 0.594531 0.801389 0.040104 0.045370
0 0.145573 0.184722 0.034896 0.056481
0 0.889844 0.693056 0.032813 0.056481
0 0.957812 0.478704 0.037500 0.046296
0 0.896615 0.509722 0.027604 0.067593
0 0.668229 0.610185 0.034375 0.031481
0 0.025521 0.652315 0.026042 0.073148
0 0.914323 0.727315 0.035937 0.049074
0 0.845833 0.819444 0.029167 0.057407
0 0.169271 0.117593 0.020833 0.064815
0 0.813802 0.723611 0.033854 0.045370
0 0.412760 0.133333 0.032813 0.062963
0 0.134375 0.103704 0.025000 0.064815
0 0.818229 0.424537 0.029167 0.058333
0 0.710677 0.225000 0.019271 0.062963
0 0.021615 0.742593 0.035937 0.059259
0 0.860156 0.767130 0.034896 0.047222
0 0.680990 0.136574 0.031771 0.043519
0 0.091146 0.459259 0.038542 0.062963
0 0.497917 0.766204 0.020833 0.071296
0 0.478646 0.729167 0.035417 0.043519
0 0.161979 0.630556 0.037500 0.046296
0 0.183594 0.326852 0.029687 0.070370
0 0.826823 0.623148 0.023438 0.061111
0 0.211458 0.812037 0.029167 0.066667
0 0.483854 0.043056 0.019792 0.069444
0 0.615104 0.367130 0.034375 0.041667
0 0.229427 0.283796 0.020313 0.071296
0 0.724219 0.362037 0.033854 0.040741
0 0.772656 0.388426 0.028646 0.063889
0 0.669792 0.091667 0.020833 0.064815
0 0.858594 0.626389 0.036979 0.058333
0 0.460677 0.058796 0.018229 0.065741
0 0.979167 0.214815 0.030208 0.046296
0 0.464323 0.889352 0.025521 0.058333
0 0.188021 0.716204 0.022917 0.071296
0 0.108854 0.802778 0.026042 0.070370
0 0.241667 0.619444 0.027083 0.070370
0 0.967969 0.585185 0.036979 0.035185
0 0.570052 0.122685 0.034896 0.037963
0 0.271875 0.162500 0.033333 0.065741
0 0.926562 0.462963 0.033333 0.038889
0 0.759896 0.187963 0.033333 0.057407
0 0.020313 0.259259 0.037500 0.059259
0 0.122656 0.335648 0.030729 0.071296
0 0.696615 0.869907 0.030729 0.069444
0 0.038281 0.438426 0.029687 0.071296
0 0.058073 0.468519 0.030729 0.068519
0 0.866146 0.718981 0.036458 0.041667
0 0.964583 0.639352 0.034375 0.034259
0 0.553125 0.054167 0.023958 0.071296
0 0.802604 0.612037 0.029167 0.057407
0 0.712760 0.118056 0.022396 0.062037
0 0.060937 0.730093 0.029167 0.054630
0 0.371875 0.744907 0.019792 0.067593
0 0.029427 0.814815 0.038021 0.051852
0 0.671615 0.212963 0.019271 0.064815
0 0.073698 0.599537 0.029687 0.067593
0 0.902604 0.347685 0.038542 0.039815
0 0.670312 0.273148 0.041667 0.046296
0 0.810417 0.175000 0.031250 0.053704
0 0.122656 0.067130 0.023438 0.063889
0 0.773177 0.106944 0.025521 0.062037
0 0.955729 0.365278 0.017708 0.062037
0 0.300781 0.040278 0.033854 0.063889
0 0.985938 0.415741 0.026042 0.062963
0 0.894792 0.454167 0.030208 0.060185
0 0.210417 0.360185 0.031250 0.048148
0 0.074479 0.360648 0.036458 0.039815
0 0.842708 0.203704 0.020833 0.061111
0 0.040625 0.371759 0.037500 0.067593
0 0.390885 0.770370 0.026562 0.072222
0 0.664844 0.878704 0.020313 0.059259
0 0.434115 0.726389 0.019271 0.069444
0 0.015885 0.304630 0.030729 0.055556
0 0.982552 0.356019 0.033854 0.054630
0 0.326042 0.331944 0.026042 0.069444
0 0.132552 0.643519 0.040104 0.044444
0 0.914062 0.306481 0.036458 0.035185
0 0.518750 0.911111 0.035417 0.044444
0 0.156250 0.847685 0.035417 0.058333
0 0.376302 0.034722 0.018229 0.065741
0 0.685677 0.071296 0.019271 0.066667
0 0.282031 0.623148 0.038021 0.046296
0 0.184635 0.824537 0.038021 0.060185
0 0.757552 0.240741 0.030729 0.055556
0 0.787500 0.213889 0.033333 0.048148
0 0.760156 0.150463 0.034896 0.041667
0 0.964583 0.164815 0.033333 0.050000
0 0.406250 0.894444 0.023958 0.066667
0 0.100000 0.082407 0.028125 0.068519
0 0.016927 0.188426 0.032813 0.052778
0 0.896615 0.398148 0.030729 0.062963
0 0.928646 0.177778 0.027083 0.046296
0 0.822656 0.881019 0.023438 0.056481
0 0.273177 0.025463 0.028646 0.049074
0 0.581771 0.501389 0.037500 0.049074
0 0.741927 0.265741 0.036979 0.038889
0 0.744792 0.081481 0.027083 0.055556
0 0.864062 0.380093 0.038542 0.037963
0 0.892708 0.138426 0.030208 0.060185
0 0.962500 0.292593 0.026042 0.062963
0 0.230469 0.769444 0.045312 0.042593
0 0.793750 0.754167 0.026042 0.067593
0 0.111458 0.875000 0.031250 0.061111
0 0.112760 0.372222 0.028646 0.070370
0 0.131250 0.506481 0.027083 0.055556
0 0.842448 0.138889 0.036979 0.042593
0 0.922135 0.128704 0.020313 0.066667
0 0.910417 0.190741 0.022917 0.061111
0 0.087240 0.873611 0.027604 0.058333
0 0.973958 0.128241 0.026042 0.045370
0 0.361979 0.903241 0.023958 0.069444
0 0.409896 0.017593 0.028125 0.033333
0 0.250781 0.819444 0.042188 0.040741
0 0.570573 0.016667 0.035937 0.031481
0 0.054948 0.034722 0.042188 0.041667
0 0.316927 0.888426 0.021354 0.075000
0 0.856771 0.356944 0.037500 0.039815
0 0.889323 0.629630 0.024479 0.040741
0 0.269010 0.728704 0.020313 0.064815
0 0.208854 0.913889 0.035417 0.048148
0 0.788542 0.936111 0.032292 0.040741
0 0.273438 0.955556 0.041667 0.044444
0 0.428125 0.947685 0.034375 0.052778
0 0.870833 0.126389 0.028125 0.045370
0 0.684896 0.941667 0.034375 0.044444
0 0.103385 0.014352 0.025521 0.026852
0 0.666146 0.018056 0.037500 0.034259
0 0.159635 0.922222 0.039062 0.048148
0 0.350781 0.960648 0.020313 0.067593
0 0.193750 0.943056 0.039583 0.047222
0 0.436458 0.882870 0.035417 0.052778
0 0.236458 0.938889 0.033333 0.057407
0 0.201042 0.015278 0.033333 0.028704
0 0.831771 0.026852 0.023958 0.051852
0 0.938281 0.961111 0.028646 0.053704
0 0.748177 0.960185 0.030729 0.053704
0 0.594271 0.984722 0.032292 0.030556
0 0.174219 0.970370 0.031771 0.024074
0 0.328125 0.225463 0.043750 0.058333
0 0.363281 0.191667 0.039062 0.064815
0 0.373698 0.234722 0.043229 0.045370
0 0.399479 0.176389 0.038542 0.069444
0 0.334896 0.272685 0.048958 0.041667
0 0.373177 0.275463 0.042188 0.047222
0 0.172396 0.182870 0.019792 0.065741
0 0.190885 0.210185 0.026562 0.075926
0 0.548958 0.198148 0.029167 0.062963
0 0.563021 0.157407 0.042708 0.055556
0 0.594792 0.154630 0.039583 0.064815
0 0.632812 0.164352 0.040625 0.058333
0 0.631250 0.215278 0.041667 0.041667
0 0.651042 0.250926 0.039583 0.038889
0 0.473438 0.185648 0.030208 0.071296
0 0.459115 0.381481 0.016146 0.072222
0 0.482292 0.399074 0.037500 0.046296
0 0.430990 0.386111 0.039062 0.053704
0 0.359115 0.345833 0.032813 0.073148
0 0.447396 0.441204 0.046875 0.056481
0 0.429427 0.473148 0.031771 0.068519
0 0.464583 0.526389 0.039583 0.063889
0 0.407031 0.529630 0.022396 0.085185
0 0.533854 0.414352 0.031250 0.078704
0 0.565625 0.396759 0.045833 0.060185
0 0.160156 0.312500 0.036979 0.089815
0 0.188281 0.131019 0.024479 0.062037
0 0.211458 0.127778 0.033333 0.079630
0 0.215104 0.074074 0.042708 0.055556
0 0.236719 0.123611 0.023438 0.073148
0 0.250781 0.094444 0.029687 0.068519
0 0.276302 0.101389 0.035937 0.060185
0 0.298958 0.084722 0.031250 0.071296
0 0.270052 0.056481 0.033854 0.057407
0 0.443490 0.234259 0.045312 0.046296
0 0.249219 0.394444 0.042188 0.040741
0 0.969271 0.522222 0.032292 0.040741
0 0.592187 0.427315 0.036458 0.065741
0 0.569010 0.261574 0.034896 0.063889
0 0.542708 0.243981 0.022917 0.065741
0 0.989844 0.656019 0.020313 0.063889
0 0.317448 0.966667 0.040104 0.057407
0 0.640365 0.985185 0.034896 0.027778
0 0.251563 0.767130 0.039583 0.058333
0 0.179688 0.602778 0.013542 0.031481
0 0.396354 0.349074 0.033333 0.035185
0 0.435156 0.018519 0.021354 0.035185
0 0.368490 0.445833 0.016146 0.039815
0 0.948698 0.112963 0.025521 0.057407
0 0.994010 0.273148 0.011979 0.035185
0 0.995313 0.304167 0.009375 0.023148
0 0.994531 0.225463 0.010937 0.034259
0 0.994531 0.545370 0.010937 0.033333
0 0.996354 0.595370 0.007292 0.035185
0 0.988542 0.457870 0.020833 0.039815
