0 0.297135 0.635648 0.033854 0.060185
0 0.395052 0.498148 0.034896 0.051852
0 0.451042 0.546296 0.023958 0.062963
0 0.498177 0.206944 0.026562 0.065741
0 0.604688 0.384722 0.029167 0.060185
0 0.406510 0.679167 0.039062 0.045370
0 0.560156 0.427778 0.030729 0.059259
0 0.449479 0.476852 0.021875 0.057407
0 0.415365 0.188426 0.029687 0.067593
0 0.583333 0.353241 0.023958 0.058333
0 0.566146 0.514352 0.034375 0.050926
0 0.255208 0.641667 0.041667 0.051852
0 0.441667 0.193056 0.021875 0.067593
0 0.467187 0.437500 0.034375 0.049074
0 0.530469 0.628704 0.029687 0.066667
0 0.624219 0.255093 0.028646 0.052778
0 0.246094 0.402778 0.025521 0.068519
0 0.409375 0.401389 0.029167 0.056481
0 0.373437 0.626389 0.029167 0.060185
0 0.259375 0.429630 0.023958 0.070370
0 0.369271 0.315741 0.020833 0.068519
0 0.254167 0.199074 0.023958 0.064815
0 0.540625 0.533796 0.035417 0.045370
0 0.284896 0.166667 0.028125 0.066667
0 0.528646 0.249074 0.033333 0.059259
0 0.419531 0.262963 0.035937 0.037037
0 0.408594 0.574074 0.035937 0.040741
0 0.183594 0.621759 0.029687 0.063889
0 0.688281 0.538889 0.027604 0.061111
0 0.622135 0.632407 0.020313 0.064815
0 0.278125 0.553241 0.022917 0.063889
0 0.243229 0.595370 0.038542 0.044444
0 0.285417 0.459259 0.029167 0.064815
0 0.513281 0.571759 0.032813 0.045370
0 0.404167 0.334259 0.035417 0.042593
0 0.628385 0.301852 0.028646 0.051852
0 0.447396 0.090278 0.022917 0.063889
0 0.221094 0.637037 0.022396 0.066667
0 0.562760 0.864352 0.023438 0.063889
0 0.270313 0.128241 0.030208 0.060185
0 0.771094 0.624537 0.032813 0.056481
0 0.514323 0.682870 0.020313 0.060185
0 0.484635 0.511111 0.036979 0.040741
0 0.936458 0.743056 0.026042 0.058333
0 0.700781 0.491204 0.034896 0.039815
0 0.546354 0.778241 0.035417 0.050926
0 0.586458 0.284259 0.033333 0.050000
0 0.349219 0.469907 0.024479 0.060185
0 0.697135 0.599074 0.025521 0.057407
0 0.343490 0.246296 0.041146 0.037037
0 0.238802 0.343981 0.039062 0.041667
0 0.323437 0.167593 0.035417 0.064815
0 0.818229 0.569444 0.025000 0.062963
0 0.854427 0.560185 0.026562 0.053704
0 0.271094 0.591204 0.034896 0.052778
0 0.479167 0.842593 0.035417 0.051852
0 0.485677 0.103704 0.022396 0.064815
0 0.340885 0.562963 0.036979 0.038889
0 0.363021 0.090741 0.031250 0.050000
0 0.493750 0.300463 0.018750 0.063889
0 0.414583 0.142130 0.035417 0.050926
0 0.231250 0.193056 0.021875 0.071296
0 0.164583 0.571759 0.040625 0.039815
0 0.371354 0.439815 0.028125 0.062963
0 0.662760 0.353241 0.030729 0.062037
0 0.671615 0.754167 0.033854 0.062037
0 0.488021 0.698148 0.018750 0.061111
0 0.297917 0.532407 0.023958 0.059259
0 0.461979 0.628704 0.020833 0.070370
0 0.573958 0.208796 0.020833 0.071296
0 0.261979 0.322685 0.038542 0.043519
0 0.591406 0.598148 0.025521 0.068519
0 0.230729 0.116204 0.021875 0.063889
0 0.560677 0.167593 0.019271 0.066667
0 0.423438 0.811111 0.033333 0.064815
0 0.533854 0.847685 0.019792 0.067593
0 0.615885 0.885185 0.034896 0.053704
0 0.247656 0.538426 0.038021 0.049074
0 0.775521 0.683796 0.037500 0.047222
0 0.950000 0.418519 0.034375 0.059259
0 0.601302 0.572685 0.024479 0.056481
0 0.605208 0.214352 0.035417 0.041667
0 0.853646 0.783333 0.029167 0.057407
0 0.674740 0.605556 0.019271 0.062963
0 0.310937 0.481019 0.036458 0.049074
0 0.941667 0.681019 0.021875 0.058333
0 0.601823 0.804630 0.025521 0.059259
0 0.530990 0.052315 0.030729 0.056481
0 0.656250 0.673148 0.031250 0.062963
0 0.380469 0.666204 0.024479 0.063889
0 0.163281 0.125463 0.025521 0.071296
0 0.166146 0.526852 0.036458 0.051852
0 0.963542 0.489352 0.026042 0.065741
0 0.662760 0.425463 0.033854 0.047222
0 0.200781 0.145833 0.028646 0.067593
0 0.083333 0.637500 0.023958 0.073148
0 0.594792 0.711574 0.035417 0.043519
0 0.789844 0.556944 0.041146 0.037963
0 0.389323 0.059259 0.024479 0.066667
0 0.960938 0.574537 0.023958 0.067593
0 0.310937 0.303241 0.040625 0.062037
0 0.481771 0.179167 0.021875 0.069444
0 0.127344 0.068519 0.025521 0.070370
0 0.120313 0.462500 0.032292 0.063889
0 0.200521 0.284722 0.032292 0.052778
0 0.341667 0.659722 0.033333 0.032407
0 0.142187 0.324537 0.021875 0.071296
0 0.948438 0.351389 0.034375 0.045370
0 0.175260 0.239352 0.024479 0.067593
0 0.978906 0.661574 0.024479 0.062037
0 0.209115 0.432407 0.041146 0.046296
0 0.250781 0.093056 0.022396 0.067593
0 0.539844 0.149074 0.019271 0.064815
0 0.664844 0.219444 0.023438 0.066667
0 0.066927 0.407407 0.034896 0.057407
0 0.171354 0.427778 0.040625 0.055556
0 0.844792 0.742130 0.031250 0.052778
0 0.347135 0.040278 0.028646 0.065741
0 0.257031 0.264352 0.040104 0.043519
0 0.902865 0.485185 0.034896 0.035185
0 0.094792 0.674074 0.038542 0.055556
0 0.319531 0.065741 0.021354 0.064815
0 0.293750 0.088426 0.021875 0.065741
0 0.900521 0.345370 0.037500 0.044444
0 0.573438 0.587037 0.029167 0.064815
0 0.840104 0.387500 0.020833 0.063889
0 0.963542 0.311111 0.036458 0.050000
0 0.056250 0.363889 0.041667 0.042593
0 0.774479 0.513426 0.037500 0.037963
0 0.142708 0.162500 0.019792 0.067593
0 0.918750 0.682407 0.025000 0.055556
0 0.194271 0.077315 0.025000 0.069444
0 0.103906 0.411111 0.036979 0.055556
0 0.175260 0.086111 0.025521 0.072222
0 0.331250 0.122685 0.036458 0.037963
0 0.461198 0.064815 0.019271 0.066667
0 0.038542 0.502315 0.042708 0.063889
0 0.985677 0.374074 0.027604 0.046296
0 0.398698 0.898148 0.028646 0.053704
0 0.852865 0.880556 0.032813 0.035185
0 0.100781 0.707407 0.042188 0.053704
0 0.177865 0.387500 0.041146 0.041667
0 0.018750 0.409722 0.023958 0.069444
0 0.130729 0.659722 0.041667 0.039815
0 0.520312 0.104167 0.036458 0.037963
0 0.932292 0.599074 0.021875 0.068519
0 0.746354 0.231944 0.020833 0.063889
0 0.893750 0.230556 0.018750 0.059259
0 0.109115 0.538889 0.044271 0.042593
0 0.408854 0.859259 0.038542 0.037037
0 0.053906 0.450463 0.038021 0.058333
0 0.140625 0.043981 0.026042 0.060185
0 0.475781 0.037037 0.021354 0.066667
0 0.091146 0.465741 0.035417 0.066667
0 0.856250 0.483333 0.034375 0.059259
0 0.880729 0.679630 0.039583 0.053704
0 0.763542 0.434722 0.033333 0.065741
0 0.776302 0.158796 0.022396 0.065741
0 0.137500 0.712500 0.043750 0.050926
0 0.096875 0.370833 0.044792 0.039815
0 0.767969 0.229630 0.021354 0.062963
0 0.038542 0.659722 0.025000 0.073148
0 0.152604 0.226852 0.025000 0.074074
0 0.712760 0.084259 0.030729 0.061111
0 0.044271 0.421296 0.031250 0.066667
0 0.802083 0.845833 0.038542 0.036111
0 0.882031 0.442130 0.022396 0.067593
0 0.083073 0.299537 0.035937 0.060185
0 0.815885 0.327315 0.023438 0.062037
0 0.093750 0.576389 0.043750 0.039815
0 0.635938 0.043981 0.033333 0.043519
0 0.276823 0.887963 0.041146 0.033333
0 0.917188 0.640741 0.025000 0.053704
0 0.310156 0.236111 0.033854 0.038889
0 0.688021 0.115278 0.022917 0.069444
0 0.730208 0.350000 0.028125 0.059259
0 0.218750 0.368519 0.031250 0.042593
0 0.730208 0.294444 0.018750 0.057407
0 0.216667 0.824537 0.035417 0.039815
0 0.108073 0.303241 0.025521 0.060185
0 0.263021 0.822685 0.041667 0.043519
0 0.966146 0.264352 0.036458 0.052778
0 0.330990 0.754630 0.021354 0.062963
0 0.867448 0.350463 0.035937 0.049074
0 0.228385 0.779167 0.024479 0.067593
0 0.556250 0.105093 0.019792 0.045370
0 0.039323 0.766204 0.045312 0.058333
0 0.200521 0.721296 0.041667 0.044444
0 0.985156 0.227778 0.026562 0.055556
0 0.752604 0.058333 0.019792 0.068519
0 0.845573 0.312963 0.034896 0.037037
0 0.691146 0.037037 0.021875 0.057407
0 0.911458 0.295370 0.041667 0.046296
0 0.155469 0.879167 0.032813 0.062037
0 0.060937 0.614815 0.032292 0.062963
0 0.156771 0.735648 0.045833 0.039815
0 0.102604 0.191204 0.044792 0.049074
0 0.031510 0.185185 0.022396 0.070370
0 0.257031 0.787963 0.038021 0.050000
0 0.561719 0.019907 0.025521 0.037963
0 0.014583 0.544444 0.028125 0.055556
0 0.795573 0.281019 0.027604 0.060185
0 0.133854 0.516667 0.036458 0.053704
0 0.380729 0.915278 0.030208 0.050926
0 0.377604 0.025926 0.021875 0.050000
0 0.867969 0.191667 0.038021 0.055556
0 0.715104 0.022222 0.026042 0.042593
0 0.158333 0.023611 0.033333 0.045370
0 0.455729 0.760648 0.035417 0.052778
0 0.881510 0.053241 0.020313 0.060185
0 0.663542 0.033333 0.021875 0.057407
0 0.972396 0.108333 0.036458 0.042593
0 0.936458 0.249074 0.026042 0.048148
0 0.038021 0.110648 0.027083 0.065741
0 0.903646 0.048148 0.029167 0.051852
0 0.191146 0.019907 0.033333 0.037963
0 0.970833 0.151852 0.023958 0.046296
0 0.988281 0.600463 0.023438 0.062037
0 0.026823 0.592593 0.041146 0.044444
0 0.827083 0.256481 0.037500 0.057407
0 0.445573 0.018981 0.021354 0.036111
0 0.724219 0.205093 0.036979 0.052778
0 0.885417 0.134722 0.022917 0.062037
0 0.934896 0.046296 0.036458 0.048148
0 0.423698 0.924074 0.017188 0.064815
0 0.206771 0.501389 0.033333 0.037963
0 0.011719 0.325000 0.022396 0.066667
0 0.861198 0.099537 0.039062 0.043519
0 0.691146 0.936111 0.037500 0.042593
0 0.009896 0.729167 0.018750 0.073148
0 0.119792 0.851852 0.043750 0.050000
0 0.941146 0.896759 0.037500 0.041667
0 0.452604 0.923148 0.018750 0.059259
0 0.232292 0.913426 0.036458 0.045370
0 0.583333 0.913426 0.037500 0.039815
0 0.050521 0.055556 0.038542 0.051852
0 0.356250 0.948611 0.028125 0.062037
0 0.444792 0.894907 0.037500 0.023148
0 0.989583 0.790278 0.020833 0.041667
0 0.244271 0.953241 0.020833 0.062037
0 0.046875 0.868981 0.034375 0.080556
0 0.261458 0.964352 0.027083 0.062037
0 0.008594 0.793056 0.016146 0.047222
0 0.976823 0.914815 0.027604 0.066667
0 0.009375 0.035648 0.017708 0.056481
0 0.104427 0.915278 0.040104 0.065741
0 0.164062 0.951852 0.027083 0.064815
0 0.020573 0.897685 0.040104 0.041667
0 0.228385 0.010185 0.025521 0.018519
0 0.489323 0.960648 0.029687 0.063889
0 0.445312 0.345833 0.039583 0.037963
0 0.165885 0.341204 0.020313 0.052778
0 0.191927 0.337500 0.038021 0.050926
0 0.327083 0.444444 0.032292 0.055556
0 0.339323 0.419444 0.041146 0.051852
0 0.355469 0.387963 0.042188 0.044444
0 0.434635 0.384259 0.033854 0.068519
0 0.472656 0.372685 0.026562 0.069444
0 0.501823 0.368056 0.041146 0.045370
0 0.499219 0.403241 0.040104 0.041667
0 0.521615 0.422685 0.041146 0.052778
0 0.992708 0.461574 0.014583 0.075000
0 0.990104 0.539815 0.019792 0.042593
0 0.225000 0.286111 0.028125 0.066667
0 0.073958 0.512500 0.026042 0.065741
0 0.288542 0.335185 0.041667 0.062963
0 0.382552 0.450000 0.020313 0.061111
0 0.688281 0.975000 0.034896 0.048148
0 0.398958 0.975000 0.035417 0.044444
0 0.458073 0.973611 0.031771 0.047222
0 0.006510 0.934722 0.011979 0.030556
0 0.887760 0.011111 0.024479 0.020370
0 0.559896 0.351389 0.030208 0.073148
0 0.075781 0.753241 0.018229 0.028704
0 0.452604 0.876852 0.026042 0.022222
0 0.434375 0.868519 0.016667 0.029630
0 0.005469 0.384259 0.009896 0.057407
0 0.286719 0.284722 0.033854 0.036111
0 0.995052 0.269444 0.009896 0.022222
0 0.891146 0.625000 0.016667 0.044444
0 0.873958 0.629167 0.027083 0.049074
