0 0.396354 0.619907 0.033333 0.054630
0 0.259375 0.462500 0.023958 0.065741
0 0.607292 0.278704 0.023958 0.068519
0 0.654948 0.586111 0.029687 0.066667
0 0.394531 0.321759 0.026562 0.056481
0 0.505208 0.248611 0.026042 0.063889
0 0.551042 0.232870 0.017708 0.071296
0 0.236719 0.476852 0.025521 0.068519
0 0.459896 0.637037 0.027083 0.064815
0 0.442708 0.450000 0.025000 0.064815
0 0.382812 0.562963 0.035417 0.038889
0 0.194531 0.483333 0.029687 0.068519
0 0.441406 0.553241 0.023438 0.065741
0 0.145052 0.107407 0.023438 0.074074
0 0.376823 0.205556 0.030729 0.053704
0 0.525781 0.675463 0.025521 0.062037
0 0.483854 0.673611 0.025000 0.063889
0 0.167969 0.547222 0.034896 0.059259
0 0.291927 0.513426 0.024479 0.065741
0 0.388802 0.269444 0.030729 0.053704
0 0.289323 0.144907 0.023438 0.065741
0 0.506510 0.312037 0.028646 0.059259
0 0.222656 0.537500 0.040104 0.052778
0 0.355729 0.438889 0.035417 0.048148
0 0.470052 0.598611 0.032813 0.065741
0 0.722917 0.304630 0.022917 0.059259
0 0.149479 0.206481 0.032292 0.057407
0 0.325781 0.555093 0.029687 0.062037
0 0.301823 0.566204 0.027604 0.054630
0 0.654427 0.475000 0.036979 0.037037
0 0.639844 0.708796 0.029687 0.049074
0 0.165625 0.100463 0.019792 0.062037
0 0.483333 0.439352 0.027083 0.062037
0 0.194271 0.115278 0.020833 0.071296
0 0.472135 0.232870 0.033854 0.039815
0 0.695052 0.304167 0.028646 0.052778
0 0.361979 0.593519 0.023958 0.059259
0 0.580208 0.192593 0.021875 0.070370
0 0.779687 0.526852 0.026042 0.059259
0 0.775260 0.163426 0.024479 0.067593
0 0.527083 0.343519 0.019792 0.062963
0 0.532292 0.068981 0.032292 0.050926
0 0.593490 0.616204 0.028646 0.054630
0 0.317448 0.279167 0.032813 0.065741
0 0.578646 0.709259 0.018750 0.068519
0 0.269531 0.699074 0.035937 0.048148
0 0.651563 0.795370 0.033333 0.053704
0 0.657031 0.365741 0.034896 0.040741
0 0.663802 0.222222 0.019271 0.070370
0 0.283594 0.585185 0.035937 0.040741
0 0.196354 0.584722 0.022917 0.065741
0 0.251823 0.087963 0.021354 0.066667
0 0.184896 0.437963 0.035417 0.042593
0 0.242969 0.731481 0.024479 0.066667
0 0.276302 0.251389 0.036979 0.041667
0 0.267708 0.373611 0.022917 0.065741
0 0.589063 0.782407 0.028125 0.057407
0 0.562760 0.327315 0.034896 0.037963
0 0.141146 0.588426 0.029167 0.062037
0 0.670833 0.066667 0.018750 0.064815
0 0.451562 0.379630 0.021875 0.053704
0 0.407031 0.509722 0.019271 0.065741
0 0.421094 0.261574 0.033854 0.049074
0 0.216927 0.107870 0.030729 0.062037
0 0.123698 0.316204 0.033854 0.050926
0 0.315365 0.137963 0.029687 0.064815
0 0.284375 0.072685 0.032292 0.058333
0 0.617969 0.125926 0.019271 0.059259
0 0.457031 0.330556 0.036979 0.044444
0 0.646354 0.330093 0.033333 0.039815
0 0.375521 0.118056 0.018750 0.062037
0 0.608594 0.827315 0.038021 0.041667
0 0.905208 0.433333 0.021875 0.068519
0 0.390104 0.057407 0.023958 0.061111
0 0.318229 0.496759 0.021875 0.071296
0 0.793750 0.238889 0.022917 0.062963
0 0.732552 0.095370 0.026562 0.068519
0 0.449479 0.044907 0.017708 0.065741
0 0.808333 0.594444 0.035417 0.042593
0 0.577344 0.069907 0.031771 0.041667
0 0.553906 0.882870 0.031771 0.052778
0 0.613542 0.443519 0.027083 0.044444
0 0.327344 0.619444 0.036979 0.037037
0 0.216406 0.281019 0.036979 0.041667
0 0.485938 0.858333 0.035417 0.042593
0 0.529687 0.631481 0.035417 0.035185
0 0.415365 0.176389 0.036979 0.041667
0 0.700260 0.104167 0.018229 0.067593
0 0.345833 0.153241 0.032292 0.056481
0 0.254688 0.645370 0.019792 0.062963
0 0.816667 0.302315 0.022917 0.062037
0 0.199219 0.387037 0.032813 0.053704
0 0.321354 0.221759 0.037500 0.041667
0 0.723437 0.502315 0.023958 0.065741
0 0.489323 0.511574 0.036979 0.041667
0 0.254167 0.152778 0.032292 0.046296
0 0.318229 0.356019 0.034375 0.054630
0 0.546615 0.462500 0.023438 0.065741
0 0.764323 0.242593 0.023438 0.061111
0 0.321615 0.053704 0.027604 0.066667
0 0.671615 0.610648 0.017188 0.062037
0 0.471094 0.045833 0.017188 0.067593
0 0.209896 0.699074 0.020833 0.061111
0 0.725781 0.195833 0.039062 0.043519
0 0.645833 0.227778 0.017708 0.064815
0 0.739583 0.548148 0.038542 0.035185
0 0.743490 0.468056 0.032813 0.054630
0 0.137500 0.159722 0.023958 0.067593
0 0.744271 0.595370 0.031250 0.053704
0 0.913281 0.540741 0.032813 0.053704
0 0.755990 0.206481 0.030729 0.057407
0 0.497656 0.898148 0.032813 0.055556
0 0.186198 0.237037 0.040104 0.044444
0 0.345052 0.675000 0.021354 0.059259
0 0.110417 0.545370 0.029167 0.072222
0 0.225000 0.651389 0.021875 0.062037
0 0.303646 0.184259 0.040625 0.040741
0 0.758333 0.666667 0.033333 0.055556
0 0.127604 0.279167 0.045833 0.043519
0 0.197917 0.802315 0.021875 0.069444
0 0.363802 0.796296 0.034896 0.061111
0 0.301302 0.834722 0.040104 0.043519
0 0.083333 0.636111 0.026042 0.072222
0 0.733333 0.402315 0.023958 0.067593
0 0.752344 0.499537 0.038021 0.050926
0 0.120313 0.050926 0.022917 0.072222
0 0.883073 0.246759 0.034896 0.052778
0 0.745833 0.134259 0.030208 0.062963
0 0.632552 0.231481 0.019271 0.066667
0 0.116667 0.676389 0.030208 0.071296
0 0.761458 0.428704 0.025000 0.057407
0 0.767708 0.587037 0.017708 0.064815
0 0.077604 0.427315 0.026042 0.067593
0 0.975260 0.516667 0.034896 0.059259
0 0.700260 0.512500 0.028646 0.062037
0 0.552865 0.506019 0.019271 0.062037
0 0.214323 0.044907 0.023438 0.056481
0 0.935677 0.254167 0.029687 0.058333
0 0.137500 0.518981 0.029167 0.060185
0 0.091406 0.373611 0.039062 0.049074
0 0.937240 0.457870 0.030729 0.067593
0 0.038542 0.415741 0.045833 0.040741
0 0.856771 0.593519 0.020833 0.061111
0 0.247396 0.027315 0.017708 0.052778
0 0.928646 0.624074 0.027083 0.066667
0 0.927344 0.745833 0.029687 0.056481
0 0.158594 0.676852 0.038021 0.055556
0 0.859896 0.494444 0.031250 0.062963
0 0.044531 0.463889 0.044271 0.037037
0 0.965625 0.715278 0.036458 0.052778
0 0.842448 0.358333 0.034896 0.035185
0 0.890365 0.290278 0.033854 0.049074
0 0.657813 0.030556 0.016667 0.055556
0 0.929948 0.304630 0.033854 0.066667
0 0.235417 0.832870 0.038542 0.052778
0 0.866406 0.551852 0.039062 0.044444
0 0.897656 0.499537 0.032813 0.062037
0 0.906510 0.359259 0.026562 0.064815
0 0.186198 0.060185 0.039062 0.042593
0 0.402604 0.747222 0.035417 0.064815
0 0.331250 0.846759 0.020833 0.071296
0 0.880990 0.343519 0.023438 0.061111
0 0.981510 0.572222 0.035937 0.037037
0 0.072396 0.150000 0.032292 0.066667
0 0.039062 0.662963 0.030208 0.070370
0 0.335156 0.750000 0.042188 0.042593
0 0.189323 0.343519 0.043229 0.040741
0 0.334896 0.787963 0.040625 0.042593
0 0.475260 0.816667 0.038021 0.040741
0 0.070052 0.099537 0.033854 0.060185
0 0.714583 0.418981 0.018750 0.067593
0 0.263021 0.861574 0.019792 0.069444
0 0.896875 0.159259 0.025000 0.068519
0 0.950521 0.114352 0.032292 0.062037
0 0.844010 0.241204 0.026562 0.058333
0 0.041406 0.518519 0.041146 0.064815
0 0.135937 0.021296 0.028125 0.040741
0 0.009115 0.327778 0.017188 0.072222
0 0.863542 0.347222 0.029167 0.059259
0 0.714583 0.837963 0.037500 0.040741
0 0.639844 0.025926 0.022396 0.050000
0 0.232031 0.785185 0.039062 0.048148
0 0.403385 0.020833 0.042188 0.037963
0 0.090104 0.337037 0.044792 0.037037
0 0.243750 0.868056 0.027083 0.069444
0 0.031771 0.182407 0.033333 0.057407
0 0.978646 0.422222 0.036458 0.059259
0 0.846875 0.047685 0.034375 0.036111
0 0.953646 0.218056 0.039583 0.045370
0 0.804948 0.053241 0.035937 0.041667
0 0.047656 0.321759 0.029687 0.050926
0 0.143490 0.691667 0.041146 0.061111
0 0.043490 0.812037 0.029687 0.068519
0 0.013021 0.685185 0.025000 0.066667
0 0.561198 0.021296 0.021354 0.040741
0 0.154167 0.741204 0.040625 0.047222
0 0.137240 0.835185 0.026562 0.068519
0 0.932552 0.167130 0.033854 0.058333
0 0.971354 0.167593 0.041667 0.040741
0 0.322396 0.930093 0.036458 0.054630
0 0.244792 0.932407 0.041667 0.050000
0 0.975260 0.112037 0.026562 0.053704
0 0.855208 0.806019 0.019792 0.069444
0 0.857812 0.229630 0.022917 0.059259
0 0.320052 0.431944 0.021354 0.049074
0 0.189323 0.018056 0.028646 0.034259
0 0.019531 0.828704 0.028646 0.057407
0 0.031771 0.337037 0.018750 0.055556
0 0.049219 0.722222 0.041146 0.053704
0 0.838021 0.756944 0.036458 0.056481
0 0.044531 0.280556 0.032813 0.066667
0 0.401823 0.913889 0.028646 0.053704
0 0.013021 0.166667 0.025000 0.051852
0 0.914323 0.055556 0.044271 0.057407
0 0.903385 0.608796 0.021354 0.041667
0 0.890885 0.068056 0.038021 0.043519
0 0.122917 0.427778 0.036458 0.061111
0 0.871354 0.128704 0.028125 0.072222
0 0.048698 0.054167 0.038021 0.049074
0 0.268490 0.784259 0.039062 0.064815
0 0.986458 0.181481 0.026042 0.051852
0 0.571094 0.931944 0.021354 0.063889
0 0.276302 0.959722 0.036979 0.050926
0 0.036979 0.868981 0.037500 0.050926
0 0.233073 0.969907 0.039062 0.047222
0 0.485938 0.946759 0.022917 0.050926
0 0.334635 0.970833 0.022396 0.052778
0 0.091927 0.865741 0.028646 0.066667
0 0.585677 0.014815 0.025521 0.027778
0 0.988281 0.829630 0.022396 0.068519
0 0.888802 0.675926 0.049479 0.051852
0 0.073958 0.915278 0.032292 0.058333
0 0.447917 0.973611 0.027083 0.050926
0 0.835677 0.009722 0.041146 0.017593
0 0.035417 0.967593 0.044792 0.046296
0 0.073177 0.981481 0.029687 0.035185
0 0.024219 0.898148 0.047396 0.037037
0 0.486198 0.978704 0.032813 0.042593
0 0.005990 0.574074 0.010937 0.040741
0 0.418490 0.966204 0.035937 0.049074
0 0.398698 0.114815 0.031771 0.040741
0 0.408594 0.089815 0.030729 0.072222
0 0.436458 0.093056 0.019792 0.076852
0 0.472917 0.171759 0.046875 0.050926
0 0.517188 0.169907 0.020833 0.056481
0 0.505990 0.138426 0.022396 0.063889
0 0.494271 0.102778 0.031250 0.059259
0 0.545573 0.093519 0.029687 0.064815
0 0.561979 0.101389 0.017708 0.056481
0 0.546875 0.154630 0.022917 0.062963
0 0.575000 0.144907 0.039583 0.047222
0 0.440365 0.259259 0.026562 0.061111
0 0.611198 0.342593 0.035937 0.046296
0 0.510417 0.394444 0.039583 0.050000
0 0.510938 0.453704 0.029167 0.066667
0 0.565365 0.403241 0.023438 0.069444
0 0.586979 0.418981 0.028125 0.047222
0 0.516667 0.509722 0.037500 0.054630
0 0.572135 0.470370 0.029687 0.072222
0 0.608073 0.538889 0.040104 0.068519
0 0.598958 0.575926 0.028125 0.070370
0 0.444531 0.878704 0.022396 0.040741
0 0.897396 0.980556 0.041667 0.037037
0 0.851823 0.968519 0.022396 0.062963
0 0.501823 0.629630 0.017188 0.085185
0 0.054427 0.747685 0.040104 0.054630
0 0.163542 0.349537 0.020833 0.050926
0 0.153906 0.260648 0.027604 0.078704
0 0.224479 0.310185 0.039583 0.040741
0 0.236719 0.339352 0.041146 0.037963
0 0.217969 0.369907 0.030729 0.043519
0 0.230469 0.400000 0.039062 0.035185
0 0.267448 0.419907 0.040104 0.045370
0 0.175000 0.392130 0.048958 0.050926
0 0.292187 0.462963 0.023958 0.066667
0 0.292448 0.384259 0.032813 0.048148
0 0.285677 0.337037 0.032813 0.061111
0 0.294531 0.292593 0.034896 0.075926
0 0.230729 0.012963 0.017708 0.024074
0 0.366667 0.060185 0.023958 0.070370
0 0.465104 0.537037 0.020833 0.066667
0 0.988021 0.929167 0.023958 0.050926
0 0.756510 0.597222 0.002604 0.003704
