0 0.413021 0.439352 0.033333 0.056481
0 0.284635 0.478704 0.026562 0.061111
0 0.529167 0.413426 0.029167 0.060185
0 0.259635 0.543519 0.030729 0.062963
0 0.319010 0.486111 0.034896 0.038889
0 0.286719 0.314815 0.032813 0.055556
0 0.419531 0.619444 0.033854 0.061111
0 0.427083 0.246759 0.028125 0.056481
0 0.210156 0.576389 0.033854 0.052778
0 0.363021 0.473148 0.020833 0.064815
0 0.391667 0.231944 0.032292 0.050926
0 0.355729 0.240741 0.027083 0.055556
0 0.614323 0.329630 0.028646 0.055556
0 0.341146 0.593519 0.027083 0.061111
0 0.298958 0.619444 0.023958 0.062963
0 0.382812 0.629167 0.021875 0.067593
0 0.307031 0.425000 0.022396 0.064815
0 0.243750 0.488889 0.040625 0.042593
0 0.465885 0.380556 0.023438 0.064815
0 0.601562 0.651389 0.032292 0.054630
0 0.234115 0.154630 0.029687 0.061111
0 0.158073 0.707870 0.032813 0.058333
0 0.396094 0.316204 0.027604 0.056481
0 0.568229 0.692593 0.031250 0.066667
0 0.308594 0.171759 0.034896 0.054630
0 0.435417 0.567593 0.037500 0.038889
0 0.256510 0.166204 0.023438 0.065741
0 0.656510 0.510185 0.024479 0.059259
0 0.148958 0.434722 0.028125 0.058333
0 0.234896 0.535185 0.032292 0.053704
0 0.336719 0.390278 0.038021 0.041667
0 0.219792 0.281019 0.026042 0.067593
0 0.631250 0.552315 0.021875 0.062037
0 0.425781 0.317130 0.031771 0.043519
0 0.302083 0.728241 0.029167 0.062037
0 0.537240 0.314815 0.034896 0.048148
0 0.214323 0.412500 0.025521 0.058333
0 0.534896 0.248611 0.030208 0.056481
0 0.170313 0.387500 0.032292 0.062037
0 0.276302 0.260648 0.032813 0.063889
0 0.237760 0.386574 0.025521 0.063889
0 0.245573 0.739352 0.028646 0.063889
0 0.395313 0.379630 0.036458 0.040741
0 0.254948 0.437500 0.041146 0.037963
0 0.211198 0.790278 0.026562 0.067593
0 0.604948 0.467130 0.022396 0.063889
0 0.315885 0.220370 0.035937 0.042593
0 0.279427 0.153241 0.026562 0.069444
0 0.244010 0.245833 0.024479 0.071296
0 0.402083 0.517593 0.038542 0.035185
0 0.453125 0.629167 0.019792 0.071296
0 0.496875 0.400926 0.033333 0.059259
0 0.668229 0.747685 0.037500 0.049074
0 0.513802 0.584722 0.020313 0.067593
0 0.391406 0.748148 0.027604 0.064815
0 0.713281 0.262963 0.024479 0.061111
0 0.184375 0.139815 0.020833 0.068519
0 0.578385 0.323611 0.033854 0.045370
0 0.285156 0.567130 0.019271 0.063889
0 0.120833 0.583333 0.022917 0.072222
0 0.034115 0.572685 0.026562 0.069444
0 0.201302 0.118981 0.021354 0.067593
0 0.301302 0.365741 0.036979 0.042593
0 0.172135 0.578704 0.042188 0.044444
0 0.140885 0.551852 0.023438 0.068519
0 0.551042 0.593981 0.029167 0.060185
0 0.178125 0.518056 0.027083 0.065741
0 0.237500 0.626389 0.025000 0.063889
0 0.712240 0.214815 0.024479 0.059259
0 0.127865 0.736574 0.033854 0.058333
0 0.135417 0.146759 0.018750 0.069444
0 0.748437 0.411111 0.027083 0.061111
0 0.196094 0.757870 0.040104 0.054630
0 0.545573 0.732407 0.036979 0.057407
0 0.107813 0.802778 0.029167 0.070370
0 0.758073 0.568056 0.031771 0.056481
0 0.273177 0.726852 0.021354 0.064815
0 0.440885 0.797685 0.036979 0.045370
0 0.608073 0.842593 0.033854 0.055556
0 0.320833 0.841204 0.035417 0.034259
0 0.443229 0.855556 0.023958 0.070370
0 0.071094 0.623611 0.027604 0.071296
0 0.276302 0.079167 0.034896 0.058333
0 0.250781 0.682870 0.034896 0.049074
0 0.577344 0.850000 0.034896 0.053704
0 0.046875 0.352315 0.032292 0.060185
0 0.385156 0.062963 0.030729 0.055556
0 0.297135 0.074074 0.026562 0.066667
0 0.740365 0.133796 0.032813 0.047222
0 0.221354 0.097222 0.035417 0.055556
0 0.810937 0.344444 0.029167 0.057407
0 0.689844 0.449537 0.030729 0.047222
0 0.023958 0.416204 0.025000 0.067593
0 0.666927 0.702315 0.038021 0.049074
0 0.291667 0.787500 0.025000 0.063889
0 0.525781 0.096759 0.027604 0.062037
0 0.347656 0.335648 0.038021 0.049074
0 0.882552 0.761111 0.036979 0.044444
0 0.165365 0.057870 0.026562 0.063889
0 0.026302 0.659259 0.023438 0.072222
0 0.012240 0.436111 0.023438 0.066667
0 0.132031 0.688889 0.041146 0.044444
0 0.045052 0.420833 0.021354 0.069444
0 0.625260 0.428241 0.018229 0.065741
0 0.154167 0.103241 0.021875 0.073148
0 0.567969 0.525926 0.040104 0.048148
0 0.137760 0.296759 0.030729 0.060185
0 0.401302 0.137037 0.022396 0.066667
0 0.639583 0.686574 0.020833 0.069444
0 0.108333 0.868981 0.033333 0.063889
0 0.658333 0.234722 0.022917 0.058333
0 0.059115 0.297685 0.029687 0.056481
0 0.705208 0.624074 0.021875 0.066667
0 0.398177 0.841204 0.021354 0.060185
0 0.134635 0.815278 0.035937 0.060185
0 0.490885 0.059722 0.036979 0.043519
0 0.679427 0.882407 0.030729 0.061111
0 0.090104 0.685648 0.044792 0.041667
0 0.328646 0.783796 0.019792 0.073148
0 0.327865 0.052778 0.024479 0.070370
0 0.647656 0.455556 0.027604 0.051852
0 0.117188 0.326852 0.029167 0.062963
0 0.861979 0.653241 0.035417 0.047222
0 0.050781 0.780556 0.031771 0.068519
0 0.813281 0.715278 0.032813 0.052778
0 0.444271 0.097222 0.018750 0.062963
0 0.270052 0.823611 0.019271 0.067593
0 0.936198 0.678241 0.028646 0.050926
0 0.079167 0.345370 0.028125 0.057407
0 0.812240 0.475926 0.035937 0.053704
0 0.688802 0.130093 0.033854 0.049074
0 0.680208 0.234722 0.033333 0.049074
0 0.689063 0.181944 0.035417 0.052778
0 0.647656 0.912500 0.035937 0.041667
0 0.573177 0.903241 0.032813 0.050926
0 0.946354 0.379167 0.032292 0.047222
0 0.608594 0.159722 0.040104 0.050926
0 0.973437 0.675463 0.023958 0.063889
0 0.791146 0.490741 0.032292 0.040741
0 0.445833 0.725926 0.031250 0.062963
0 0.479427 0.821759 0.036979 0.034259
0 0.763021 0.242130 0.035417 0.043519
0 0.909635 0.395370 0.032813 0.051852
0 0.448958 0.500926 0.021875 0.070370
0 0.094010 0.457870 0.026562 0.069444
0 0.885938 0.502315 0.036458 0.047222
0 0.862500 0.699074 0.035417 0.059259
0 0.772135 0.399074 0.022396 0.061111
0 0.161458 0.162037 0.039583 0.044444
0 0.844271 0.332870 0.021875 0.060185
0 0.889844 0.349537 0.036979 0.047222
0 0.863542 0.263426 0.028125 0.052778
0 0.887240 0.405556 0.030729 0.059259
0 0.018229 0.728241 0.034375 0.065741
0 0.898698 0.586574 0.034896 0.041667
0 0.926562 0.606481 0.023958 0.055556
0 0.745833 0.617130 0.037500 0.036111
0 0.113281 0.422685 0.036979 0.036111
0 0.872917 0.719444 0.033333 0.053704
0 0.983073 0.802778 0.030729 0.038889
0 0.888021 0.149074 0.032292 0.046296
0 0.238281 0.055093 0.039062 0.041667
0 0.658854 0.090278 0.035417 0.036111
0 0.826823 0.651389 0.026562 0.058333
0 0.955469 0.838426 0.039062 0.041667
0 0.816146 0.259259 0.034375 0.050000
0 0.940625 0.341667 0.026042 0.059259
0 0.881771 0.316667 0.034375 0.048148
0 0.217448 0.444444 0.029687 0.046296
0 0.834635 0.413889 0.033854 0.042593
0 0.825000 0.566667 0.037500 0.048148
0 0.032031 0.102778 0.036979 0.059259
0 0.733594 0.556019 0.025521 0.063889
0 0.602865 0.916204 0.030729 0.045370
0 0.767708 0.190278 0.038542 0.039815
0 0.186979 0.032407 0.020833 0.062963
0 0.954688 0.741204 0.032292 0.034259
0 0.508594 0.862963 0.034896 0.042593
0 0.759635 0.067130 0.033854 0.050926
0 0.215365 0.331944 0.044271 0.062037
0 0.876302 0.090278 0.025521 0.056481
0 0.854167 0.388426 0.022917 0.062037
0 0.984115 0.593981 0.031771 0.058333
0 0.030469 0.850000 0.030729 0.061111
0 0.285677 0.679630 0.044271 0.046296
0 0.179688 0.897222 0.034375 0.059259
0 0.427344 0.743056 0.033854 0.062037
0 0.523698 0.031481 0.020313 0.061111
0 0.039844 0.256481 0.033854 0.040741
0 0.139844 0.492130 0.023438 0.069444
0 0.264062 0.610185 0.044792 0.053704
0 0.568229 0.642130 0.038542 0.054630
0 0.519271 0.920370 0.034375 0.038889
0 0.945573 0.631019 0.030729 0.052778
0 0.069792 0.718981 0.052083 0.045370
0 0.140104 0.026389 0.028125 0.050926
0 0.909896 0.194907 0.031250 0.060185
0 0.009635 0.573611 0.018229 0.073148
0 0.024479 0.186574 0.041667 0.050926
0 0.952083 0.427315 0.036458 0.047222
0 0.736458 0.085648 0.036458 0.037963
0 0.051302 0.838426 0.034896 0.065741
0 0.968490 0.329630 0.023438 0.061111
0 0.077083 0.447222 0.022917 0.070370
0 0.856771 0.845370 0.025000 0.070370
0 0.122656 0.503241 0.022396 0.063889
0 0.948698 0.170833 0.033854 0.054630
0 0.172917 0.334722 0.045833 0.047222
0 0.559896 0.022685 0.029167 0.043519
0 0.225521 0.019907 0.020833 0.037963
0 0.080729 0.906481 0.036458 0.053704
0 0.766406 0.646296 0.024479 0.044444
0 0.985156 0.756019 0.026562 0.058333
0 0.092188 0.396759 0.028125 0.058333
0 0.393229 0.020833 0.038542 0.037963
0 0.866146 0.044907 0.028125 0.060185
0 0.018750 0.232407 0.033333 0.046296
0 0.859635 0.458796 0.024479 0.063889
0 0.952604 0.482407 0.027083 0.062963
0 0.846875 0.119907 0.030208 0.043519
0 0.977604 0.849537 0.025000 0.056481
0 0.212500 0.891667 0.038542 0.055556
0 0.975521 0.285185 0.032292 0.057407
0 0.555469 0.111111 0.018229 0.042593
0 0.911979 0.118981 0.030208 0.063889
0 0.888542 0.627778 0.019792 0.038889
0 0.095312 0.024074 0.025000 0.046296
0 0.736979 0.316204 0.022917 0.045370
0 0.929427 0.481944 0.025521 0.063889
0 0.727344 0.029167 0.030729 0.043519
0 0.296615 0.931944 0.020313 0.067593
0 0.064062 0.495833 0.025000 0.056481
0 0.042969 0.033333 0.034896 0.051852
0 0.911719 0.039352 0.022396 0.065741
0 0.979688 0.521759 0.020833 0.025000
0 0.421094 0.950000 0.027604 0.075926
0 0.939063 0.974074 0.036458 0.035185
0 0.008333 0.917593 0.015625 0.033333
0 0.583073 0.814815 0.017188 0.037037
0 0.986458 0.968056 0.023958 0.062037
0 0.321094 0.976852 0.047396 0.046296
0 0.522135 0.968519 0.036979 0.059259
0 0.657552 0.980556 0.019271 0.011111
0 0.889323 0.979630 0.023438 0.038889
0 0.114062 0.968519 0.039583 0.050000
0 0.334375 0.296296 0.042708 0.038889
0 0.376042 0.182870 0.039583 0.058333
0 0.375781 0.124074 0.035937 0.072222
0 0.415104 0.168519 0.039583 0.062963
0 0.421094 0.168981 0.039062 0.069444
0 0.434635 0.147685 0.026562 0.065741
0 0.457292 0.201852 0.035417 0.083333
0 0.508073 0.193981 0.032813 0.062037
0 0.479687 0.224537 0.026042 0.076852
0 0.476823 0.157870 0.030729 0.054630
0 0.525260 0.179167 0.026562 0.069444
0 0.613021 0.261111 0.029167 0.057407
0 0.580469 0.257407 0.034896 0.040741
0 0.611198 0.210185 0.040104 0.038889
0 0.576042 0.211574 0.032292 0.054630
0 0.543229 0.154167 0.021875 0.065741
0 0.557292 0.170833 0.025000 0.063889
0 0.765885 0.017130 0.038021 0.032407
0 0.616406 0.597685 0.034896 0.039815
0 0.588802 0.614352 0.015104 0.025000
0 0.590625 0.575000 0.020833 0.050000
0 0.569531 0.578241 0.032813 0.052778
0 0.378385 0.337037 0.019271 0.066667
0 0.818750 0.439352 0.033333 0.056481
0 0.978906 0.035185 0.042188 0.066667
0 0.591406 0.011111 0.016146 0.020370
0 0.911458 0.300000 0.028125 0.053704
0 0.921094 0.281019 0.039062 0.056481
0 0.935156 0.225926 0.040104 0.051852
0 0.866667 0.483796 0.036458 0.063889
0 0.471615 0.911111 0.022396 0.040741
0 0.970573 0.990278 0.024479 0.019444
0 0.739323 0.037963 0.026562 0.044444
0 0.155729 0.333333 0.013542 0.040741
0 0.509635 0.985648 0.014063 0.019444
0 0.925000 0.232870 0.110417 0.125000
0 0.240885 0.306944 0.020313 0.041667
0 0.203125 0.284259 0.016667 0.033333
0 0.685417 0.831481 0.034375 0.042593
