0 0.716927 0.562500 0.027604 0.056481
0 0.402604 0.693519 0.032292 0.055556
0 0.595833 0.634722 0.035417 0.052778
0 0.370052 0.640278 0.029687 0.058333
0 0.553125 0.463426 0.029167 0.056481
0 0.439583 0.675926 0.035417 0.051852
0 0.551042 0.616667 0.032292 0.048148
0 0.599219 0.433796 0.022396 0.063889
0 0.734115 0.643981 0.027604 0.054630
0 0.330990 0.338889 0.030729 0.061111
0 0.611719 0.362037 0.030729 0.055556
0 0.332031 0.229167 0.028646 0.062037
0 0.242969 0.466667 0.022396 0.062963
0 0.190885 0.533333 0.022396 0.068519
0 0.284115 0.475463 0.040104 0.049074
0 0.339844 0.562500 0.036979 0.047222
0 0.450781 0.631019 0.031771 0.062037
0 0.486198 0.486111 0.021354 0.066667
0 0.154688 0.492593 0.039583 0.057407
0 0.308333 0.247222 0.017708 0.068519
0 0.280729 0.516204 0.040625 0.039815
0 0.328906 0.671759 0.022396 0.062037
0 0.228646 0.204630 0.028125 0.066667
0 0.247656 0.266204 0.021354 0.065741
0 0.525521 0.818056 0.023958 0.062037
0 0.558854 0.262037 0.036458 0.044444
0 0.274479 0.675926 0.026042 0.066667
0 0.269792 0.616204 0.035417 0.049074
0 0.374219 0.221759 0.036979 0.041667
0 0.186458 0.647685 0.026042 0.065741
0 0.256250 0.573611 0.038542 0.045370
0 0.548177 0.338426 0.021354 0.065741
0 0.685937 0.559722 0.033333 0.054630
0 0.408333 0.316204 0.036458 0.045370
0 0.630729 0.294907 0.026042 0.054630
0 0.110677 0.658796 0.035937 0.058333
0 0.314063 0.588889 0.037500 0.044444
0 0.546615 0.202778 0.032813 0.055556
0 0.273438 0.355556 0.021875 0.070370
0 0.380208 0.282870 0.019792 0.065741
0 0.441406 0.586111 0.020313 0.064815
0 0.957812 0.487500 0.033333 0.052778
0 0.585677 0.788889 0.024479 0.059259
0 0.208073 0.597685 0.038021 0.036111
0 0.233073 0.643056 0.031771 0.062037
0 0.542188 0.708796 0.021875 0.058333
0 0.872396 0.758333 0.032292 0.055556
0 0.181771 0.759259 0.034375 0.062963
0 0.637500 0.381019 0.019792 0.067593
0 0.149479 0.445370 0.039583 0.059259
0 0.404167 0.267593 0.021875 0.064815
0 0.953646 0.587963 0.021875 0.064815
0 0.152344 0.390278 0.030729 0.060185
0 0.497135 0.690278 0.021354 0.065741
0 0.952344 0.367130 0.030729 0.056481
0 0.707292 0.662500 0.026042 0.065741
0 0.253906 0.531944 0.039062 0.047222
0 0.304167 0.431481 0.022917 0.062963
0 0.909896 0.447685 0.036458 0.043519
0 0.142708 0.585648 0.042708 0.041667
0 0.129167 0.853704 0.033333 0.057407
0 0.079427 0.360185 0.036979 0.059259
0 0.081250 0.801389 0.033333 0.060185
0 0.287240 0.569907 0.023438 0.062037
0 0.897396 0.506481 0.028125 0.064815
0 0.927083 0.632870 0.035417 0.037963
0 0.231250 0.285648 0.021875 0.065741
0 0.587240 0.584722 0.019271 0.060185
0 0.105469 0.300926 0.031771 0.066667
0 0.777865 0.674074 0.023438 0.057407
0 0.126042 0.375463 0.025000 0.069444
0 0.310156 0.662963 0.026562 0.051852
0 0.171875 0.270833 0.038542 0.060185
0 0.100521 0.379630 0.034375 0.064815
0 0.477083 0.564815 0.037500 0.038889
0 0.806510 0.608796 0.036979 0.034259
0 0.553906 0.568056 0.032813 0.045370
0 0.109375 0.799537 0.025000 0.065741
0 0.931771 0.315741 0.025000 0.061111
0 0.218229 0.455093 0.023958 0.067593
0 0.865625 0.643056 0.037500 0.047222
0 0.976302 0.450926 0.030729 0.053704
0 0.916146 0.565278 0.035417 0.037963
0 0.522396 0.093981 0.035417 0.045370
0 0.114323 0.447222 0.026562 0.066667
0 0.206510 0.757407 0.038021 0.055556
0 0.506510 0.575926 0.017188 0.068519
0 0.089583 0.456019 0.034375 0.065741
0 0.245833 0.169444 0.021875 0.070370
0 0.657031 0.138889 0.027604 0.051852
0 0.147656 0.301389 0.022396 0.067593
0 0.463542 0.849074 0.028125 0.062963
0 0.789844 0.350000 0.039062 0.044444
0 0.742448 0.264352 0.034896 0.054630
0 0.332552 0.064352 0.031771 0.054630
0 0.475781 0.675926 0.017188 0.066667
0 0.732031 0.192130 0.026562 0.065741
0 0.505208 0.835185 0.019792 0.061111
0 0.677865 0.136111 0.022396 0.055556
0 0.180990 0.107870 0.029687 0.069444
0 0.283073 0.758333 0.021354 0.068519
0 0.904427 0.392130 0.025521 0.065741
0 0.172135 0.076852 0.029687 0.064815
0 0.020313 0.277315 0.034375 0.058333
0 0.121615 0.771759 0.032813 0.056481
0 0.616927 0.223148 0.031771 0.050000
0 0.451302 0.775926 0.027604 0.064815
0 0.213281 0.287500 0.019271 0.065741
0 0.545052 0.156481 0.035937 0.037037
0 0.973958 0.585648 0.019792 0.065741
0 0.214323 0.086111 0.021354 0.068519
0 0.088802 0.309722 0.029687 0.065741
0 0.703385 0.222685 0.033854 0.052778
0 0.238021 0.815278 0.036458 0.052778
0 0.807813 0.800000 0.038542 0.048148
0 0.574740 0.538426 0.022396 0.069444
0 0.041406 0.246759 0.035937 0.063889
0 0.858073 0.379167 0.034896 0.054630
0 0.544531 0.807407 0.018229 0.061111
0 0.153385 0.220833 0.034896 0.052778
0 0.764844 0.395370 0.034896 0.035185
0 0.097917 0.837037 0.023958 0.061111
0 0.892188 0.699074 0.030208 0.061111
0 0.440625 0.732870 0.038542 0.045370
0 0.552604 0.060185 0.021875 0.070370
0 0.840365 0.510648 0.026562 0.065741
0 0.689323 0.094444 0.025521 0.055556
0 0.950000 0.697222 0.038542 0.037037
0 0.152865 0.078704 0.022396 0.064815
0 0.140365 0.800463 0.030729 0.056481
0 0.077604 0.207407 0.025000 0.066667
0 0.742448 0.089815 0.025521 0.064815
0 0.763281 0.239352 0.035937 0.045370
0 0.080208 0.732870 0.042708 0.043519
0 0.422917 0.812963 0.038542 0.042593
0 0.158333 0.805093 0.032292 0.063889
0 0.207552 0.718056 0.040104 0.045370
0 0.145573 0.678241 0.030729 0.067593
0 0.818229 0.240741 0.031250 0.055556
0 0.606771 0.080556 0.018750 0.070370
0 0.037500 0.435648 0.030208 0.069444
0 0.479427 0.053241 0.027604 0.063889
0 0.476302 0.731481 0.034896 0.046296
0 0.014583 0.301389 0.028125 0.049074
0 0.839063 0.327778 0.040625 0.042593
0 0.075781 0.612500 0.026562 0.065741
0 0.041927 0.368056 0.035937 0.075000
0 0.059115 0.473148 0.033854 0.070370
0 0.259115 0.740741 0.033854 0.057407
0 0.176302 0.239352 0.039062 0.041667
0 0.120833 0.063426 0.025000 0.063889
0 0.723437 0.101852 0.020833 0.061111
0 0.761979 0.180093 0.021875 0.063889
0 0.485417 0.775463 0.033333 0.056481
0 0.883594 0.586111 0.027604 0.066667
0 0.304948 0.771296 0.022396 0.070370
0 0.286458 0.055556 0.038542 0.037037
0 0.169010 0.565741 0.027604 0.055556
0 0.574479 0.130093 0.022917 0.063889
0 0.870573 0.200926 0.034896 0.046296
0 0.233854 0.775463 0.039583 0.058333
0 0.679427 0.512037 0.036979 0.035185
0 0.902865 0.611111 0.024479 0.064815
0 0.816667 0.179630 0.033333 0.042593
0 0.386198 0.060648 0.024479 0.069444
0 0.888021 0.367130 0.020833 0.071296
0 0.044531 0.213889 0.039062 0.057407
0 0.864583 0.716204 0.036458 0.037963
0 0.972135 0.280093 0.022396 0.058333
0 0.127865 0.738426 0.044271 0.043519
0 0.026302 0.657407 0.027604 0.072222
0 0.459375 0.063889 0.018750 0.066667
0 0.063542 0.650926 0.043750 0.038889
0 0.960677 0.234722 0.031771 0.047222
0 0.129167 0.508333 0.023958 0.055556
0 0.688542 0.270833 0.046875 0.062037
0 0.435417 0.025926 0.029167 0.050000
0 0.057813 0.795370 0.036458 0.046296
0 0.052604 0.854167 0.037500 0.056481
0 0.481771 0.806944 0.034375 0.041667
0 0.019010 0.509722 0.036979 0.049074
0 0.198177 0.027315 0.041146 0.037963
0 0.376302 0.036111 0.020313 0.066667
0 0.182031 0.337500 0.028646 0.067593
0 0.858594 0.342593 0.038021 0.044444
0 0.085156 0.877778 0.024479 0.061111
0 0.140625 0.062037 0.021875 0.064815
0 0.166927 0.024074 0.025521 0.046296
0 0.268490 0.019444 0.031771 0.037037
0 0.845052 0.818981 0.027604 0.060185
0 0.432292 0.772685 0.026042 0.054630
0 0.575260 0.911111 0.034896 0.050000
0 0.840885 0.136574 0.038021 0.041667
0 0.890365 0.231944 0.020313 0.062037
0 0.696094 0.874074 0.033854 0.068519
0 0.909375 0.192593 0.022917 0.061111
0 0.878125 0.060648 0.037500 0.037963
0 0.079167 0.156019 0.045833 0.045370
0 0.290885 0.891204 0.027604 0.060185
0 0.111458 0.891667 0.037500 0.033333
0 0.976823 0.122685 0.035937 0.037963
0 0.945052 0.268981 0.026562 0.050926
0 0.989323 0.185648 0.021354 0.063889
0 0.965885 0.174074 0.027604 0.046296
0 0.925000 0.198611 0.030208 0.063889
0 0.403646 0.873148 0.030208 0.070370
0 0.479687 0.926852 0.034375 0.057407
0 0.480990 0.018056 0.033854 0.034259
0 0.678385 0.032407 0.032813 0.038889
0 0.898958 0.133796 0.027083 0.060185
0 0.603125 0.928241 0.031250 0.052778
0 0.202604 0.877315 0.027083 0.065741
0 0.921094 0.128241 0.035937 0.043519
0 0.652083 0.941204 0.026042 0.058333
0 0.103385 0.016204 0.039062 0.030556
0 0.318229 0.893056 0.023958 0.063889
0 0.669531 0.962037 0.035937 0.042593
0 0.754427 0.307870 0.022396 0.030556
0 0.746875 0.959259 0.029167 0.061111
0 0.985677 0.868056 0.028646 0.056481
0 0.623958 0.965741 0.020833 0.068519
0 0.562500 0.019444 0.027083 0.037037
0 0.844010 0.020370 0.039062 0.037037
0 0.250521 0.927778 0.026042 0.068519
0 0.690885 0.015741 0.030729 0.029630
0 0.978646 0.043981 0.034375 0.050926
0 0.355990 0.945370 0.034896 0.059259
0 0.478385 0.964815 0.040104 0.050000
0 0.520833 0.418981 0.020833 0.078704
0 0.520052 0.365741 0.040104 0.062963
0 0.502604 0.240278 0.028125 0.069444
0 0.472917 0.179167 0.028125 0.067593
0 0.453125 0.178704 0.019792 0.072222
0 0.436719 0.246759 0.022396 0.071296
0 0.465885 0.349074 0.042188 0.046296
0 0.444010 0.431019 0.036979 0.058333
0 0.423958 0.376852 0.037500 0.046296
0 0.400521 0.430556 0.030208 0.068519
0 0.364583 0.470370 0.040625 0.055556
0 0.343750 0.519444 0.040625 0.061111
0 0.790625 0.933796 0.034375 0.047222
0 0.008333 0.868519 0.015625 0.048148
0 0.797135 0.017593 0.031771 0.033333
0 0.528646 0.948148 0.038542 0.051852
0 0.575781 0.967130 0.026562 0.062037
0 0.641667 0.984722 0.018750 0.028704
0 0.926562 0.960185 0.036458 0.051852
0 0.905208 0.990741 0.021875 0.018519
0 0.250521 0.975926 0.025000 0.046296
0 0.276042 0.958333 0.041667 0.064815
0 0.496354 0.446759 0.027083 0.060185
0 0.492969 0.365278 0.022396 0.056481
0 0.454427 0.288426 0.021354 0.063889
0 0.396094 0.374537 0.026562 0.060185
0 0.364323 0.341204 0.024479 0.060185
0 0.367708 0.415741 0.022917 0.061111
0 0.432812 0.464815 0.043750 0.027778
0 0.430990 0.490278 0.040104 0.041667
0 0.389323 0.490741 0.025521 0.062963
0 0.414583 0.536574 0.036458 0.060185
0 0.378385 0.561111 0.023438 0.079630
0 0.406771 0.597685 0.027083 0.069444
0 0.499740 0.631019 0.035937 0.034259
0 0.518750 0.212037 0.029167 0.068519
0 0.420833 0.184722 0.036458 0.043519
0 0.361719 0.135648 0.025521 0.071296
0 0.163542 0.325463 0.022917 0.063889
0 0.211979 0.362500 0.032292 0.043519
0 0.201823 0.404167 0.034896 0.058333
0 0.234635 0.369907 0.031771 0.052778
0 0.246094 0.399537 0.032813 0.043519
0 0.266146 0.443981 0.027083 0.047222
0 0.286979 0.394907 0.018750 0.069444
0 0.252083 0.100926 0.025000 0.062963
0 0.279167 0.161111 0.025000 0.083333
0 0.263021 0.139352 0.019792 0.065741
0 0.298177 0.093981 0.035937 0.056481
0 0.325781 0.114815 0.035937 0.055556
0 0.327604 0.165278 0.026042 0.062037
0 0.292187 0.023611 0.025000 0.045370
0 0.309635 0.021759 0.023438 0.041667
0 0.387500 0.135648 0.027083 0.073148
0 0.422396 0.106019 0.025000 0.075000
0 0.448437 0.109259 0.028125 0.059259
0 0.345313 0.295370 0.023958 0.037037
0 0.322656 0.422222 0.022396 0.074074
0 0.310937 0.527315 0.029167 0.034259
0 0.632031 0.235185 0.020313 0.059259
0 0.649479 0.206019 0.021875 0.060185
0 0.662500 0.230093 0.021875 0.063889
0 0.478385 0.251852 0.019271 0.081481
0 0.511719 0.277778 0.027604 0.053704
0 0.527604 0.294444 0.031250 0.044444
0 0.123177 0.298611 0.028646 0.069444
0 0.459635 0.531944 0.017188 0.073148
0 0.991927 0.260185 0.016146 0.066667
0 0.992708 0.318981 0.013542 0.045370
0 0.871875 0.125463 0.017708 0.050926
0 0.429688 0.943519 0.047917 0.050000
0 0.007292 0.432870 0.013542 0.036111
0 0.560156 0.096296 0.015104 0.042593
0 0.191667 0.131019 0.026042 0.075000
