0 0.153125 0.650463 0.031250 0.058333
0 0.470313 0.423148 0.029167 0.059259
0 0.259115 0.531944 0.034896 0.052778
0 0.216927 0.602778 0.025521 0.061111
0 0.503646 0.662963 0.032292 0.048148
0 0.517448 0.726852 0.028646 0.059259
0 0.182031 0.663426 0.024479 0.063889
0 0.216406 0.466667 0.033854 0.050000
0 0.375521 0.585648 0.035417 0.047222
0 0.184635 0.609722 0.035937 0.047222
0 0.129167 0.508333 0.026042 0.062963
0 0.413542 0.725463 0.028125 0.062037
0 0.569271 0.669444 0.029167 0.057407
0 0.578646 0.482870 0.022917 0.062037
0 0.338542 0.692130 0.032292 0.054630
0 0.505990 0.318519 0.030729 0.053704
0 0.644271 0.509259 0.035417 0.038889
0 0.477865 0.280556 0.026562 0.061111
0 0.458073 0.695370 0.038021 0.044444
0 0.502083 0.862500 0.032292 0.058333
0 0.489583 0.555093 0.028125 0.062037
0 0.387760 0.644444 0.027604 0.057407
0 0.130990 0.406019 0.022396 0.067593
0 0.392448 0.490278 0.039062 0.036111
0 0.222917 0.545833 0.036458 0.041667
0 0.258333 0.606019 0.021875 0.069444
0 0.398177 0.750926 0.030729 0.050000
0 0.622396 0.321759 0.025000 0.058333
0 0.391927 0.555093 0.038021 0.036111
0 0.139323 0.601389 0.020313 0.069444
0 0.090625 0.706944 0.028125 0.069444
0 0.536979 0.781019 0.035417 0.034259
0 0.625260 0.809259 0.031771 0.057407
0 0.177865 0.563426 0.039062 0.041667
0 0.618229 0.456944 0.034375 0.047222
0 0.445573 0.485648 0.021354 0.039815
0 0.218229 0.302315 0.025000 0.065741
0 0.357552 0.351852 0.034896 0.040741
0 0.249219 0.873611 0.039062 0.047222
0 0.588021 0.360185 0.020833 0.064815
0 0.411458 0.672685 0.036458 0.049074
0 0.617708 0.725926 0.022917 0.066667
0 0.179688 0.464815 0.034375 0.042593
0 0.567969 0.609259 0.032813 0.057407
0 0.311979 0.424074 0.019792 0.070370
0 0.608594 0.568056 0.023438 0.069444
0 0.563021 0.720833 0.034375 0.041667
0 0.365104 0.802778 0.037500 0.038889
0 0.409896 0.368519 0.032292 0.057407
0 0.618750 0.402315 0.020833 0.058333
0 0.116146 0.792593 0.029167 0.068519
0 0.075521 0.662037 0.039583 0.051852
0 0.148958 0.291667 0.034375 0.064815
0 0.387240 0.360185 0.018229 0.062963
0 0.267188 0.793981 0.037500 0.036111
0 0.201042 0.196296 0.020833 0.070370
0 0.155990 0.808333 0.032813 0.070370
0 0.649219 0.859259 0.029687 0.050000
0 0.080729 0.792130 0.029167 0.071296
0 0.431250 0.228241 0.019792 0.067593
0 0.270052 0.221296 0.019271 0.064815
0 0.200781 0.280093 0.023438 0.060185
0 0.427344 0.808333 0.034896 0.051852
0 0.171615 0.437963 0.036979 0.046296
0 0.587500 0.167593 0.025000 0.062963
0 0.677344 0.392593 0.033854 0.053704
0 0.291667 0.492593 0.035417 0.042593
0 0.266927 0.681944 0.025521 0.060185
0 0.590625 0.584259 0.021875 0.057407
0 0.089323 0.459259 0.028646 0.059259
0 0.028906 0.664352 0.028646 0.069444
0 0.269531 0.305093 0.034896 0.034259
0 0.194531 0.392130 0.040104 0.039815
0 0.480729 0.616204 0.018750 0.069444
0 0.043229 0.366204 0.031250 0.060185
0 0.619271 0.867593 0.028125 0.053704
0 0.121354 0.337963 0.023958 0.066667
0 0.109635 0.451389 0.023438 0.069444
0 0.179688 0.327315 0.023958 0.063889
0 0.514323 0.404630 0.038021 0.046296
0 0.054948 0.800926 0.027604 0.072222
0 0.395052 0.806944 0.021354 0.067593
0 0.058073 0.470833 0.026562 0.067593
0 0.289583 0.079167 0.030208 0.058333
0 0.579688 0.873148 0.027083 0.066667
0 0.441667 0.488426 0.026042 0.045370
0 0.025000 0.618056 0.039583 0.043519
0 0.042708 0.521759 0.042708 0.039815
0 0.245052 0.840278 0.035937 0.037963
0 0.725000 0.731481 0.028125 0.062963
0 0.240625 0.272222 0.036458 0.044444
0 0.215104 0.095370 0.025000 0.068519
0 0.716406 0.832407 0.026562 0.059259
0 0.379167 0.868981 0.033333 0.056481
0 0.333073 0.053704 0.025521 0.062963
0 0.085156 0.406019 0.030729 0.065741
0 0.341667 0.132407 0.019792 0.068519
0 0.034896 0.250463 0.031250 0.069444
0 0.173437 0.137037 0.029167 0.064815
0 0.204167 0.862963 0.033333 0.046296
0 0.703646 0.301852 0.025000 0.057407
0 0.193229 0.131944 0.025000 0.062037
0 0.447917 0.103241 0.021875 0.067593
0 0.083073 0.310648 0.027604 0.054630
0 0.129427 0.270833 0.034896 0.047222
0 0.919531 0.568056 0.034896 0.049074
0 0.524479 0.087500 0.030208 0.063889
0 0.373958 0.716667 0.020833 0.068519
0 0.245052 0.168056 0.021354 0.067593
0 0.254948 0.108333 0.022396 0.068519
0 0.138802 0.223611 0.039062 0.054630
0 0.758854 0.731019 0.034375 0.056481
0 0.551042 0.068519 0.020833 0.072222
0 0.515365 0.574074 0.019271 0.070370
0 0.045833 0.405556 0.038542 0.044444
0 0.413021 0.851852 0.031250 0.059259
0 0.841927 0.761574 0.029687 0.056481
0 0.222917 0.815741 0.032292 0.050000
0 0.196875 0.790278 0.030208 0.071296
0 0.138281 0.148611 0.020313 0.071296
0 0.073958 0.579630 0.038542 0.042593
0 0.640885 0.624537 0.033854 0.039815
0 0.034375 0.758796 0.025000 0.067593
0 0.665104 0.809722 0.030208 0.039815
0 0.843490 0.822685 0.028646 0.062037
0 0.050000 0.648611 0.027083 0.067593
0 0.825781 0.412963 0.034896 0.050000
0 0.097917 0.265278 0.026042 0.050926
0 0.884896 0.357870 0.025000 0.063889
0 0.453646 0.623611 0.017708 0.069444
0 0.788802 0.401389 0.021354 0.062037
0 0.127604 0.735648 0.032292 0.058333
0 0.083333 0.162963 0.021875 0.068519
0 0.100260 0.882870 0.038021 0.054630
0 0.516927 0.495833 0.019271 0.069444
0 0.013281 0.409722 0.025521 0.071296
0 0.450781 0.042130 0.036979 0.037963
0 0.180990 0.078704 0.031771 0.064815
0 0.025000 0.537500 0.033333 0.056481
0 0.599479 0.870370 0.021875 0.061111
0 0.758594 0.411111 0.024479 0.066667
0 0.838542 0.334722 0.022917 0.060185
0 0.152604 0.085185 0.026042 0.074074
0 0.708333 0.659722 0.023958 0.065741
0 0.607812 0.080556 0.019792 0.074074
0 0.669271 0.126852 0.023958 0.059259
0 0.682031 0.911111 0.031771 0.046296
0 0.898698 0.702315 0.017188 0.063889
0 0.855208 0.390278 0.023958 0.062037
0 0.012760 0.281019 0.024479 0.065741
0 0.761458 0.241204 0.030208 0.056481
0 0.240365 0.775926 0.031771 0.057407
0 0.120833 0.065741 0.025000 0.066667
0 0.702344 0.114815 0.026562 0.057407
0 0.697396 0.749537 0.021875 0.067593
0 0.888542 0.482407 0.039583 0.055556
0 0.814063 0.875000 0.027083 0.059259
0 0.980729 0.645833 0.032292 0.037963
0 0.776563 0.909259 0.026042 0.055556
0 0.712500 0.185185 0.032292 0.057407
0 0.505990 0.043981 0.033854 0.036111
0 0.268750 0.023148 0.038542 0.044444
0 0.388021 0.052315 0.019792 0.071296
0 0.974740 0.507870 0.041146 0.054630
0 0.780990 0.129167 0.036979 0.041667
0 0.761979 0.866667 0.031250 0.033333
0 0.684375 0.234259 0.035417 0.046296
0 0.801042 0.450926 0.030208 0.046296
0 0.143490 0.050000 0.023438 0.064815
0 0.760156 0.252315 0.033854 0.052778
0 0.876563 0.698148 0.020833 0.062963
0 0.885417 0.530093 0.023958 0.062037
0 0.756250 0.116667 0.028125 0.050000
0 0.725260 0.615278 0.018229 0.063889
0 0.768750 0.638426 0.021875 0.056481
0 0.681510 0.668519 0.021354 0.061111
0 0.988021 0.362037 0.022917 0.062963
0 0.981771 0.478704 0.036458 0.048148
0 0.741927 0.090741 0.021354 0.066667
0 0.809896 0.789352 0.037500 0.037963
0 0.858594 0.694907 0.022396 0.065741
0 0.812240 0.258796 0.023438 0.065741
0 0.529427 0.024074 0.036979 0.037037
0 0.947135 0.161574 0.028646 0.047222
0 0.642448 0.923148 0.034896 0.035185
0 0.346875 0.583796 0.018750 0.047222
0 0.972917 0.187500 0.023958 0.060185
0 0.970313 0.252778 0.026042 0.062963
0 0.073698 0.889352 0.030729 0.062037
0 0.981510 0.560648 0.033854 0.036111
0 0.940625 0.242593 0.033333 0.050000
0 0.964583 0.099537 0.031250 0.056481
0 0.260937 0.719907 0.037500 0.050926
0 0.444792 0.757870 0.031250 0.065741
0 0.446354 0.858333 0.028125 0.074074
0 0.890885 0.155556 0.031771 0.048148
0 0.013542 0.789352 0.026042 0.067593
0 0.877083 0.252778 0.028125 0.061111
0 0.783854 0.284259 0.032292 0.066667
0 0.923177 0.117130 0.028646 0.060185
0 0.885938 0.077778 0.021875 0.061111
0 0.165625 0.911574 0.040625 0.036111
0 0.181250 0.018981 0.033333 0.036111
0 0.903125 0.087500 0.026042 0.049074
0 0.853906 0.199537 0.035937 0.039815
0 0.989062 0.704167 0.021875 0.050926
0 0.880990 0.201389 0.025521 0.058333
0 0.915885 0.196296 0.027604 0.059259
0 0.243229 0.033333 0.037500 0.064815
0 0.106771 0.043981 0.020833 0.043519
0 0.847917 0.131944 0.022917 0.067593
0 0.296875 0.016204 0.036458 0.030556
0 0.888542 0.627778 0.020833 0.040741
0 0.356250 0.014815 0.026042 0.027778
0 0.429948 0.881481 0.032813 0.037037
0 0.870313 0.131481 0.031250 0.053704
0 0.798177 0.954630 0.033854 0.042593
0 0.046354 0.886111 0.028125 0.072222
0 0.560156 0.016204 0.026562 0.030556
0 0.061458 0.105556 0.023958 0.048148
0 0.325000 0.901389 0.027083 0.050926
0 0.964063 0.143981 0.027083 0.039815
0 0.661719 0.018056 0.029687 0.034259
0 0.769531 0.020833 0.020313 0.039815
0 0.123177 0.943981 0.029687 0.069444
0 0.959115 0.968981 0.031771 0.060185
0 0.106771 0.658796 0.021875 0.028704
0 0.411198 0.979167 0.038021 0.039815
0 0.522656 0.942130 0.035937 0.071296
0 0.835938 0.984722 0.040625 0.030556
0 0.339844 0.550926 0.036979 0.042593
0 0.329948 0.467130 0.044271 0.041667
0 0.331250 0.510648 0.038542 0.043519
0 0.203906 0.350000 0.027604 0.074074
0 0.227344 0.365741 0.026562 0.061111
0 0.151302 0.372222 0.039062 0.050000
0 0.244271 0.402315 0.035417 0.037963
0 0.275521 0.412500 0.043750 0.050926
0 0.280208 0.456944 0.045833 0.052778
0 0.361719 0.119907 0.023438 0.078704
0 0.298438 0.151852 0.023958 0.070370
0 0.314063 0.154167 0.019792 0.075000
0 0.331771 0.181481 0.027083 0.070370
0 0.333073 0.250463 0.045312 0.037963
0 0.354167 0.289352 0.038542 0.037963
0 0.252083 0.353704 0.035417 0.050000
0 0.277344 0.355556 0.034896 0.062963
0 0.297656 0.352778 0.034896 0.070370
0 0.320052 0.325000 0.029687 0.055556
0 0.226042 0.176852 0.029167 0.061111
0 0.386458 0.167593 0.044792 0.048148
0 0.383594 0.212500 0.039062 0.037963
0 0.400260 0.264815 0.029687 0.066667
0 0.372135 0.257870 0.036979 0.047222
0 0.440104 0.307407 0.033333 0.061111
0 0.445833 0.373611 0.042708 0.039815
0 0.406771 0.329167 0.037500 0.054630
0 0.453646 0.238426 0.027083 0.076852
0 0.476562 0.133333 0.030208 0.037037
0 0.503125 0.152778 0.042708 0.055556
0 0.466667 0.205556 0.026042 0.077778
0 0.484115 0.196759 0.022396 0.069444
0 0.504427 0.230093 0.022396 0.082407
0 0.532031 0.252315 0.047396 0.045370
0 0.545312 0.202778 0.030208 0.068519
0 0.571354 0.212037 0.037500 0.068519
0 0.569010 0.260185 0.045312 0.038889
0 0.578646 0.303704 0.041667 0.048148
0 0.540625 0.324537 0.041667 0.067593
0 0.503125 0.374537 0.042708 0.047222
0 0.534896 0.489352 0.027083 0.076852
0 0.564844 0.543056 0.044271 0.063889
0 0.647135 0.233796 0.026562 0.067593
0 0.652344 0.305556 0.026562 0.075926
0 0.674740 0.278704 0.028646 0.066667
0 0.890104 0.295833 0.030208 0.056481
0 0.990885 0.418056 0.018229 0.037963
0 0.988802 0.981481 0.022396 0.037037
0 0.738802 0.972685 0.020313 0.054630
0 0.778646 0.988426 0.038542 0.021296
0 0.062500 0.743981 0.027083 0.037963
0 0.256250 0.972222 0.037500 0.053704
0 0.188281 0.976389 0.022396 0.030556
0 0.296875 0.972685 0.027083 0.017593
0 0.275521 0.161574 0.023958 0.065741
0 0.421875 0.963889 0.032292 0.050000
0 0.491927 0.515278 0.026562 0.060185
0 0.646354 0.386574 0.033333 0.054630
0 0.993490 0.204630 0.013021 0.031481
0 0.985938 0.871759 0.028125 0.037963
0 0.992188 0.258796 0.015625 0.076852
0 0.726823 0.260185 0.033854 0.053704
0 0.032292 0.469444 0.039583 0.035185
0 0.218490 0.416667 0.024479 0.068519
0 0.198958 0.495370 0.038542 0.046296
0 0.161719 0.334259 0.023438 0.070370
0 0.236719 0.310185 0.026562 0.038889
0 0.377083 0.311111 0.025000 0.068519
0 0.562240 0.093519 0.016146 0.051852
0 0.804948 0.988426 0.018229 0.023148
0 0.687760 0.172685 0.032813 0.060185
0 0.747135 0.287037 0.018229 0.053704
