0 0.523958 0.489352 0.026042 0.063889
0 0.395313 0.686111 0.034375 0.048148
0 0.560677 0.602315 0.025521 0.065741
0 0.329427 0.798148 0.038021 0.042593
0 0.388802 0.582870 0.036979 0.054630
0 0.554948 0.480093 0.023438 0.062037
0 0.242448 0.626852 0.025521 0.064815
0 0.329948 0.668056 0.027604 0.063889
0 0.276823 0.285648 0.027604 0.063889
0 0.333333 0.501389 0.035417 0.041667
0 0.368750 0.529630 0.037500 0.048148
0 0.336458 0.740741 0.036458 0.040741
0 0.223438 0.585185 0.029167 0.064815
0 0.202083 0.400463 0.034375 0.054630
0 0.206250 0.459722 0.031250 0.067593
0 0.175781 0.459259 0.036979 0.055556
0 0.330208 0.230093 0.029167 0.060185
0 0.471354 0.335648 0.031250 0.060185
0 0.286979 0.577315 0.036458 0.036111
0 0.545573 0.350463 0.025521 0.069444
0 0.178906 0.582870 0.035937 0.049074
0 0.161719 0.692593 0.033854 0.057407
0 0.264323 0.433333 0.028646 0.062963
0 0.213802 0.522222 0.039062 0.042593
0 0.221354 0.183796 0.023958 0.067593
0 0.196094 0.262963 0.028646 0.064815
0 0.504948 0.573611 0.020313 0.069444
0 0.189323 0.643056 0.024479 0.062037
0 0.243229 0.355556 0.037500 0.048148
0 0.623698 0.260185 0.029687 0.062963
0 0.324479 0.333333 0.022917 0.068519
0 0.246615 0.261574 0.020313 0.065741
0 0.140885 0.400463 0.025521 0.065741
0 0.433854 0.378704 0.033333 0.038889
0 0.368750 0.337963 0.023958 0.066667
0 0.288021 0.212037 0.036458 0.051852
0 0.571094 0.777315 0.034896 0.045370
0 0.277083 0.673611 0.022917 0.067593
0 0.134375 0.586574 0.036458 0.052778
0 0.522135 0.671296 0.034896 0.040741
0 0.388021 0.643981 0.036458 0.039815
0 0.206250 0.740278 0.034375 0.060185
0 0.407031 0.316204 0.036979 0.037963
0 0.294271 0.620833 0.037500 0.041667
0 0.577865 0.380556 0.032813 0.057407
0 0.303646 0.386574 0.028125 0.063889
0 0.213281 0.848148 0.034896 0.053704
0 0.476042 0.791667 0.029167 0.055556
0 0.266146 0.556944 0.033333 0.054630
0 0.122656 0.455093 0.039062 0.050926
0 0.535937 0.620833 0.019792 0.063889
0 0.276042 0.757407 0.038542 0.050000
0 0.592708 0.423148 0.032292 0.062963
0 0.188281 0.198611 0.032813 0.039815
0 0.158854 0.168981 0.022917 0.063889
0 0.518490 0.755556 0.020313 0.068519
0 0.586719 0.582870 0.020313 0.062037
0 0.262240 0.662500 0.024479 0.063889
0 0.306510 0.449074 0.018229 0.066667
0 0.484115 0.545370 0.021354 0.066667
0 0.231510 0.287500 0.020313 0.063889
0 0.160938 0.395833 0.027083 0.063889
0 0.545573 0.835185 0.040104 0.046296
0 0.119531 0.226852 0.028646 0.066667
0 0.198698 0.778704 0.031771 0.062963
0 0.304167 0.673611 0.032292 0.036111
0 0.406250 0.368056 0.017708 0.063889
0 0.267448 0.721759 0.033854 0.050926
0 0.129688 0.733796 0.026042 0.067593
0 0.211979 0.362500 0.032292 0.050926
0 0.323958 0.579630 0.017708 0.062963
0 0.420573 0.813426 0.036979 0.045370
0 0.581771 0.284259 0.033333 0.046296
0 0.620313 0.366667 0.019792 0.070370
0 0.057292 0.806481 0.034375 0.061111
0 0.433854 0.669444 0.035417 0.037037
0 0.245052 0.171296 0.019271 0.070370
0 0.188802 0.554167 0.043229 0.037963
0 0.714583 0.169907 0.021875 0.071296
0 0.332813 0.067130 0.030208 0.054630
0 0.897135 0.510185 0.027604 0.062963
0 0.568750 0.713889 0.023958 0.072222
0 0.360156 0.136111 0.022396 0.062963
0 0.133854 0.811111 0.030208 0.064815
0 0.917188 0.562500 0.034375 0.045370
0 0.116927 0.290741 0.038021 0.046296
0 0.885156 0.584259 0.030729 0.064815
0 0.447917 0.110185 0.020833 0.064815
0 0.341406 0.166667 0.038021 0.038889
0 0.583333 0.496759 0.029167 0.063889
0 0.741406 0.263426 0.032813 0.060185
0 0.421875 0.157870 0.036458 0.054630
0 0.705208 0.664815 0.023958 0.068519
0 0.016927 0.506481 0.031771 0.059259
0 0.025781 0.660648 0.025521 0.071296
0 0.170052 0.117593 0.021354 0.070370
0 0.214583 0.090741 0.019792 0.068519
0 0.213802 0.289352 0.019271 0.063889
0 0.720313 0.526389 0.031250 0.058333
0 0.939844 0.368519 0.025521 0.064815
0 0.188021 0.125926 0.022917 0.064815
0 0.837240 0.656481 0.026562 0.057407
0 0.760938 0.181481 0.023958 0.066667
0 0.441146 0.768981 0.034375 0.052778
0 0.294271 0.082870 0.029167 0.065741
0 0.898698 0.454167 0.031771 0.065741
0 0.386979 0.061111 0.025000 0.066667
0 0.136458 0.140741 0.022917 0.066667
0 0.156771 0.087037 0.025000 0.068519
0 0.357812 0.867593 0.040625 0.042593
0 0.549740 0.761574 0.035937 0.039815
0 0.271354 0.840741 0.040625 0.038889
0 0.092188 0.457870 0.035417 0.063889
0 0.543229 0.096759 0.022917 0.067593
0 0.257812 0.057407 0.037500 0.046296
0 0.182031 0.329630 0.026562 0.066667
0 0.576302 0.906019 0.034896 0.056481
0 0.968490 0.449074 0.035937 0.051852
0 0.759896 0.241204 0.031250 0.054630
0 0.747135 0.628241 0.040104 0.036111
0 0.799219 0.176389 0.026562 0.062037
0 0.151562 0.255556 0.041667 0.040741
0 0.082552 0.821296 0.044271 0.044444
0 0.039844 0.431944 0.029687 0.065741
0 0.921615 0.439352 0.027604 0.067593
0 0.681510 0.126852 0.023438 0.062963
0 0.275260 0.161111 0.026562 0.064815
0 0.167708 0.747685 0.022917 0.063889
0 0.702344 0.109722 0.024479 0.062037
0 0.915625 0.267130 0.030208 0.062037
0 0.233073 0.033333 0.035937 0.046296
0 0.461198 0.814815 0.025521 0.068519
0 0.133073 0.884722 0.035937 0.049074
0 0.058854 0.471296 0.030208 0.070370
0 0.940625 0.285185 0.022917 0.066667
0 0.828906 0.318519 0.034896 0.057407
0 0.155469 0.805093 0.025521 0.069444
0 0.144271 0.681944 0.028125 0.071296
0 0.067448 0.650463 0.046354 0.036111
0 0.866927 0.201852 0.036979 0.044444
0 0.076302 0.612500 0.030729 0.069444
0 0.484115 0.048148 0.019271 0.070370
0 0.071354 0.328704 0.041667 0.042593
0 0.606771 0.079167 0.018750 0.071296
0 0.460677 0.061111 0.019271 0.066667
0 0.025260 0.280556 0.028646 0.066667
0 0.140104 0.197685 0.020833 0.067593
0 0.858333 0.263889 0.037500 0.051852
0 0.129688 0.506019 0.025000 0.054630
0 0.033073 0.586574 0.036979 0.067593
0 0.785417 0.289815 0.023958 0.070370
0 0.522656 0.090278 0.018229 0.067593
0 0.676042 0.275926 0.034375 0.053704
0 0.697396 0.611111 0.035417 0.033333
0 0.956250 0.502778 0.029167 0.066667
0 0.051562 0.244907 0.044792 0.045370
0 0.553906 0.056944 0.024479 0.069444
0 0.827344 0.612037 0.022396 0.072222
0 0.078646 0.201389 0.029167 0.071296
0 0.298438 0.043056 0.029167 0.067593
0 0.139063 0.078241 0.023958 0.065741
0 0.863021 0.381019 0.039583 0.037963
0 0.984375 0.575926 0.029167 0.057407
0 0.649740 0.125000 0.034896 0.044444
0 0.495833 0.875926 0.031250 0.059259
0 0.120573 0.064352 0.024479 0.065741
0 0.108594 0.789815 0.036979 0.064815
0 0.112760 0.876389 0.031771 0.062037
0 0.425000 0.029630 0.037500 0.040741
0 0.040365 0.365278 0.038021 0.076852
0 0.889323 0.368056 0.022396 0.071296
0 0.106250 0.377315 0.030208 0.067593
0 0.954948 0.425463 0.035937 0.045370
0 0.616406 0.901389 0.031771 0.054630
0 0.798958 0.105556 0.032292 0.062963
0 0.075000 0.736111 0.032292 0.066667
0 0.375260 0.034722 0.018229 0.063889
0 0.763802 0.738889 0.022396 0.068519
0 0.686198 0.060648 0.022396 0.065741
0 0.893229 0.696759 0.033333 0.063889
0 0.893750 0.225926 0.023958 0.057407
0 0.017448 0.230556 0.033854 0.040741
0 0.868229 0.756944 0.036458 0.060185
0 0.187500 0.870833 0.038542 0.047222
0 0.988281 0.200000 0.023438 0.051852
0 0.974740 0.659259 0.033854 0.057407
0 0.015885 0.180556 0.030729 0.070370
0 0.700000 0.286574 0.032292 0.063889
0 0.859375 0.599537 0.030208 0.063889
0 0.844792 0.820370 0.028125 0.062963
0 0.087760 0.878704 0.023438 0.062963
0 0.122917 0.368056 0.022917 0.069444
0 0.740104 0.084259 0.029167 0.068519
0 0.909375 0.193056 0.020833 0.056481
0 0.791667 0.878241 0.033333 0.063889
0 0.865365 0.713889 0.035937 0.042593
0 0.317708 0.893519 0.025000 0.061111
0 0.695833 0.872222 0.031250 0.068519
0 0.963281 0.166667 0.032813 0.051852
0 0.952865 0.113426 0.032813 0.049074
0 0.798177 0.370833 0.033854 0.067593
0 0.930208 0.194444 0.027083 0.061111
0 0.847396 0.143981 0.038542 0.056481
0 0.979688 0.334722 0.035417 0.067593
0 0.889062 0.629630 0.019792 0.042593
0 0.209635 0.918981 0.030729 0.050926
0 0.650521 0.942593 0.028125 0.057407
0 0.897135 0.136111 0.035937 0.053704
0 0.923177 0.125926 0.038021 0.053704
0 0.347135 0.916204 0.035937 0.047222
0 0.857031 0.353241 0.038021 0.041667
0 0.464323 0.926389 0.031771 0.047222
0 0.931510 0.497222 0.025521 0.066667
0 0.311458 0.018519 0.022917 0.035185
0 0.673958 0.201389 0.033333 0.087963
0 0.744792 0.316667 0.022917 0.040741
0 0.744271 0.057870 0.033333 0.039815
0 0.679427 0.958796 0.029687 0.034259
0 0.993750 0.146759 0.012500 0.032407
0 0.788802 0.939815 0.030729 0.042593
0 0.100521 0.012500 0.018750 0.023148
0 0.430208 0.950926 0.035417 0.050000
0 0.358854 0.943056 0.026042 0.069444
0 0.627865 0.973611 0.028646 0.049074
0 0.307552 0.957870 0.027604 0.063889
0 0.562240 0.025000 0.029687 0.048148
0 0.487760 0.912963 0.026562 0.048148
0 0.108854 0.658333 0.023958 0.027778
0 0.874740 0.124537 0.023438 0.049074
0 0.748177 0.960185 0.027604 0.053704
0 0.938802 0.962963 0.027604 0.055556
0 0.282031 0.964815 0.039062 0.059259
0 0.361979 0.195833 0.034375 0.054630
0 0.383333 0.218056 0.035417 0.043519
0 0.410938 0.254630 0.036458 0.046296
0 0.377865 0.271759 0.036979 0.050926
0 0.371094 0.421759 0.033854 0.065741
0 0.326302 0.427315 0.023438 0.063889
0 0.332292 0.460185 0.027083 0.051852
0 0.361979 0.468519 0.042708 0.048148
0 0.392708 0.483333 0.040625 0.055556
0 0.409115 0.519444 0.019271 0.064815
0 0.430469 0.539815 0.033854 0.064815
0 0.446094 0.583333 0.046354 0.048148
0 0.454688 0.626852 0.038542 0.057407
0 0.430729 0.469444 0.025000 0.061111
0 0.453906 0.463426 0.026562 0.075000
0 0.461719 0.529167 0.027604 0.058333
0 0.480990 0.484722 0.030729 0.071296
0 0.485677 0.393519 0.029687 0.064815
0 0.513021 0.426852 0.036458 0.068519
0 0.520573 0.396759 0.034896 0.063889
0 0.498958 0.447685 0.037500 0.065741
0 0.455729 0.217130 0.038542 0.049074
0 0.469271 0.180556 0.034375 0.064815
0 0.497135 0.238426 0.015104 0.084259
0 0.433854 0.284722 0.038542 0.043519
0 0.469271 0.254630 0.044792 0.048148
0 0.517188 0.263889 0.036458 0.042593
0 0.523438 0.300000 0.046875 0.040741
0 0.520833 0.207407 0.031250 0.070370
0 0.551042 0.207407 0.030208 0.074074
0 0.566927 0.169444 0.040104 0.061111
0 0.588021 0.142593 0.038542 0.077778
0 0.584115 0.210185 0.041146 0.068519
0 0.621094 0.193056 0.027604 0.078704
0 0.645052 0.202778 0.022396 0.079630
0 0.457552 0.705093 0.046354 0.039815
0 0.478646 0.741204 0.046875 0.041667
0 0.502344 0.705093 0.034896 0.050926
0 0.289583 0.447685 0.025000 0.071296
0 0.163021 0.331481 0.018750 0.061111
0 0.153906 0.300463 0.036979 0.063889
0 0.257812 0.103241 0.023958 0.062037
0 0.264323 0.140741 0.024479 0.068519
0 0.273958 0.025926 0.027083 0.050000
0 0.426042 0.096296 0.029167 0.066667
0 0.346354 0.580093 0.028125 0.071296
0 0.246094 0.561574 0.021354 0.060185
0 0.423958 0.878241 0.046875 0.054630
0 0.315104 0.194907 0.028125 0.071296
0 0.988542 0.258796 0.022917 0.062037
0 0.198958 0.978704 0.057292 0.035185
0 0.246094 0.972222 0.023438 0.018519
0 0.006250 0.023148 0.011458 0.025926
0 0.430208 0.978704 0.033333 0.040741
0 0.595833 0.984259 0.030208 0.031481
0 0.663802 0.986111 0.040104 0.027778
0 0.966667 0.906481 0.019792 0.027778
0 0.767448 0.013889 0.035937 0.025926
0 0.999740 0.399537 0.000521 0.000926
0 0.993229 0.146759 0.012500 0.032407
0 0.993750 0.146759 0.012500 0.032407
0 0.826302 0.022222 0.038021 0.042593
0 0.060937 0.883333 0.020833 0.048148
0 0.993750 0.146759 0.012500 0.032407
0 0.993750 0.146759 0.012500 0.032407
0 0.390365 0.372222 0.019271 0.066667
0 0.433854 0.325926 0.022917 0.061111
0 0.346354 0.294907 0.017708 0.030556
0 0.557292 0.255556 0.036458 0.044444
0 0.007552 0.447685 0.014063 0.063889
0 0.015104 0.299074 0.029167 0.066667
0 0.144792 0.012963 0.015625 0.024074
0 0.247656 0.399074 0.034896 0.033333
0 0.153906 0.303704 0.034896 0.051852
0 0.233333 0.009259 0.034375 0.016667
0 0.990104 0.630093 0.019792 0.041667
0 0.422135 0.411574 0.016146 0.026852
