0 0.260417 0.528241 0.032292 0.060185
0 0.317448 0.478704 0.020313 0.064815
0 0.260156 0.683333 0.029687 0.061111
0 0.342708 0.432870 0.020833 0.063889
0 0.289062 0.764815 0.030208 0.061111
0 0.260417 0.383796 0.019792 0.062037
0 0.218750 0.650000 0.030208 0.062963
0 0.292969 0.281019 0.028646 0.065741
0 0.215625 0.702778 0.022917 0.066667
0 0.163281 0.758333 0.029687 0.066667
0 0.411458 0.543981 0.023958 0.065741
0 0.179167 0.331944 0.023958 0.065741
0 0.412500 0.447222 0.021875 0.062963
0 0.162760 0.529630 0.028646 0.068519
0 0.088021 0.545833 0.035417 0.054630
0 0.449479 0.628241 0.028125 0.063889
0 0.125260 0.506481 0.025521 0.061111
0 0.213281 0.409259 0.040104 0.048148
0 0.247396 0.474537 0.032292 0.052778
0 0.242708 0.377778 0.020833 0.062963
0 0.435937 0.308796 0.029167 0.060185
0 0.398958 0.317593 0.034375 0.042593
0 0.307292 0.403241 0.038542 0.045370
0 0.391146 0.624537 0.027083 0.062037
0 0.352865 0.133333 0.024479 0.055556
0 0.330729 0.320370 0.019792 0.062963
0 0.449219 0.241667 0.024479 0.062963
0 0.385156 0.796296 0.034896 0.051852
0 0.242708 0.602778 0.032292 0.053704
0 0.468490 0.294907 0.029687 0.049074
0 0.305469 0.801389 0.026562 0.069444
0 0.393750 0.512037 0.019792 0.066667
0 0.223438 0.227778 0.033333 0.061111
0 0.270313 0.588889 0.020833 0.066667
0 0.242969 0.550000 0.039062 0.040741
0 0.319531 0.260648 0.039062 0.037963
0 0.385937 0.261574 0.032292 0.058333
0 0.277604 0.162963 0.030208 0.062963
0 0.324219 0.171296 0.034896 0.046296
0 0.340625 0.387963 0.037500 0.040741
0 0.246354 0.162037 0.027083 0.066667
0 0.241667 0.645833 0.027083 0.060185
0 0.203385 0.735648 0.022396 0.065741
0 0.243229 0.799074 0.031250 0.059259
0 0.119531 0.792593 0.038021 0.055556
0 0.043229 0.708333 0.028125 0.059259
0 0.466667 0.571759 0.029167 0.058333
0 0.162760 0.283796 0.039062 0.039815
0 0.166667 0.150926 0.025000 0.066667
0 0.443750 0.511111 0.022917 0.059259
0 0.427865 0.211574 0.030729 0.056481
0 0.157812 0.664815 0.033333 0.061111
0 0.282031 0.455556 0.038021 0.048148
0 0.512500 0.380556 0.030208 0.057407
0 0.256510 0.767593 0.022396 0.068519
0 0.495833 0.790741 0.025000 0.064815
0 0.236979 0.208333 0.033333 0.062963
0 0.089583 0.456481 0.023958 0.062963
0 0.179688 0.679630 0.034375 0.051852
0 0.223177 0.103704 0.024479 0.066667
0 0.398958 0.145833 0.028125 0.054630
0 0.135417 0.750926 0.026042 0.062963
0 0.292708 0.352778 0.039583 0.033333
0 0.328906 0.782870 0.021354 0.073148
0 0.363281 0.325926 0.020313 0.066667
0 0.211719 0.361111 0.033854 0.048148
0 0.373177 0.871296 0.038021 0.050000
0 0.551042 0.797222 0.023958 0.062963
0 0.490625 0.556944 0.026042 0.060185
0 0.142187 0.344444 0.025000 0.064815
0 0.083073 0.692130 0.042188 0.043519
0 0.455990 0.846759 0.031771 0.060185
0 0.035417 0.564815 0.037500 0.050000
0 0.296615 0.075000 0.021354 0.068519
0 0.201823 0.132407 0.022396 0.062963
0 0.391406 0.442593 0.027604 0.064815
0 0.154688 0.389815 0.039583 0.051852
0 0.475781 0.683796 0.021354 0.063889
0 0.103385 0.243056 0.042188 0.049074
0 0.476823 0.225000 0.020313 0.066667
0 0.187500 0.204630 0.037500 0.042593
0 0.104427 0.101852 0.032813 0.062963
0 0.444531 0.672685 0.035937 0.037963
0 0.060937 0.193056 0.038542 0.052778
0 0.163281 0.611574 0.040104 0.043519
0 0.558333 0.337037 0.022917 0.064815
0 0.119271 0.340741 0.031250 0.061111
0 0.046354 0.525463 0.022917 0.063889
0 0.487500 0.749074 0.018750 0.070370
0 0.608594 0.294444 0.025521 0.064815
0 0.092969 0.630093 0.043229 0.045370
0 0.646354 0.468981 0.030208 0.058333
0 0.148958 0.711574 0.040625 0.036111
0 0.041146 0.452315 0.035417 0.052778
0 0.167708 0.235648 0.035417 0.036111
0 0.343490 0.033796 0.021354 0.063889
0 0.152083 0.089352 0.025000 0.073148
0 0.240365 0.848611 0.021354 0.063889
0 0.570312 0.252778 0.027083 0.061111
0 0.267969 0.086574 0.019271 0.067593
0 0.191406 0.798148 0.042188 0.035185
0 0.640365 0.539352 0.018229 0.062037
0 0.191146 0.067593 0.026042 0.066667
0 0.447917 0.723148 0.027083 0.064815
0 0.296094 0.904167 0.026562 0.060185
0 0.078906 0.320833 0.028646 0.062037
0 0.099740 0.845370 0.031771 0.059259
0 0.136458 0.145833 0.020833 0.071296
0 0.514844 0.579167 0.019271 0.063889
0 0.313281 0.227778 0.038021 0.037037
0 0.523698 0.176852 0.022396 0.062963
0 0.498958 0.134722 0.027083 0.058333
0 0.016406 0.404630 0.028646 0.064815
0 0.025521 0.660185 0.022917 0.068519
0 0.470573 0.812500 0.032813 0.043519
0 0.070052 0.435185 0.023438 0.070370
0 0.543750 0.500000 0.023958 0.057407
0 0.575521 0.615278 0.031250 0.043519
0 0.539062 0.628704 0.032292 0.057407
0 0.642448 0.352778 0.034896 0.038889
0 0.595052 0.155093 0.027604 0.062037
0 0.654687 0.235648 0.026042 0.060185
0 0.505729 0.193981 0.019792 0.065741
0 0.534375 0.249537 0.020833 0.069444
0 0.590625 0.581944 0.020833 0.056481
0 0.402344 0.745370 0.038021 0.050000
0 0.322135 0.900463 0.021354 0.056481
0 0.548698 0.187963 0.018229 0.066667
0 0.465885 0.781944 0.038021 0.037963
0 0.032813 0.343981 0.025000 0.050926
0 0.027083 0.499537 0.022917 0.065741
0 0.387500 0.049537 0.020833 0.071296
0 0.122135 0.067593 0.024479 0.062963
0 0.916667 0.680556 0.021875 0.064815
0 0.016927 0.751389 0.032813 0.043519
0 0.692969 0.377778 0.032813 0.048148
0 0.015625 0.802778 0.026042 0.066667
0 0.225521 0.882407 0.033333 0.061111
0 0.707812 0.658333 0.027083 0.061111
0 0.523177 0.096296 0.024479 0.064815
0 0.592969 0.437037 0.030729 0.038889
0 0.066667 0.350463 0.022917 0.067593
0 0.970313 0.800463 0.028125 0.065741
0 0.587760 0.213889 0.034896 0.048148
0 0.638021 0.299537 0.032292 0.043519
0 0.125260 0.675000 0.031771 0.062963
0 0.447917 0.101852 0.018750 0.072222
0 0.696354 0.231481 0.022917 0.068519
0 0.741406 0.619444 0.034896 0.046296
0 0.558854 0.116204 0.020833 0.050926
0 0.852083 0.846759 0.018750 0.063889
0 0.172656 0.024537 0.025521 0.047222
0 0.526563 0.046296 0.032292 0.048148
0 0.919271 0.569444 0.034375 0.050000
0 0.903125 0.765741 0.035417 0.053704
0 0.665885 0.758796 0.038021 0.039815
0 0.690625 0.704630 0.033333 0.037037
0 0.979427 0.684259 0.033854 0.033333
0 0.047656 0.627778 0.039062 0.040741
0 0.639844 0.137037 0.018229 0.064815
0 0.108854 0.447222 0.020833 0.066667
0 0.949479 0.653241 0.025000 0.058333
0 0.437240 0.745833 0.025521 0.062037
0 0.688281 0.296296 0.034896 0.040741
0 0.891927 0.486574 0.036979 0.043519
0 0.450521 0.018981 0.021875 0.036111
0 0.759896 0.735648 0.035417 0.052778
0 0.801042 0.837500 0.029167 0.065741
0 0.878125 0.698611 0.018750 0.062037
0 0.260937 0.929167 0.030208 0.062037
0 0.670573 0.101389 0.029687 0.052778
0 0.760417 0.243519 0.029167 0.053704
0 0.375000 0.028704 0.019792 0.055556
0 0.833333 0.876389 0.021875 0.062037
0 0.590625 0.097222 0.019792 0.070370
0 0.983073 0.262963 0.031771 0.051852
0 0.438542 0.869907 0.037500 0.049074
0 0.856510 0.703241 0.022396 0.062037
0 0.818490 0.448611 0.025521 0.067593
0 0.901042 0.711111 0.020833 0.061111
0 0.236458 0.942130 0.033333 0.062037
0 0.875781 0.271296 0.029687 0.051852
0 0.944531 0.255556 0.030729 0.061111
0 0.093490 0.034722 0.041146 0.034259
0 0.855208 0.390278 0.020833 0.062037
0 0.529948 0.915278 0.034896 0.054630
0 0.795573 0.680556 0.020313 0.053704
0 0.688542 0.582870 0.022917 0.067593
0 0.774740 0.854167 0.023438 0.063889
0 0.957812 0.470370 0.025000 0.059259
0 0.947917 0.793981 0.021875 0.062037
0 0.751302 0.124537 0.019271 0.058333
0 0.919010 0.264815 0.027604 0.059259
0 0.801042 0.779630 0.037500 0.035185
0 0.879687 0.353704 0.021875 0.066667
0 0.567187 0.931019 0.017708 0.060185
0 0.977604 0.163889 0.033333 0.048148
0 0.674219 0.148148 0.035937 0.038889
0 0.770052 0.576389 0.035937 0.049074
0 0.793750 0.136574 0.018750 0.060185
0 0.769792 0.192130 0.026042 0.056481
0 0.907031 0.316204 0.036979 0.037963
0 0.942448 0.837963 0.032813 0.031481
0 0.738542 0.905093 0.026042 0.060185
0 0.653646 0.051852 0.030208 0.050000
0 0.868229 0.569444 0.035417 0.033333
0 0.806510 0.204167 0.032813 0.052778
0 0.827344 0.371759 0.028646 0.065741
0 0.863021 0.325926 0.020833 0.066667
0 0.577344 0.050926 0.032813 0.038889
0 0.857292 0.228704 0.035417 0.037037
0 0.915365 0.121759 0.033854 0.036111
0 0.859115 0.093056 0.024479 0.058333
0 0.714583 0.594907 0.018750 0.067593
0 0.601302 0.020833 0.025521 0.039815
0 0.009635 0.067593 0.018229 0.059259
0 0.725521 0.141204 0.030208 0.060185
0 0.739583 0.079167 0.036458 0.043519
0 0.961719 0.627778 0.030729 0.059259
0 0.916406 0.074074 0.018229 0.061111
0 0.967448 0.106944 0.019271 0.058333
0 0.833594 0.169444 0.030729 0.061111
0 0.985938 0.625000 0.025000 0.042593
0 0.311458 0.019907 0.022917 0.037963
0 0.931771 0.172685 0.019792 0.065741
0 0.888021 0.627778 0.019792 0.040741
0 0.435417 0.949537 0.025000 0.065741
0 0.061458 0.504167 0.019792 0.052778
0 0.947135 0.110185 0.029687 0.062963
0 0.407292 0.018056 0.017708 0.034259
0 0.036198 0.026852 0.025521 0.033333
0 0.765365 0.934722 0.025521 0.054630
0 0.836458 0.109722 0.031250 0.060185
0 0.894792 0.186574 0.033333 0.056481
0 0.871615 0.050463 0.025521 0.062037
0 0.793490 0.288426 0.032813 0.043519
0 0.757552 0.956019 0.030729 0.052778
0 0.414583 0.831481 0.039583 0.062963
0 0.917448 0.187037 0.020313 0.066667
0 0.204427 0.018981 0.023438 0.036111
0 0.814844 0.118981 0.022396 0.060185
0 0.847917 0.282870 0.022917 0.063889
0 0.989583 0.373611 0.016667 0.028704
0 0.559375 0.013889 0.026042 0.025926
0 0.270833 0.976389 0.035417 0.036111
0 0.007552 0.169444 0.014063 0.033333
0 0.984635 0.967593 0.026562 0.044444
0 0.843490 0.966204 0.036979 0.032407
0 0.348177 0.581481 0.021354 0.050000
0 0.751823 0.980556 0.031771 0.038889
0 0.208333 0.294444 0.017708 0.033333
0 0.582292 0.809259 0.013542 0.024074
0 0.038542 0.883796 0.020833 0.036111
0 0.732292 0.012500 0.015625 0.023148
0 0.227344 0.332870 0.017188 0.062037
0 0.242448 0.310185 0.021354 0.035185
0 0.121875 0.177315 0.043750 0.034259
0 0.127344 0.216204 0.034896 0.045370
0 0.250521 0.095833 0.019792 0.071296
0 0.467448 0.134259 0.029687 0.068519
0 0.347656 0.294444 0.010937 0.027778
0 0.215625 0.450926 0.030208 0.042593
0 0.235156 0.444907 0.018229 0.067593
0 0.048698 0.400000 0.039062 0.053704
0 0.087240 0.392130 0.024479 0.065741
0 0.007552 0.662963 0.014063 0.061111
0 0.129167 0.445370 0.028125 0.066667
0 0.474740 0.396296 0.029687 0.087037
0 0.496615 0.515278 0.025521 0.065741
0 0.519792 0.517130 0.025000 0.063889
0 0.537760 0.454167 0.024479 0.050926
0 0.517188 0.456019 0.021875 0.069444
0 0.487760 0.450926 0.033854 0.061111
0 0.569271 0.522685 0.039583 0.060185
0 0.601302 0.484722 0.028646 0.060185
0 0.566406 0.463426 0.027604 0.049074
0 0.423177 0.165278 0.050521 0.037963
0 0.585156 0.347685 0.020313 0.063889
0 0.588542 0.394444 0.046875 0.042593
0 0.729688 0.220370 0.031250 0.079630
0 0.795312 0.329167 0.040625 0.063889
0 0.529687 0.576852 0.028125 0.064815
0 0.135156 0.013889 0.024479 0.025926
0 0.142969 0.049537 0.022396 0.073148
0 0.479427 0.983333 0.017188 0.025926
0 0.638802 0.962037 0.033854 0.059259
0 0.243750 0.972222 0.025000 0.048148
0 0.009896 0.479630 0.018750 0.038889
0 0.155729 0.331944 0.019792 0.056481
0 0.428906 0.893056 0.040104 0.037963
