0 0.435937 0.573611 0.032292 0.056481
0 0.328125 0.462963 0.034375 0.059259
0 0.550521 0.779167 0.025000 0.060185
0 0.382812 0.492593 0.029167 0.062963
0 0.202865 0.200463 0.026562 0.065741
0 0.613802 0.612963 0.026562 0.064815
0 0.407031 0.365741 0.027604 0.066667
0 0.325000 0.415278 0.035417 0.049074
0 0.513542 0.575463 0.021875 0.069444
0 0.480208 0.613426 0.022917 0.071296
0 0.495312 0.418519 0.025000 0.062963
0 0.210677 0.303704 0.025521 0.064815
0 0.563281 0.726389 0.029687 0.056481
0 0.301563 0.497685 0.036458 0.060185
0 0.330990 0.569444 0.026562 0.061111
0 0.268750 0.284259 0.033333 0.059259
0 0.183594 0.514352 0.031771 0.063889
0 0.478125 0.801852 0.030208 0.055556
0 0.215885 0.463889 0.034896 0.038889
0 0.520052 0.506019 0.022396 0.069444
0 0.488281 0.548148 0.024479 0.072222
0 0.338021 0.230556 0.039583 0.044444
0 0.193750 0.414815 0.020833 0.068519
0 0.500781 0.239352 0.022396 0.067593
0 0.618750 0.794444 0.023958 0.064815
0 0.217188 0.602778 0.030208 0.062963
0 0.162240 0.385648 0.030729 0.062037
0 0.376302 0.369907 0.025521 0.060185
0 0.522396 0.723611 0.018750 0.063889
0 0.458333 0.521759 0.035417 0.039815
0 0.067969 0.708796 0.039062 0.054630
0 0.245833 0.167130 0.028125 0.069444
0 0.386198 0.304167 0.029687 0.062037
0 0.398698 0.222222 0.036979 0.042593
0 0.545312 0.625000 0.019792 0.064815
0 0.424219 0.721296 0.029687 0.064815
0 0.454948 0.621296 0.019271 0.066667
0 0.395573 0.608796 0.019271 0.063889
0 0.216406 0.411574 0.024479 0.063889
0 0.620313 0.729630 0.022917 0.062963
0 0.614323 0.456481 0.032813 0.044444
0 0.364583 0.525926 0.038542 0.040741
0 0.272135 0.422222 0.032813 0.062963
0 0.278906 0.207870 0.025521 0.056481
0 0.461458 0.755093 0.029167 0.060185
0 0.546615 0.205093 0.029687 0.054630
0 0.444792 0.407870 0.018750 0.063889
0 0.099740 0.249537 0.030729 0.065741
0 0.185156 0.612500 0.039062 0.036111
0 0.422135 0.149537 0.021354 0.069444
0 0.563802 0.263426 0.038021 0.037963
0 0.180729 0.566667 0.040625 0.040741
0 0.052344 0.315741 0.034896 0.062963
0 0.449740 0.275463 0.035937 0.039815
0 0.255469 0.362963 0.033854 0.051852
0 0.575000 0.868981 0.034375 0.047222
0 0.214844 0.512963 0.036979 0.040741
0 0.038021 0.506481 0.040625 0.053704
0 0.192969 0.130556 0.025521 0.066667
0 0.439583 0.692593 0.030208 0.066667
0 0.465365 0.709722 0.027604 0.069444
0 0.306250 0.171759 0.025000 0.069444
0 0.027344 0.660648 0.024479 0.067593
0 0.253646 0.527315 0.038542 0.054630
0 0.341927 0.143981 0.034896 0.052778
0 0.459635 0.481019 0.034896 0.047222
0 0.282292 0.362500 0.035417 0.052778
0 0.382031 0.145833 0.021354 0.073148
0 0.562240 0.525463 0.035937 0.041667
0 0.488802 0.745370 0.021354 0.062963
0 0.272917 0.473148 0.028125 0.066667
0 0.166406 0.257870 0.038021 0.056481
0 0.275260 0.160185 0.028646 0.066667
0 0.215885 0.096296 0.025521 0.068519
0 0.604167 0.406019 0.034375 0.037963
0 0.455469 0.161574 0.034896 0.043519
0 0.293490 0.087037 0.026562 0.062963
0 0.576823 0.652778 0.034896 0.035185
0 0.111198 0.449537 0.024479 0.073148
0 0.448958 0.102778 0.022917 0.066667
0 0.652604 0.394444 0.031250 0.042593
0 0.524219 0.087037 0.030729 0.061111
0 0.088542 0.632407 0.042708 0.051852
0 0.180469 0.097222 0.026562 0.074074
0 0.719010 0.846296 0.027604 0.055556
0 0.125000 0.236574 0.028125 0.065741
0 0.254427 0.107870 0.023438 0.065741
0 0.139063 0.150463 0.020833 0.071296
0 0.089583 0.457407 0.029167 0.064815
0 0.143490 0.292130 0.023438 0.067593
0 0.641406 0.899537 0.021354 0.063889
0 0.740625 0.199074 0.032292 0.048148
0 0.706771 0.659722 0.026042 0.065741
0 0.082812 0.311111 0.031250 0.057407
0 0.031250 0.715741 0.039583 0.042593
0 0.493229 0.140741 0.037500 0.044444
0 0.723698 0.354167 0.022396 0.065741
0 0.128125 0.509259 0.021875 0.059259
0 0.429688 0.772685 0.027083 0.056481
0 0.675521 0.723148 0.022917 0.059259
0 0.607552 0.081481 0.020313 0.074074
0 0.655469 0.706019 0.020313 0.062037
0 0.023438 0.604630 0.033333 0.062963
0 0.148698 0.590741 0.044271 0.040741
0 0.195052 0.282407 0.020313 0.064815
0 0.032813 0.238426 0.039583 0.060185
0 0.842708 0.440278 0.022917 0.058333
0 0.152865 0.086111 0.025521 0.075926
0 0.644792 0.240741 0.026042 0.053704
0 0.689844 0.694444 0.035937 0.048148
0 0.450521 0.820370 0.027083 0.068519
0 0.607812 0.367130 0.032292 0.036111
0 0.230469 0.273611 0.021354 0.063889
0 0.732031 0.486574 0.026562 0.065741
0 0.558333 0.135185 0.037500 0.042593
0 0.696354 0.875000 0.020833 0.062963
0 0.282552 0.834722 0.023438 0.065741
0 0.046875 0.395370 0.040625 0.040741
0 0.245052 0.868519 0.033854 0.059259
0 0.691667 0.614815 0.025000 0.050000
0 0.735938 0.749074 0.036458 0.050000
0 0.082292 0.181944 0.030208 0.069444
0 0.581250 0.077778 0.034375 0.053704
0 0.752083 0.568519 0.020833 0.062963
0 0.083333 0.563426 0.044792 0.034259
0 0.898698 0.701852 0.019271 0.064815
0 0.595313 0.543981 0.030208 0.037963
0 0.812240 0.395833 0.038021 0.034259
0 0.839583 0.333796 0.023958 0.060185
0 0.067448 0.785648 0.042188 0.050926
0 0.070833 0.610185 0.028125 0.072222
0 0.672135 0.154630 0.029687 0.053704
0 0.874219 0.595833 0.031771 0.050926
0 0.439323 0.873611 0.046354 0.052778
0 0.304948 0.036574 0.022396 0.069444
0 0.844010 0.822222 0.028646 0.061111
0 0.082812 0.357407 0.042708 0.050000
0 0.330208 0.072685 0.038542 0.043519
0 0.963021 0.588426 0.031250 0.060185
0 0.728125 0.268056 0.037500 0.037963
0 0.856250 0.392593 0.023958 0.062963
0 0.760417 0.241667 0.031250 0.055556
0 0.741406 0.085648 0.026562 0.062037
0 0.027344 0.287037 0.024479 0.072222
0 0.311458 0.776389 0.030208 0.063889
0 0.482552 0.899074 0.033854 0.035185
0 0.384896 0.868056 0.038542 0.043519
0 0.087760 0.411111 0.026562 0.075926
0 0.972396 0.393056 0.034375 0.043519
0 0.917708 0.570370 0.034375 0.042593
0 0.195312 0.024537 0.023958 0.047222
0 0.945573 0.543519 0.033854 0.035185
0 0.021615 0.427315 0.027604 0.067593
0 0.198698 0.790278 0.033854 0.067593
0 0.290104 0.903241 0.036458 0.050926
0 0.414062 0.835185 0.031250 0.055556
0 0.388021 0.051852 0.019792 0.072222
0 0.846875 0.764815 0.035417 0.040741
0 0.823958 0.247685 0.034375 0.047222
0 0.802865 0.779167 0.030729 0.056481
0 0.333333 0.028241 0.036458 0.043519
0 0.121094 0.063426 0.023438 0.069444
0 0.810677 0.312500 0.030729 0.062037
0 0.242188 0.048148 0.029167 0.075926
0 0.967969 0.455556 0.029687 0.050000
0 0.704948 0.205556 0.033854 0.059259
0 0.884635 0.731481 0.033854 0.051852
0 0.128125 0.733796 0.037500 0.054630
0 0.898958 0.346296 0.020833 0.064815
0 0.979688 0.310185 0.033333 0.042593
0 0.797656 0.724537 0.034896 0.047222
0 0.678906 0.835185 0.024479 0.068519
0 0.691146 0.544907 0.033333 0.036111
0 0.892448 0.490741 0.036979 0.046296
0 0.860677 0.691204 0.038021 0.049074
0 0.884375 0.355556 0.023958 0.062963
0 0.260156 0.019907 0.036979 0.037963
0 0.161719 0.691667 0.034896 0.066667
0 0.487240 0.943056 0.030729 0.058333
0 0.264062 0.686111 0.033333 0.068519
0 0.708333 0.150000 0.034375 0.053704
0 0.115365 0.855093 0.043229 0.054630
0 0.062760 0.833333 0.041146 0.048148
0 0.832292 0.197222 0.034375 0.040741
0 0.142448 0.056019 0.023438 0.067593
0 0.509635 0.937963 0.029687 0.061111
0 0.761979 0.061574 0.027083 0.056481
0 0.545573 0.055556 0.017188 0.072222
0 0.790365 0.843981 0.023438 0.063889
0 0.009635 0.294444 0.018229 0.068519
0 0.800781 0.338426 0.028646 0.065741
0 0.159375 0.810185 0.029167 0.074074
0 0.095052 0.824074 0.038021 0.055556
0 0.894531 0.290741 0.038021 0.050000
0 0.077344 0.081944 0.028646 0.060185
0 0.174740 0.334259 0.035937 0.066667
0 0.975781 0.182407 0.022396 0.057407
0 0.866927 0.197222 0.023438 0.061111
0 0.970052 0.250000 0.025521 0.061111
0 0.793750 0.265741 0.039583 0.046296
0 0.164583 0.450000 0.054167 0.050000
0 0.128646 0.891204 0.041667 0.049074
0 0.948958 0.166667 0.029167 0.050000
0 0.840104 0.158333 0.036458 0.050000
0 0.228125 0.725926 0.039583 0.053704
0 0.727344 0.132407 0.039062 0.044444
0 0.115625 0.793056 0.031250 0.069444
0 0.251823 0.656481 0.046354 0.051852
0 0.667188 0.940278 0.020833 0.056481
0 0.884896 0.076389 0.017708 0.062037
0 0.028125 0.822222 0.034375 0.062963
0 0.449740 0.035185 0.032813 0.057407
0 0.760156 0.931944 0.022396 0.060185
0 0.913802 0.191667 0.022396 0.061111
0 0.328385 0.703241 0.039062 0.052778
0 0.888281 0.629630 0.018229 0.038889
0 0.943490 0.221296 0.022396 0.059259
0 0.323437 0.899537 0.027083 0.052778
0 0.666146 0.025926 0.027083 0.050000
0 0.898177 0.921296 0.034896 0.037037
0 0.926302 0.132870 0.032813 0.041667
0 0.266406 0.736574 0.040104 0.047222
0 0.353646 0.016204 0.027083 0.030556
0 0.885938 0.127778 0.040625 0.042593
0 0.247396 0.776852 0.025000 0.072222
0 0.563802 0.017593 0.025521 0.033333
0 0.344271 0.577778 0.025000 0.051852
0 0.961198 0.970370 0.029687 0.055556
0 0.721875 0.032407 0.036458 0.033333
0 0.057031 0.889352 0.033854 0.036111
0 0.966927 0.918056 0.030729 0.060185
0 0.257812 0.924074 0.036458 0.048148
0 0.981250 0.536111 0.033333 0.061111
0 0.919531 0.068056 0.034896 0.030556
0 0.790885 0.952778 0.023438 0.062963
0 0.357552 0.932870 0.024479 0.075000
0 0.158594 0.936111 0.030729 0.066667
0 0.175781 0.973148 0.039062 0.053704
0 0.426823 0.964815 0.031771 0.064815
0 0.386719 0.980093 0.036979 0.039815
0 0.132812 0.969907 0.031250 0.050926
0 0.735677 0.972685 0.025521 0.052778
0 0.301042 0.250463 0.043750 0.065741
0 0.613542 0.887037 0.028125 0.079630
0 0.125000 0.395370 0.019792 0.077778
0 0.142969 0.415741 0.019271 0.059259
0 0.208594 0.353704 0.026562 0.044444
0 0.230990 0.343056 0.018229 0.056481
0 0.305990 0.309259 0.033854 0.051852
0 0.288802 0.335648 0.036979 0.056481
0 0.333594 0.178704 0.029687 0.059259
0 0.327865 0.377778 0.035937 0.066667
0 0.340625 0.356481 0.035417 0.070370
0 0.356771 0.328704 0.029167 0.068519
0 0.361719 0.283796 0.026562 0.065741
0 0.370833 0.211574 0.027083 0.065741
0 0.352344 0.114815 0.039062 0.051852
0 0.473958 0.197685 0.031250 0.062037
0 0.475000 0.245833 0.038542 0.052778
0 0.482292 0.223148 0.022917 0.035185
0 0.458594 0.331019 0.032813 0.063889
0 0.491406 0.290278 0.039062 0.045370
0 0.498698 0.333333 0.040104 0.033333
0 0.535417 0.346759 0.031250 0.062037
0 0.524219 0.389352 0.036979 0.056481
0 0.533073 0.438426 0.036979 0.050926
0 0.554167 0.407870 0.031250 0.067593
0 0.566146 0.353704 0.034375 0.053704
0 0.559375 0.092593 0.023958 0.042593
0 0.631510 0.341667 0.022396 0.053704
0 0.642969 0.292593 0.043229 0.040741
0 0.663542 0.338426 0.032292 0.050926
0 0.674740 0.275463 0.033854 0.052778
0 0.567448 0.593981 0.023438 0.075000
0 0.589323 0.586574 0.025521 0.060185
0 0.547656 0.473148 0.025521 0.055556
0 0.564583 0.179630 0.045833 0.064815
0 0.095833 0.968056 0.026042 0.041667
0 0.585156 0.980093 0.022396 0.039815
0 0.255469 0.970833 0.039062 0.054630
0 0.985156 0.563889 0.029687 0.068519
0 0.474479 0.032407 0.025000 0.062963
0 0.415104 0.874074 0.014583 0.027778
0 0.442188 0.804630 0.025000 0.062963
0 0.480469 0.374074 0.031771 0.062963
0 0.048438 0.462037 0.028125 0.062963
0 0.062500 0.470833 0.025000 0.076852
0 0.992969 0.258796 0.014063 0.062037
0 0.692969 0.235185 0.027604 0.066667
0 0.008073 0.023611 0.015104 0.041667
0 0.022656 0.464352 0.030729 0.036111
0 0.005729 0.473148 0.010417 0.061111
0 0.006250 0.700926 0.011458 0.037037
0 0.007552 0.634259 0.014063 0.038889
0 0.992188 0.207407 0.015625 0.037037
0 0.992969 0.258796 0.014063 0.062037
0 0.427344 0.896296 0.041146 0.038889
