0 0.277604 0.526389 0.026042 0.062037
0 0.489844 0.732870 0.025521 0.060185
0 0.369792 0.078241 0.022917 0.065741
0 0.396875 0.621759 0.032292 0.052778
0 0.467708 0.581481 0.026042 0.061111
0 0.431250 0.650463 0.031250 0.054630
0 0.254688 0.355093 0.031250 0.060185
0 0.150000 0.109259 0.023958 0.068519
0 0.425000 0.562500 0.029167 0.060185
0 0.163281 0.061574 0.021354 0.067593
0 0.388542 0.548148 0.025000 0.062963
0 0.341146 0.204630 0.034375 0.050000
0 0.317708 0.578704 0.026042 0.066667
0 0.647135 0.795370 0.031771 0.061111
0 0.344010 0.458333 0.028646 0.062963
0 0.544010 0.755556 0.031771 0.055556
0 0.271615 0.170833 0.032813 0.060185
0 0.575521 0.583333 0.027083 0.055556
0 0.170313 0.512037 0.026042 0.066667
0 0.197917 0.441667 0.039583 0.042593
0 0.632292 0.597222 0.023958 0.062963
0 0.462500 0.639352 0.028125 0.062037
0 0.358854 0.307407 0.038542 0.040741
0 0.163281 0.642593 0.040104 0.048148
0 0.244010 0.469907 0.038021 0.039815
0 0.251042 0.087963 0.020833 0.066667
0 0.446094 0.530556 0.029687 0.055556
0 0.899479 0.441667 0.032292 0.053704
0 0.721615 0.556944 0.030729 0.052778
0 0.447135 0.131481 0.021354 0.066667
0 0.910937 0.484259 0.033333 0.059259
0 0.614583 0.443981 0.032292 0.041667
0 0.558854 0.493981 0.025000 0.060185
0 0.404687 0.682407 0.032292 0.053704
0 0.287760 0.336111 0.029687 0.061111
0 0.259115 0.251852 0.022396 0.064815
0 0.348698 0.139815 0.033854 0.061111
0 0.341927 0.593056 0.022396 0.063889
0 0.160156 0.436111 0.035937 0.051852
0 0.635938 0.311111 0.028125 0.059259
0 0.398438 0.311111 0.034375 0.050000
0 0.515625 0.253704 0.031250 0.051852
0 0.464844 0.362500 0.032813 0.052778
0 0.158333 0.178241 0.022917 0.069444
0 0.524740 0.633796 0.033854 0.043519
0 0.191927 0.115741 0.021354 0.066667
0 0.284635 0.623148 0.023438 0.059259
0 0.677604 0.471296 0.028125 0.053704
0 0.566667 0.829167 0.035417 0.052778
0 0.285938 0.576852 0.037500 0.035185
0 0.478906 0.491667 0.033854 0.042593
0 0.244010 0.732870 0.026562 0.063889
0 0.311458 0.308796 0.020833 0.063889
0 0.555208 0.666667 0.032292 0.046296
0 0.134115 0.220370 0.023438 0.068519
0 0.382812 0.194444 0.031250 0.057407
0 0.338802 0.529630 0.020313 0.061111
0 0.768490 0.662500 0.023438 0.063889
0 0.677083 0.651852 0.036458 0.042593
0 0.804427 0.485648 0.034896 0.034259
0 0.290365 0.148611 0.023438 0.067593
0 0.289844 0.814352 0.029687 0.060185
0 0.198177 0.075463 0.028646 0.063889
0 0.097917 0.282870 0.025000 0.071296
0 0.204427 0.731481 0.029687 0.064815
0 0.747656 0.505093 0.035937 0.045370
0 0.676823 0.520370 0.033854 0.046296
0 0.390104 0.056944 0.027083 0.067593
0 0.192188 0.611574 0.037500 0.050926
0 0.521615 0.807407 0.024479 0.068519
0 0.700260 0.107407 0.018229 0.066667
0 0.608073 0.787037 0.020313 0.064815
0 0.257292 0.311111 0.029167 0.061111
0 0.542969 0.541667 0.032813 0.048148
0 0.600521 0.573611 0.021875 0.056481
0 0.159115 0.685648 0.041146 0.037963
0 0.694010 0.222685 0.028646 0.056481
0 0.580469 0.707870 0.018229 0.067593
0 0.298438 0.455556 0.030208 0.059259
0 0.080729 0.132870 0.022917 0.071296
0 0.217708 0.508796 0.033333 0.034259
0 0.330469 0.361574 0.036979 0.054630
0 0.253906 0.516667 0.021354 0.066667
0 0.153125 0.252778 0.022917 0.066667
0 0.482552 0.537963 0.033854 0.050000
0 0.190885 0.837037 0.040104 0.053704
0 0.605208 0.118519 0.029167 0.061111
0 0.450000 0.045370 0.018750 0.068519
0 0.727344 0.670370 0.021354 0.068519
0 0.737240 0.299074 0.025521 0.050000
0 0.284896 0.070370 0.031250 0.055556
0 0.439323 0.248611 0.034896 0.054630
0 0.438021 0.203704 0.030208 0.062963
0 0.442188 0.388889 0.032292 0.040741
0 0.573177 0.317130 0.038021 0.052778
0 0.506510 0.139352 0.020313 0.069444
0 0.316406 0.506481 0.025521 0.064815
0 0.136719 0.150463 0.019271 0.069444
0 0.954427 0.521759 0.030729 0.058333
0 0.876823 0.326852 0.023438 0.066667
0 0.764844 0.236111 0.023438 0.062963
0 0.277865 0.699537 0.024479 0.065741
0 0.421354 0.263889 0.035417 0.040741
0 0.854688 0.595833 0.030208 0.056481
0 0.237500 0.302315 0.029167 0.050926
0 0.174740 0.572222 0.035937 0.051852
0 0.364063 0.163426 0.031250 0.054630
0 0.596875 0.833796 0.019792 0.069444
0 0.235937 0.130093 0.040625 0.047222
0 0.764583 0.547222 0.036458 0.031481
0 0.472135 0.045833 0.019271 0.069444
0 0.226562 0.692130 0.022917 0.073148
0 0.320833 0.052778 0.028125 0.064815
0 0.797135 0.143981 0.024479 0.069444
0 0.869792 0.233796 0.021875 0.062037
0 0.670052 0.603241 0.017188 0.063889
0 0.737240 0.238889 0.022396 0.062963
0 0.259375 0.850463 0.033333 0.054630
0 0.406250 0.226852 0.035417 0.040741
0 0.663802 0.397685 0.031771 0.034259
0 0.796094 0.457407 0.036979 0.040741
0 0.119792 0.050926 0.022917 0.072222
0 0.525260 0.075926 0.036979 0.042593
0 0.928906 0.311111 0.035937 0.061111
0 0.675521 0.288426 0.037500 0.049074
0 0.213021 0.216204 0.041667 0.041667
0 0.042448 0.184259 0.029687 0.059259
0 0.775000 0.161574 0.022917 0.067593
0 0.908073 0.209722 0.024479 0.063889
0 0.218750 0.036574 0.025000 0.056481
0 0.940104 0.098611 0.023958 0.069444
0 0.545052 0.242130 0.032813 0.062037
0 0.352604 0.034259 0.035417 0.044444
0 0.070052 0.416667 0.034896 0.059259
0 0.859115 0.493519 0.026562 0.062963
0 0.112240 0.477315 0.039062 0.062037
0 0.338281 0.778704 0.029687 0.055556
0 0.164062 0.306481 0.033333 0.050000
0 0.659115 0.029167 0.021354 0.056481
0 0.238542 0.028704 0.019792 0.055556
0 0.793229 0.238889 0.021875 0.062963
0 0.846875 0.258333 0.029167 0.057407
0 0.668750 0.076852 0.019792 0.072222
0 0.908854 0.380556 0.040625 0.035185
0 0.339323 0.834722 0.025521 0.069444
0 0.797135 0.768056 0.039062 0.037963
0 0.191927 0.305093 0.041146 0.041667
0 0.926823 0.763889 0.034896 0.048148
0 0.575260 0.081944 0.033854 0.049074
0 0.882552 0.621759 0.030729 0.063889
0 0.963281 0.310185 0.026562 0.066667
0 0.309635 0.834722 0.023438 0.065741
0 0.724740 0.380556 0.038021 0.051852
0 0.585677 0.227315 0.035937 0.037963
0 0.136979 0.518981 0.029167 0.052778
0 0.107552 0.417130 0.035937 0.062037
0 0.770052 0.435648 0.022396 0.058333
0 0.636979 0.876852 0.018750 0.070370
0 0.224219 0.079167 0.020313 0.060185
0 0.788802 0.397685 0.020313 0.063889
0 0.136458 0.025463 0.030208 0.049074
0 0.739323 0.036111 0.030729 0.062963
0 0.767188 0.377778 0.023958 0.068519
0 0.829948 0.187963 0.025521 0.064815
0 0.742448 0.433333 0.020313 0.062963
0 0.126042 0.370370 0.025000 0.064815
0 0.897135 0.154630 0.027604 0.064815
0 0.083594 0.633796 0.029687 0.071296
0 0.726823 0.193981 0.039062 0.045370
0 0.104427 0.529167 0.025521 0.062037
0 0.056250 0.294444 0.040625 0.038889
0 0.894271 0.743519 0.035417 0.059259
0 0.949479 0.220833 0.031250 0.052778
0 0.162760 0.807870 0.048438 0.047222
0 0.108333 0.135185 0.031250 0.066667
0 0.700000 0.056019 0.036458 0.049074
0 0.085417 0.477315 0.028125 0.067593
0 0.928385 0.597222 0.041146 0.038889
0 0.792188 0.831481 0.031250 0.057407
0 0.837500 0.088889 0.020833 0.064815
0 0.205990 0.280556 0.042188 0.035185
0 0.066406 0.222685 0.039062 0.037963
0 0.286719 0.897222 0.025521 0.057407
0 0.061198 0.463889 0.029687 0.068519
0 0.178385 0.391204 0.041146 0.032407
0 0.985417 0.742130 0.029167 0.060185
0 0.983594 0.196759 0.032813 0.039815
0 0.866406 0.853704 0.034896 0.050000
0 0.021354 0.267593 0.038542 0.050000
0 0.979167 0.597222 0.039583 0.055556
0 0.318750 0.432407 0.019792 0.050000
0 0.079687 0.583333 0.042708 0.050000
0 0.035937 0.354630 0.025000 0.072222
0 0.551823 0.030556 0.027604 0.059259
0 0.186198 0.167130 0.038021 0.043519
0 0.009896 0.326852 0.018750 0.072222
0 0.157292 0.743519 0.043750 0.048148
0 0.412500 0.117130 0.032292 0.043519
0 0.025000 0.877315 0.035417 0.063889
0 0.970833 0.144444 0.030208 0.061111
0 0.592969 0.902315 0.032813 0.052778
0 0.218229 0.368519 0.032292 0.042593
0 0.310677 0.925926 0.034896 0.044444
0 0.987760 0.837500 0.024479 0.060185
0 0.864844 0.056481 0.038021 0.040741
0 0.191927 0.347222 0.040104 0.037037
0 0.937240 0.257870 0.029687 0.058333
0 0.169010 0.894444 0.024479 0.064815
0 0.038802 0.660648 0.031771 0.069444
0 0.314323 0.892130 0.034896 0.041667
0 0.815885 0.058796 0.039062 0.034259
0 0.910937 0.047685 0.037500 0.045370
0 0.034635 0.412963 0.045312 0.040741
0 0.040365 0.520833 0.042188 0.062037
0 0.009896 0.768519 0.018750 0.062963
0 0.931771 0.028704 0.035417 0.055556
0 0.868750 0.105093 0.042708 0.043519
0 0.223958 0.795370 0.036458 0.066667
0 0.022396 0.130556 0.036458 0.064815
0 0.572396 0.927315 0.020833 0.067593
0 0.057552 0.746296 0.051562 0.059259
0 0.227344 0.897222 0.034896 0.048148
0 0.707292 0.015741 0.020833 0.029630
0 0.892969 0.681481 0.045312 0.040741
0 0.977604 0.109722 0.033333 0.054630
0 0.068490 0.518981 0.025521 0.062037
0 0.402604 0.915278 0.028125 0.050926
0 0.901563 0.607407 0.026042 0.044444
0 0.214062 0.935648 0.035417 0.047222
0 0.097656 0.342593 0.046354 0.057407
0 0.059375 0.887963 0.050000 0.057407
0 0.168750 0.012500 0.035417 0.023148
0 0.049479 0.054630 0.037500 0.050000
0 0.960677 0.436574 0.017188 0.028704
0 0.486458 0.953241 0.022917 0.071296
0 0.311198 0.627778 0.018229 0.038889
0 0.595833 0.964815 0.029167 0.068519
0 0.856250 0.978704 0.042708 0.024074
0 0.342708 0.951852 0.036458 0.037037
0 0.190365 0.965278 0.040104 0.062037
0 0.813281 0.981019 0.039062 0.032407
0 0.125000 0.669907 0.022917 0.026852
0 0.448437 0.463426 0.034375 0.045370
0 0.529427 0.452315 0.027604 0.049074
0 0.559896 0.433796 0.038542 0.060185
0 0.565365 0.377315 0.044271 0.063889
0 0.534375 0.381019 0.017708 0.069444
0 0.511979 0.378241 0.029167 0.062037
0 0.558073 0.293519 0.045312 0.044444
0 0.394271 0.969907 0.037500 0.050926
0 0.441667 0.981944 0.019792 0.028704
0 0.510417 0.970833 0.037500 0.056481
0 0.906510 0.978704 0.027604 0.024074
0 0.977865 0.975000 0.019271 0.020370
0 0.447135 0.881019 0.023438 0.041667
0 0.611458 0.165741 0.035417 0.038889
0 0.581250 0.178704 0.025000 0.066667
0 0.512500 0.167130 0.023958 0.071296
0 0.531510 0.156944 0.032813 0.071296
0 0.543229 0.143981 0.026042 0.076852
0 0.568229 0.143981 0.021875 0.071296
0 0.631510 0.236574 0.036979 0.060185
0 0.661719 0.222685 0.025521 0.073148
0 0.627083 0.397222 0.031250 0.061111
0 0.812500 0.396296 0.032292 0.061111
0 0.823698 0.386111 0.038021 0.055556
0 0.836719 0.352778 0.033854 0.053704
0 0.832292 0.298611 0.044792 0.041667
0 0.269010 0.975463 0.031771 0.049074
0 0.838542 0.979630 0.021875 0.024074
0 0.121094 0.981481 0.026562 0.037037
0 0.387500 0.111574 0.026042 0.080556
0 0.991406 0.273148 0.017188 0.057407
0 0.867708 0.351852 0.028125 0.059259
0 0.787500 0.008796 0.019792 0.015741
0 0.493490 0.102315 0.041146 0.043519
0 0.420573 0.165278 0.036979 0.060185
0 0.208854 0.016667 0.037500 0.031481
