0 0.617969 0.348611 0.022396 0.076852
0 0.437500 0.658333 0.043750 0.037037
0 0.554427 0.641204 0.035937 0.034259
0 0.315625 0.787963 0.036458 0.042593
0 0.366927 0.577778 0.034896 0.040741
0 0.303646 0.631019 0.036458 0.045370
0 0.548438 0.430556 0.033333 0.046296
0 0.355469 0.746759 0.041146 0.036111
0 0.383854 0.535648 0.035417 0.039815
0 0.575000 0.690278 0.036458 0.049074
0 0.397135 0.745370 0.031771 0.044444
0 0.190365 0.603241 0.031771 0.036111
0 0.489063 0.531481 0.034375 0.042593
0 0.469010 0.775926 0.034896 0.046296
0 0.552604 0.834259 0.035417 0.044444
0 0.513802 0.511574 0.033854 0.045370
0 0.159635 0.693056 0.035937 0.034259
0 0.409896 0.723148 0.034375 0.050000
0 0.353125 0.257407 0.035417 0.037037
0 0.521354 0.800463 0.032292 0.058333
0 0.526042 0.376389 0.036458 0.047222
0 0.278125 0.614352 0.029167 0.054630
0 0.449219 0.388889 0.031771 0.053704
0 0.373958 0.499074 0.035417 0.048148
0 0.457552 0.617593 0.027604 0.061111
0 0.310417 0.459722 0.028125 0.058333
0 0.679427 0.460185 0.029687 0.062963
0 0.538802 0.345370 0.029687 0.059259
0 0.781771 0.351852 0.023958 0.061111
0 0.668750 0.312500 0.026042 0.067593
0 0.557292 0.328704 0.022917 0.064815
0 0.583333 0.561111 0.021875 0.070370
0 0.560677 0.584722 0.020313 0.063889
0 0.412240 0.500926 0.032813 0.053704
0 0.602344 0.265741 0.028646 0.059259
0 0.324740 0.438889 0.031771 0.059259
0 0.435937 0.463889 0.027083 0.062963
0 0.552865 0.550000 0.032813 0.048148
0 0.225781 0.304630 0.019271 0.068519
0 0.661458 0.578704 0.022917 0.055556
0 0.661719 0.481944 0.030729 0.056481
0 0.662760 0.244907 0.030729 0.058333
0 0.522656 0.427778 0.019271 0.064815
0 0.525260 0.646296 0.031771 0.057407
0 0.366927 0.709722 0.034896 0.037963
0 0.623437 0.553704 0.018750 0.064815
0 0.398958 0.358333 0.030208 0.059259
0 0.575000 0.313889 0.020833 0.066667
0 0.341406 0.528241 0.038021 0.045370
0 0.390625 0.301389 0.032292 0.058333
0 0.509635 0.723148 0.025521 0.061111
0 0.346615 0.320833 0.033854 0.052778
0 0.504948 0.448611 0.023438 0.062037
0 0.379427 0.362963 0.029687 0.061111
0 0.410156 0.237037 0.030729 0.057407
0 0.423438 0.785185 0.020833 0.068519
0 0.139844 0.791204 0.038021 0.039815
0 0.362500 0.668519 0.027083 0.062963
0 0.250000 0.837500 0.038542 0.036111
0 0.699479 0.587037 0.033333 0.053704
0 0.253646 0.506019 0.021875 0.065741
0 0.617448 0.854167 0.028646 0.060185
0 0.282031 0.428704 0.030729 0.059259
0 0.763542 0.918981 0.021875 0.062037
0 0.634375 0.709259 0.029167 0.051852
0 0.671094 0.168519 0.022396 0.055556
0 0.305469 0.533796 0.031771 0.056481
0 0.265104 0.801852 0.028125 0.059259
0 0.273438 0.456481 0.029167 0.055556
0 0.781771 0.289352 0.034375 0.060185
0 0.554427 0.226852 0.036979 0.040741
0 0.917448 0.408796 0.041146 0.050926
0 0.681771 0.067593 0.020833 0.070370
0 0.174740 0.233333 0.040104 0.042593
0 0.338802 0.646296 0.024479 0.061111
0 0.690104 0.355093 0.033333 0.056481
0 0.566927 0.493056 0.027604 0.054630
0 0.639844 0.835648 0.029687 0.054630
0 0.520573 0.245370 0.031771 0.046296
0 0.348958 0.422222 0.026042 0.064815
0 0.640365 0.266667 0.033854 0.044444
0 0.368229 0.812500 0.030208 0.063889
0 0.453646 0.872222 0.035417 0.053704
0 0.655469 0.104167 0.021354 0.073148
0 0.330729 0.575926 0.026042 0.064815
0 0.460938 0.233333 0.034375 0.057407
0 0.333073 0.724537 0.035937 0.032407
0 0.951823 0.231019 0.024479 0.065741
0 0.183333 0.554630 0.029167 0.053704
0 0.217448 0.640741 0.032813 0.059259
0 0.441146 0.082407 0.020833 0.066667
0 0.326823 0.279167 0.018229 0.063889
0 0.389583 0.173611 0.026042 0.062037
0 0.581250 0.156944 0.019792 0.067593
0 0.745833 0.216204 0.022917 0.071296
0 0.230469 0.478704 0.027604 0.061111
0 0.111198 0.588889 0.041146 0.048148
0 0.281510 0.781944 0.023438 0.063889
0 0.701302 0.888426 0.033854 0.047222
0 0.215625 0.165278 0.028125 0.062037
0 0.416146 0.068056 0.018750 0.065741
0 0.241667 0.612963 0.020833 0.061111
0 0.725781 0.919907 0.021354 0.058333
0 0.275781 0.153241 0.024479 0.062037
0 0.324479 0.150000 0.033333 0.048148
0 0.464583 0.187500 0.036458 0.050926
0 0.169531 0.754630 0.026562 0.062963
0 0.302083 0.271296 0.018750 0.068519
0 0.539844 0.153704 0.023438 0.064815
0 0.126823 0.645833 0.030729 0.056481
0 0.382031 0.654167 0.022396 0.063889
0 0.732812 0.335185 0.035417 0.050000
0 0.538281 0.056944 0.019271 0.065741
0 0.820052 0.903241 0.027604 0.067593
0 0.761198 0.677315 0.025521 0.062037
0 0.679427 0.840741 0.032813 0.042593
0 0.082292 0.512500 0.036458 0.041667
0 0.127604 0.532870 0.019792 0.065741
0 0.594271 0.878704 0.034375 0.051852
0 0.292969 0.213889 0.021354 0.066667
0 0.300000 0.112037 0.025000 0.062963
0 0.622656 0.048611 0.020313 0.065741
0 0.372656 0.092593 0.019271 0.062963
0 0.221875 0.728241 0.028125 0.062037
0 0.258333 0.412963 0.025000 0.062963
0 0.714583 0.816667 0.035417 0.050000
0 0.164844 0.357870 0.021354 0.062037
0 0.682813 0.128241 0.032292 0.052778
0 0.290625 0.700926 0.020833 0.064815
0 0.902083 0.370370 0.036458 0.059259
0 0.311198 0.225000 0.017188 0.066667
0 0.308333 0.850463 0.031250 0.049074
0 0.833073 0.379167 0.039062 0.062037
0 0.107813 0.537500 0.023958 0.065741
0 0.195833 0.735648 0.022917 0.062037
0 0.940625 0.190741 0.037500 0.055556
0 0.743229 0.089815 0.022917 0.068519
0 0.824479 0.244907 0.019792 0.067593
0 0.971875 0.353704 0.031250 0.066667
0 0.791406 0.722685 0.032813 0.054630
0 0.838021 0.774537 0.028125 0.062037
0 0.678906 0.925000 0.029687 0.057407
0 0.932292 0.780093 0.023958 0.065741
0 0.182552 0.298611 0.021354 0.063889
0 0.204687 0.281019 0.020833 0.060185
0 0.592448 0.073611 0.029687 0.060185
0 0.240365 0.191667 0.022396 0.068519
0 0.130469 0.321296 0.036979 0.051852
0 0.265104 0.343519 0.028125 0.066667
0 0.195573 0.822222 0.021354 0.066667
0 0.957031 0.787963 0.030729 0.059259
0 0.513802 0.082870 0.023438 0.065741
0 0.806771 0.096296 0.039583 0.040741
0 0.453125 0.046759 0.018750 0.067593
0 0.125781 0.259722 0.027604 0.062037
0 0.509896 0.769444 0.023958 0.048148
0 0.472396 0.043056 0.019792 0.069444
0 0.328906 0.093056 0.018229 0.062037
0 0.154948 0.648611 0.042188 0.045370
0 0.184375 0.165278 0.033333 0.062037
0 0.982031 0.783333 0.026562 0.064815
0 0.229427 0.072222 0.020313 0.061111
0 0.864062 0.604167 0.025000 0.065741
0 0.713021 0.195370 0.034375 0.048148
0 0.919792 0.337500 0.029167 0.060185
0 0.943229 0.355556 0.023958 0.061111
0 0.564844 0.079167 0.033854 0.052778
0 0.887500 0.813426 0.035417 0.071296
0 0.934375 0.839815 0.033333 0.057407
0 0.372135 0.032870 0.020313 0.063889
0 0.231771 0.675463 0.026042 0.063889
0 0.251042 0.059722 0.021875 0.058333
0 0.151302 0.154630 0.031771 0.061111
0 0.111719 0.223148 0.032813 0.051852
0 0.635938 0.087963 0.018750 0.055556
0 0.967969 0.716667 0.029687 0.062963
0 0.162240 0.844907 0.028646 0.065741
0 0.184115 0.453704 0.025521 0.059259
0 0.200260 0.216204 0.022396 0.062037
0 0.063802 0.663426 0.023438 0.069444
0 0.197917 0.109722 0.030208 0.060185
0 0.282813 0.082407 0.031250 0.057407
0 0.330469 0.191667 0.020313 0.064815
0 0.102604 0.306944 0.029167 0.063889
0 0.239583 0.116204 0.020833 0.063889
0 0.345052 0.036111 0.021354 0.068519
0 0.142708 0.437500 0.039583 0.039815
0 0.110937 0.676852 0.028125 0.066667
0 0.158854 0.294444 0.020833 0.066667
0 0.543229 0.922222 0.020833 0.068519
0 0.623437 0.223148 0.027083 0.061111
0 0.256771 0.114352 0.019792 0.065741
0 0.221875 0.507870 0.022917 0.062037
0 0.801042 0.169907 0.030208 0.069444
0 0.219271 0.239352 0.030208 0.063889
0 0.136458 0.100000 0.027083 0.066667
0 0.237500 0.377778 0.023958 0.064815
0 0.157031 0.090278 0.021354 0.069444
0 0.118750 0.818519 0.043750 0.038889
0 0.148438 0.486574 0.038542 0.058333
0 0.068229 0.299537 0.038542 0.054630
0 0.795833 0.210185 0.030208 0.055556
0 0.798438 0.608796 0.039583 0.037963
0 0.958333 0.461111 0.045833 0.040741
0 0.397917 0.895370 0.034375 0.035185
0 0.979688 0.193056 0.025000 0.069444
0 0.135937 0.039352 0.022917 0.065741
0 0.080208 0.751852 0.038542 0.051852
0 0.772396 0.164815 0.029167 0.066667
0 0.975521 0.849074 0.040625 0.040741
0 0.839063 0.058796 0.040625 0.052778
0 0.042448 0.244444 0.034896 0.064815
0 0.056510 0.393981 0.031771 0.047222
0 0.941667 0.126389 0.039583 0.058333
0 0.902604 0.588889 0.041667 0.037037
0 0.509115 0.946759 0.022396 0.078704
0 0.095573 0.197222 0.026562 0.057407
0 0.879427 0.968056 0.048438 0.062037
0 0.848437 0.221296 0.037500 0.048148
0 0.605729 0.021296 0.016667 0.040741
0 0.529167 0.953241 0.026042 0.067593
0 0.046354 0.669444 0.021875 0.064815
0 0.662760 0.968981 0.032813 0.060185
0 0.989323 0.488426 0.020313 0.073148
0 0.764062 0.056481 0.036458 0.046296
0 0.801042 0.031019 0.032292 0.050926
0 0.757552 0.258333 0.026562 0.098148
0 0.586979 0.928241 0.028125 0.039815
0 0.950521 0.296759 0.028125 0.041667
0 0.223698 0.814815 0.038021 0.062963
0 0.251302 0.902315 0.034896 0.034259
0 0.510417 0.867130 0.046875 0.052778
0 0.981250 0.084259 0.035417 0.048148
0 0.039583 0.450463 0.028125 0.056481
0 0.161719 0.024537 0.022396 0.047222
0 0.770052 0.409259 0.043229 0.062963
0 0.689063 0.792593 0.025000 0.033333
0 0.991667 0.154630 0.016667 0.064815
0 0.090625 0.850000 0.025000 0.044444
0 0.986979 0.620833 0.022917 0.043519
0 0.479427 0.978704 0.029687 0.033333
0 0.640365 0.977778 0.020313 0.044444
0 0.026302 0.818056 0.023438 0.069444
0 0.039844 0.150463 0.029687 0.050926
0 0.111719 0.908333 0.038021 0.037037
0 0.445833 0.971759 0.023958 0.026852
0 0.047396 0.356944 0.030208 0.050926
0 0.026042 0.927315 0.031250 0.069444
0 0.084896 0.945370 0.035417 0.031481
0 0.416667 0.968981 0.017708 0.023148
0 0.842708 0.695370 0.015625 0.025926
0 0.095312 0.013889 0.021875 0.025926
0 0.057292 0.943981 0.019792 0.028704
0 0.199479 0.331481 0.016667 0.024074
0 0.509115 0.311111 0.041146 0.040741
0 0.455729 0.291204 0.034375 0.062037
0 0.289844 0.360648 0.033854 0.069444
0 0.316927 0.367130 0.038021 0.052778
0 0.331771 0.398148 0.040625 0.051852
0 0.489323 0.125926 0.030729 0.072222
0 0.503385 0.166204 0.042188 0.060185
0 0.429427 0.174537 0.027604 0.086111
0 0.446094 0.167593 0.023438 0.079630
0 0.643229 0.176389 0.023958 0.036111
0 0.388802 0.450926 0.035937 0.046296
0 0.435156 0.247222 0.028646 0.072222
0 0.491927 0.222685 0.031771 0.067593
0 0.524479 0.211574 0.036458 0.041667
0 0.641667 0.023148 0.027083 0.044444
0 0.452083 0.341204 0.042708 0.049074
0 0.474219 0.380093 0.021354 0.075000
0 0.349219 0.143519 0.021354 0.070370
0 0.359635 0.161111 0.025521 0.070370
0 0.349479 0.226389 0.042708 0.056481
0 0.210417 0.567593 0.037500 0.038889
0 0.219010 0.589352 0.033854 0.065741
0 0.203125 0.522222 0.025000 0.059259
0 0.085156 0.639815 0.020313 0.075926
0 0.102083 0.628241 0.018750 0.082407
0 0.262500 0.947222 0.044792 0.059259
0 0.250000 0.959722 0.020833 0.030556
0 0.163281 0.945833 0.018229 0.015741
0 0.989323 0.697222 0.021354 0.062963
0 0.520833 0.575463 0.030208 0.054630
0 0.571354 0.201852 0.033333 0.048148
0 0.348438 0.362037 0.042708 0.050000
0 0.448958 0.444907 0.023958 0.030556
0 0.026823 0.675463 0.025521 0.071296
