0 0.276042 0.429167 0.026042 0.065741
0 0.240625 0.493519 0.031250 0.055556
0 0.289583 0.337037 0.031250 0.059259
0 0.255469 0.542130 0.028646 0.052778
0 0.160677 0.568981 0.034896 0.054630
0 0.230208 0.316667 0.034375 0.059259
0 0.384115 0.676389 0.033854 0.047222
0 0.340625 0.592593 0.028125 0.061111
0 0.390104 0.606019 0.026042 0.065741
0 0.336198 0.213889 0.029687 0.059259
0 0.072917 0.290741 0.028125 0.064815
0 0.304167 0.316204 0.034375 0.062037
0 0.284896 0.706481 0.037500 0.038889
0 0.137240 0.623611 0.031771 0.065741
0 0.357812 0.629630 0.033333 0.046296
0 0.173958 0.145370 0.019792 0.066667
0 0.320573 0.491204 0.020313 0.065741
0 0.572917 0.558796 0.032292 0.052778
0 0.102344 0.289352 0.030729 0.063889
0 0.271094 0.583333 0.039062 0.046296
0 0.298177 0.672222 0.036979 0.042593
0 0.194010 0.127315 0.030729 0.058333
0 0.300000 0.578704 0.021875 0.064815
0 0.383073 0.169907 0.031771 0.050926
0 0.172135 0.463889 0.033854 0.061111
0 0.196354 0.569444 0.022917 0.066667
0 0.214844 0.295370 0.031771 0.055556
0 0.137240 0.153241 0.019271 0.073148
0 0.212760 0.499074 0.036979 0.046296
0 0.523177 0.520370 0.022396 0.070370
0 0.167708 0.526389 0.036458 0.060185
0 0.296615 0.456019 0.022396 0.062037
0 0.467708 0.382407 0.021875 0.068519
0 0.210417 0.440741 0.038542 0.038889
0 0.133073 0.242130 0.032813 0.058333
0 0.323437 0.268056 0.019792 0.065741
0 0.348958 0.143981 0.022917 0.067593
0 0.389583 0.057870 0.023958 0.065741
0 0.157031 0.311111 0.039062 0.053704
0 0.118229 0.049074 0.021875 0.072222
0 0.452604 0.225926 0.031250 0.059259
0 0.556510 0.493981 0.023438 0.067593
0 0.289583 0.147685 0.022917 0.065741
0 0.251563 0.085648 0.019792 0.063889
0 0.478646 0.528704 0.020833 0.061111
0 0.233854 0.086111 0.019792 0.057407
0 0.517969 0.285185 0.031771 0.050000
0 0.220573 0.040741 0.019271 0.061111
0 0.151042 0.119444 0.020833 0.072222
0 0.386979 0.243981 0.026042 0.062037
0 0.319792 0.051852 0.026042 0.068519
0 0.607292 0.396296 0.030208 0.051852
0 0.442188 0.770833 0.033333 0.043519
0 0.388802 0.556944 0.035937 0.039815
0 0.319271 0.575463 0.020833 0.069444
0 0.371354 0.082407 0.017708 0.062963
0 0.459635 0.106481 0.029687 0.061111
0 0.423177 0.680556 0.034896 0.038889
0 0.264062 0.211111 0.036458 0.055556
0 0.644792 0.461574 0.032292 0.047222
0 0.449479 0.042593 0.016667 0.064815
0 0.346354 0.445370 0.019792 0.066667
0 0.271094 0.828704 0.038021 0.040741
0 0.397917 0.310185 0.034375 0.050000
0 0.664844 0.503241 0.019271 0.060185
0 0.548177 0.354167 0.028646 0.060185
0 0.158073 0.680093 0.039062 0.036111
0 0.923177 0.602315 0.031771 0.054630
0 0.035417 0.356019 0.023958 0.071296
0 0.087240 0.556019 0.030729 0.067593
0 0.587500 0.784722 0.028125 0.062037
0 0.083333 0.635185 0.025000 0.074074
0 0.299740 0.880556 0.033854 0.059259
0 0.547396 0.243056 0.027083 0.062037
0 0.178646 0.740278 0.042708 0.050926
0 0.415885 0.075000 0.020313 0.068519
0 0.447135 0.569444 0.018229 0.066667
0 0.121094 0.801852 0.042188 0.050000
0 0.470313 0.040741 0.018750 0.066667
0 0.082031 0.227315 0.025521 0.063889
0 0.251563 0.750463 0.037500 0.037963
0 0.547135 0.688889 0.035937 0.037037
0 0.507552 0.352315 0.019271 0.062037
0 0.251042 0.249074 0.038542 0.053704
0 0.526563 0.632407 0.035417 0.044444
0 0.204948 0.202315 0.039062 0.041667
0 0.173958 0.794907 0.041667 0.041667
0 0.410156 0.183796 0.035937 0.047222
0 0.458333 0.631019 0.020833 0.063889
0 0.229167 0.256019 0.037500 0.050926
0 0.781771 0.600463 0.033333 0.054630
0 0.419531 0.613889 0.020313 0.059259
0 0.574479 0.378704 0.034375 0.051852
0 0.282031 0.078241 0.027604 0.056481
0 0.584115 0.263889 0.033854 0.055556
0 0.260417 0.872685 0.039583 0.039815
0 0.231250 0.189352 0.037500 0.045370
0 0.600000 0.574537 0.020833 0.060185
0 0.599219 0.154167 0.023438 0.071296
0 0.666406 0.218519 0.020313 0.066667
0 0.908854 0.483796 0.026042 0.063889
0 0.591146 0.315741 0.036458 0.040741
0 0.769271 0.544907 0.035417 0.039815
0 0.241406 0.028704 0.019271 0.055556
0 0.926823 0.761574 0.034896 0.049074
0 0.533333 0.587500 0.030208 0.056481
0 0.054427 0.586111 0.045312 0.038889
0 0.439063 0.377315 0.022917 0.054630
0 0.038021 0.658796 0.027083 0.069444
0 0.179167 0.388426 0.043750 0.039815
0 0.140625 0.866667 0.039583 0.040741
0 0.704688 0.504630 0.032292 0.050000
0 0.068229 0.418519 0.031250 0.062963
0 0.216146 0.837963 0.025000 0.062963
0 0.388542 0.110185 0.034375 0.051852
0 0.355990 0.806481 0.034896 0.042593
0 0.421354 0.261111 0.034375 0.037037
0 0.477344 0.614815 0.030729 0.048148
0 0.104948 0.493056 0.030729 0.067593
0 0.708073 0.690741 0.031771 0.051852
0 0.678385 0.855093 0.035937 0.049074
0 0.041146 0.519907 0.041667 0.062037
0 0.062760 0.468519 0.029687 0.070370
0 0.109115 0.416204 0.030729 0.067593
0 0.767969 0.494444 0.031771 0.061111
0 0.238802 0.804167 0.035937 0.065741
0 0.984115 0.481481 0.030729 0.053704
0 0.877865 0.563426 0.021354 0.063889
0 0.857812 0.493056 0.025000 0.065741
0 0.148177 0.063889 0.038021 0.053704
0 0.900260 0.438889 0.030729 0.057407
0 0.342448 0.767593 0.019271 0.068519
0 0.736979 0.448611 0.032292 0.043519
0 0.731250 0.497685 0.031250 0.047222
0 0.488542 0.481019 0.035417 0.043519
0 0.758594 0.408796 0.027604 0.056481
0 0.861198 0.589815 0.022396 0.070370
0 0.210938 0.665741 0.033333 0.074074
0 0.399219 0.917130 0.032813 0.050926
0 0.512760 0.062963 0.035937 0.042593
0 0.893750 0.270370 0.031250 0.051852
0 0.579427 0.707407 0.019271 0.066667
0 0.659896 0.356019 0.034375 0.037963
0 0.799219 0.479630 0.021354 0.059259
0 0.672917 0.076852 0.022917 0.064815
0 0.604688 0.085648 0.036458 0.043519
0 0.677344 0.694907 0.023438 0.060185
0 0.634635 0.803704 0.029687 0.062963
0 0.981510 0.444444 0.034896 0.050000
0 0.026562 0.208796 0.041667 0.054630
0 0.252344 0.167130 0.040104 0.036111
0 0.695052 0.632870 0.029687 0.063889
0 0.952344 0.388889 0.033854 0.057407
0 0.853385 0.434259 0.035937 0.035185
0 0.684375 0.125463 0.017708 0.060185
0 0.670052 0.602315 0.016146 0.063889
0 0.244271 0.135185 0.044792 0.040741
0 0.658333 0.029167 0.020833 0.054630
0 0.936719 0.255093 0.026562 0.060185
0 0.202865 0.896296 0.029687 0.068519
0 0.983073 0.203241 0.025521 0.056481
0 0.091146 0.880556 0.034375 0.051852
0 0.722917 0.392593 0.035417 0.055556
0 0.725260 0.196759 0.036979 0.043519
0 0.153385 0.902315 0.036979 0.049074
0 0.479167 0.858333 0.027083 0.066667
0 0.761719 0.337963 0.029687 0.057407
0 0.774219 0.161574 0.021354 0.067593
0 0.858594 0.275463 0.031771 0.058333
0 0.503125 0.890278 0.039583 0.037963
0 0.033073 0.413426 0.045312 0.039815
0 0.566667 0.071759 0.038542 0.039815
0 0.009896 0.326389 0.018750 0.073148
0 0.277344 0.036111 0.036979 0.037037
0 0.375521 0.925926 0.030208 0.055556
0 0.863021 0.347222 0.029167 0.055556
0 0.718490 0.288426 0.028646 0.063889
0 0.941146 0.327315 0.036458 0.060185
0 0.191667 0.052778 0.039583 0.033333
0 0.698958 0.099074 0.016667 0.068519
0 0.186458 0.080093 0.040625 0.045370
0 0.636458 0.245833 0.027083 0.058333
0 0.763802 0.241204 0.026562 0.060185
0 0.016146 0.638426 0.031250 0.036111
0 0.518229 0.844907 0.027083 0.063889
0 0.933333 0.422222 0.026042 0.061111
0 0.975260 0.373148 0.027604 0.062963
0 0.736458 0.300463 0.026042 0.054630
0 0.803906 0.736111 0.030729 0.066667
0 0.320052 0.431944 0.020313 0.052778
0 0.114844 0.201852 0.043229 0.033333
0 0.652083 0.243519 0.020833 0.057407
0 0.333594 0.029630 0.039062 0.050000
0 0.026823 0.133796 0.040104 0.041667
0 0.013281 0.736111 0.025521 0.061111
0 0.139063 0.516667 0.029167 0.051852
0 0.687240 0.905556 0.040104 0.037037
0 0.095312 0.354630 0.042708 0.064815
0 0.349740 0.948148 0.032813 0.053704
0 0.758073 0.765741 0.033854 0.033333
0 0.846875 0.202315 0.036458 0.045370
0 0.153385 0.742130 0.036979 0.050926
0 0.905469 0.882870 0.035937 0.060185
0 0.057031 0.746759 0.045312 0.056481
0 0.058854 0.853704 0.033333 0.075926
0 0.898177 0.156481 0.027604 0.068519
0 0.833333 0.131481 0.026042 0.066667
0 0.136458 0.021296 0.027083 0.040741
0 0.242969 0.923148 0.033854 0.046296
0 0.817187 0.111574 0.028125 0.067593
0 0.790625 0.319444 0.022917 0.062963
0 0.805469 0.359722 0.028646 0.065741
0 0.792188 0.235648 0.021875 0.060185
0 0.814323 0.242593 0.025521 0.066667
0 0.638542 0.872222 0.016667 0.068519
0 0.765365 0.060648 0.033854 0.056481
0 0.824479 0.316667 0.034375 0.046296
0 0.839583 0.364815 0.033333 0.046296
0 0.894792 0.675000 0.040625 0.050000
0 0.015625 0.269907 0.030208 0.037963
0 0.189844 0.345370 0.047396 0.042593
0 0.218750 0.371296 0.033333 0.040741
0 0.797135 0.180093 0.035937 0.047222
0 0.903125 0.610185 0.020833 0.042593
0 0.489583 0.952315 0.020833 0.069444
0 0.768750 0.281019 0.033333 0.050926
0 0.814583 0.058796 0.036458 0.034259
0 0.741927 0.093519 0.036979 0.050000
0 0.573177 0.926852 0.019271 0.064815
0 0.979688 0.082407 0.033333 0.040741
0 0.942187 0.029630 0.037500 0.033333
0 0.075000 0.517593 0.023958 0.055556
0 0.037500 0.877778 0.031250 0.066667
0 0.989583 0.844907 0.020833 0.060185
0 0.682813 0.014815 0.019792 0.027778
0 0.045052 0.903241 0.025521 0.063889
0 0.953385 0.941667 0.029687 0.059259
0 0.048698 0.053704 0.039062 0.051852
0 0.899219 0.063889 0.040104 0.037037
0 0.789844 0.010648 0.032813 0.019444
0 0.973698 0.055093 0.031771 0.039815
0 0.907292 0.046296 0.040625 0.040741
0 0.209115 0.769444 0.038021 0.072222
0 0.565365 0.010185 0.024479 0.018519
0 0.624740 0.977778 0.027604 0.022222
0 0.935937 0.980093 0.040625 0.039815
0 0.517448 0.979630 0.032813 0.038889
0 0.330729 0.976852 0.033333 0.029630
0 0.839063 0.979630 0.037500 0.027778
0 0.465104 0.975926 0.023958 0.040741
0 0.087760 0.427315 0.022396 0.069444
0 0.158333 0.256019 0.034375 0.058333
0 0.194531 0.261111 0.035937 0.044444
0 0.188281 0.227778 0.038021 0.040741
0 0.298438 0.024074 0.020833 0.046296
0 0.024740 0.749537 0.040104 0.058333
0 0.127604 0.962500 0.045833 0.075000
0 0.012760 0.962500 0.024479 0.056481
0 0.317448 0.940741 0.034896 0.048148
0 0.414844 0.228241 0.041146 0.037963
0 0.508073 0.225926 0.034896 0.051852
0 0.495833 0.103241 0.038542 0.041667
0 0.505208 0.141204 0.015625 0.062037
0 0.515104 0.173148 0.017708 0.068519
0 0.539844 0.177778 0.023438 0.059259
0 0.545052 0.147222 0.020313 0.055556
0 0.562500 0.162500 0.016667 0.069444
0 0.579948 0.182870 0.023438 0.065741
0 0.560677 0.107870 0.019271 0.036111
0 0.490104 0.447222 0.035417 0.042593
0 0.515104 0.426389 0.023958 0.058333
0 0.556771 0.425000 0.038542 0.051852
0 0.915885 0.250926 0.025521 0.057407
0 0.743490 0.010648 0.023438 0.019444
0 0.966406 0.151852 0.027604 0.059259
0 0.961458 0.434722 0.017708 0.028704
0 0.985938 0.402778 0.028125 0.050000
0 0.990885 0.631944 0.018229 0.069444
0 0.985156 0.978241 0.025521 0.026852
0 0.382031 0.024074 0.017188 0.046296
0 0.280990 0.535648 0.030729 0.043519
0 0.309375 0.636111 0.015625 0.035185
0 0.449219 0.880093 0.032813 0.045370
0 0.441406 0.982407 0.017188 0.035185
0 0.882552 0.093519 0.025521 0.053704
0 0.920052 0.168519 0.022396 0.070370
0 0.994531 0.727778 0.009896 0.029630
0 0.368229 0.468519 0.014583 0.035185
0 0.546875 0.009259 0.016667 0.016667
