0 0.682552 0.433796 0.028646 0.060185
0 0.175260 0.496759 0.035937 0.056481
0 0.142708 0.162500 0.018750 0.069444
0 0.602344 0.356481 0.026562 0.062963
0 0.588021 0.455556 0.025000 0.059259
0 0.586979 0.281944 0.034375 0.056481
0 0.563281 0.368981 0.034896 0.058333
0 0.398958 0.136111 0.020833 0.062963
0 0.635156 0.244907 0.028646 0.054630
0 0.236198 0.593056 0.033854 0.058333
0 0.574479 0.208796 0.020833 0.071296
0 0.520312 0.130093 0.023958 0.067593
0 0.688281 0.112500 0.024479 0.067593
0 0.764844 0.240741 0.027604 0.059259
0 0.414323 0.666204 0.023438 0.069444
0 0.106510 0.327778 0.025521 0.070370
0 0.163021 0.120370 0.026042 0.074074
0 0.493750 0.787037 0.034375 0.061111
0 0.664323 0.221296 0.022396 0.066667
0 0.250521 0.090741 0.022917 0.062963
0 0.291146 0.332870 0.032292 0.060185
0 0.498958 0.116204 0.021875 0.067593
0 0.333594 0.543981 0.019271 0.058333
0 0.534115 0.637500 0.023438 0.067593
0 0.623177 0.783796 0.029687 0.063889
0 0.567187 0.622685 0.025000 0.060185
0 0.376563 0.329167 0.033333 0.058333
0 0.114844 0.268519 0.026562 0.070370
0 0.191667 0.244444 0.027083 0.074074
0 0.194792 0.140278 0.026042 0.065741
0 0.219271 0.453704 0.033333 0.062963
0 0.280469 0.639815 0.030729 0.061111
0 0.691146 0.363426 0.021875 0.069444
0 0.387500 0.253241 0.029167 0.060185
0 0.133333 0.233796 0.021875 0.067593
0 0.289323 0.461574 0.031771 0.063889
0 0.535417 0.520833 0.026042 0.063889
0 0.732031 0.292593 0.021354 0.061111
0 0.392969 0.753241 0.039062 0.047222
0 0.601302 0.574537 0.023438 0.060185
0 0.213542 0.263889 0.028125 0.070370
0 0.479948 0.714352 0.034896 0.056481
0 0.659896 0.389815 0.025000 0.066667
0 0.183073 0.461574 0.036979 0.047222
0 0.776042 0.163889 0.020833 0.066667
0 0.293490 0.581944 0.026562 0.065741
0 0.615625 0.711111 0.028125 0.059259
0 0.561458 0.167593 0.018750 0.064815
0 0.151042 0.612963 0.036458 0.059259
0 0.566146 0.801389 0.033333 0.054630
0 0.354427 0.711574 0.029687 0.058333
0 0.192188 0.075926 0.033333 0.057407
0 0.641927 0.436111 0.024479 0.064815
0 0.214323 0.537500 0.036979 0.032407
0 0.191927 0.732407 0.024479 0.070370
0 0.423438 0.743981 0.031250 0.060185
0 0.766146 0.471296 0.031250 0.046296
0 0.799219 0.548148 0.022396 0.061111
0 0.411979 0.331944 0.035417 0.049074
0 0.389062 0.061574 0.026042 0.062037
0 0.358594 0.227778 0.024479 0.068519
0 0.258594 0.210185 0.028646 0.064815
0 0.903385 0.424074 0.030729 0.055556
0 0.440885 0.706944 0.024479 0.069444
0 0.571875 0.743519 0.026042 0.064815
0 0.487500 0.519444 0.020833 0.064815
0 0.122135 0.041204 0.025521 0.067593
0 0.735677 0.420370 0.036979 0.035185
0 0.636198 0.617130 0.018229 0.062037
0 0.505990 0.226389 0.018229 0.069444
0 0.378646 0.504630 0.027083 0.062963
0 0.398698 0.833796 0.036979 0.039815
0 0.554948 0.497222 0.023438 0.062963
0 0.033333 0.221296 0.023958 0.066667
0 0.151042 0.786574 0.040625 0.047222
0 0.320833 0.754630 0.040625 0.044444
0 0.152083 0.693056 0.036458 0.060185
0 0.709635 0.585185 0.033854 0.040741
0 0.732031 0.100000 0.028646 0.059259
0 0.746875 0.744444 0.022917 0.061111
0 0.473438 0.035648 0.021875 0.063889
0 0.226042 0.754630 0.035417 0.053704
0 0.582292 0.561574 0.019792 0.063889
0 0.041406 0.413889 0.022396 0.066667
0 0.443229 0.178241 0.034375 0.062037
0 0.229948 0.337037 0.030729 0.062963
0 0.673958 0.283796 0.035417 0.041667
0 0.547135 0.066204 0.030729 0.056481
0 0.586458 0.700463 0.027083 0.065741
0 0.099740 0.570833 0.041146 0.039815
0 0.360677 0.081481 0.020313 0.061111
0 0.255208 0.765278 0.028125 0.063889
0 0.528125 0.248148 0.035417 0.057407
0 0.162500 0.829630 0.039583 0.042593
0 0.325260 0.261111 0.035937 0.055556
0 0.169531 0.553704 0.036979 0.057407
0 0.055469 0.231481 0.023438 0.070370
0 0.224740 0.806481 0.035937 0.042593
0 0.420833 0.261574 0.034375 0.037963
0 0.227604 0.062963 0.034375 0.057407
0 0.448177 0.040741 0.018229 0.062963
0 0.463021 0.631019 0.020833 0.067593
0 0.513281 0.291204 0.020313 0.056481
0 0.454948 0.249537 0.019271 0.062037
0 0.614062 0.887037 0.035417 0.050000
0 0.232292 0.202315 0.021875 0.069444
0 0.260156 0.428241 0.032813 0.049074
0 0.252604 0.268056 0.037500 0.045370
0 0.498698 0.028241 0.026562 0.054630
0 0.122917 0.461574 0.029167 0.065741
0 0.276562 0.893519 0.039583 0.050000
0 0.463281 0.076389 0.017188 0.062037
0 0.317708 0.031481 0.033333 0.061111
0 0.046875 0.505556 0.039583 0.062963
0 0.130990 0.403704 0.022396 0.066667
0 0.794271 0.256481 0.025000 0.066667
0 0.926562 0.602778 0.027083 0.070370
0 0.300260 0.804167 0.027604 0.062037
0 0.229167 0.686111 0.039583 0.033333
0 0.772656 0.379167 0.033854 0.037963
0 0.105208 0.413426 0.032292 0.062037
0 0.647917 0.860185 0.026042 0.064815
0 0.142969 0.031944 0.027604 0.060185
0 0.017708 0.408796 0.029167 0.065741
0 0.162240 0.236111 0.033854 0.050000
0 0.607031 0.826389 0.034896 0.047222
0 0.296875 0.083333 0.033333 0.053704
0 0.689063 0.785648 0.021875 0.063889
0 0.183073 0.593519 0.030729 0.062963
0 0.178385 0.389352 0.043229 0.037963
0 0.723698 0.162500 0.040104 0.039815
0 0.957812 0.768981 0.032292 0.045370
0 0.942708 0.299537 0.033333 0.052778
0 0.253385 0.660185 0.040104 0.035185
0 0.591667 0.759722 0.018750 0.073148
0 0.070833 0.410185 0.036458 0.048148
0 0.162500 0.028241 0.029167 0.054630
0 0.895052 0.763426 0.026562 0.065741
0 0.884375 0.677315 0.034375 0.058333
0 0.110156 0.065741 0.032813 0.066667
0 0.046875 0.146296 0.028125 0.068519
0 0.261198 0.718056 0.039062 0.037963
0 0.280208 0.763889 0.019792 0.068519
0 0.320573 0.164815 0.040104 0.042593
0 0.101562 0.493056 0.031250 0.062037
0 0.721354 0.201852 0.038542 0.037037
0 0.248958 0.351852 0.035417 0.070370
0 0.673698 0.602778 0.018229 0.064815
0 0.267708 0.817593 0.036458 0.042593
0 0.870833 0.289815 0.029167 0.057407
0 0.083073 0.637500 0.024479 0.075000
0 0.026823 0.571296 0.032813 0.046296
0 0.856771 0.882870 0.025000 0.063889
0 0.073698 0.317130 0.041146 0.039815
0 0.978906 0.659259 0.030729 0.064815
0 0.913281 0.824537 0.031771 0.060185
0 0.542708 0.847685 0.019792 0.069444
0 0.546615 0.025000 0.030729 0.048148
0 0.757552 0.661574 0.022396 0.069444
0 0.900521 0.310185 0.036458 0.055556
0 0.421615 0.118981 0.025521 0.049074
0 0.155729 0.734259 0.043750 0.037037
0 0.955208 0.415278 0.026042 0.067593
0 0.704427 0.029167 0.029687 0.054630
0 0.314323 0.818056 0.024479 0.067593
0 0.902604 0.850926 0.030208 0.059259
0 0.892448 0.362037 0.030729 0.064815
0 0.922656 0.696759 0.036979 0.034259
0 0.101823 0.127315 0.028646 0.076852
0 0.038802 0.660185 0.025521 0.072222
0 0.856771 0.555093 0.029167 0.062037
0 0.138021 0.515278 0.031250 0.050926
0 0.959635 0.605093 0.040104 0.039815
0 0.088021 0.361111 0.030208 0.050000
0 0.840885 0.322685 0.022396 0.065741
0 0.866406 0.351389 0.031771 0.056481
0 0.336979 0.820833 0.019792 0.071296
0 0.040885 0.762037 0.044271 0.062963
0 0.640365 0.047222 0.030729 0.042593
0 0.078906 0.211111 0.028646 0.059259
0 0.903125 0.485648 0.040625 0.043519
0 0.827344 0.260185 0.036979 0.053704
0 0.084375 0.255556 0.022917 0.064815
0 0.840625 0.174537 0.039583 0.052778
0 0.976302 0.478704 0.036979 0.040741
0 0.877604 0.837500 0.023958 0.065741
0 0.935937 0.251852 0.027083 0.051852
0 0.860677 0.775463 0.036979 0.034259
0 0.008594 0.320370 0.016146 0.068519
0 0.854688 0.146759 0.037500 0.034259
0 0.935156 0.210185 0.038021 0.044444
0 0.985677 0.323148 0.028646 0.042593
0 0.894792 0.109722 0.039583 0.056481
0 0.046875 0.809722 0.043750 0.043519
0 0.080469 0.103241 0.033854 0.045370
0 0.988021 0.425926 0.022917 0.061111
0 0.931510 0.153241 0.039062 0.039815
0 0.087760 0.466667 0.025521 0.062963
0 0.858073 0.494907 0.036979 0.063889
0 0.982031 0.840278 0.032813 0.058333
0 0.279687 0.019907 0.044792 0.037963
0 0.459375 0.842593 0.020833 0.057407
0 0.047917 0.862500 0.036458 0.060185
0 0.952865 0.060185 0.038021 0.048148
0 0.877604 0.631944 0.033333 0.043519
0 0.225521 0.924074 0.021875 0.068519
0 0.821615 0.057407 0.038021 0.037037
0 0.014583 0.057407 0.027083 0.064815
0 0.011719 0.375463 0.022396 0.054630
0 0.979427 0.097685 0.038021 0.052778
0 0.050260 0.055556 0.039062 0.051852
0 0.009896 0.168981 0.018750 0.063889
0 0.771875 0.930093 0.030208 0.045370
0 0.508333 0.916667 0.020833 0.061111
0 0.075260 0.515278 0.022396 0.049074
0 0.012500 0.876852 0.023958 0.062963
0 0.905729 0.053704 0.037500 0.048148
0 0.066927 0.872222 0.031771 0.055556
0 0.660677 0.027315 0.023438 0.052778
0 0.902604 0.608796 0.019792 0.039815
0 0.957292 0.926852 0.031250 0.053704
0 0.919271 0.025926 0.037500 0.040741
0 0.985417 0.516667 0.019792 0.046296
0 0.284896 0.933333 0.035417 0.051852
0 0.969792 0.148148 0.028125 0.046296
0 0.802604 0.917130 0.029167 0.047222
0 0.555990 0.939815 0.023438 0.059259
0 0.983073 0.933333 0.027604 0.053704
0 0.453646 0.892130 0.026042 0.060185
0 0.672917 0.937963 0.033333 0.048148
0 0.232813 0.980556 0.035417 0.029630
0 0.426302 0.944907 0.033854 0.080556
0 0.314063 0.978704 0.037500 0.027778
0 0.075781 0.754167 0.020313 0.030556
0 0.486198 0.956019 0.026562 0.067593
0 0.363802 0.967593 0.031771 0.051852
0 0.320312 0.433796 0.020833 0.058333
0 0.342969 0.446296 0.026562 0.075926
0 0.372917 0.454630 0.040625 0.044444
0 0.365885 0.423148 0.040104 0.048148
0 0.388542 0.403241 0.032292 0.065741
0 0.417969 0.380093 0.036979 0.041667
0 0.408073 0.448611 0.029687 0.060185
0 0.404687 0.504167 0.036458 0.047222
0 0.442708 0.502315 0.030208 0.052778
0 0.463542 0.558333 0.034375 0.046296
0 0.430729 0.588889 0.030208 0.066667
0 0.447135 0.623611 0.022396 0.076852
0 0.326302 0.624074 0.030729 0.057407
0 0.330469 0.690278 0.033854 0.075000
0 0.363802 0.636111 0.045312 0.044444
0 0.360417 0.595370 0.045833 0.046296
0 0.375781 0.666204 0.039062 0.047222
0 0.510417 0.570833 0.035417 0.041667
0 0.530990 0.592130 0.035937 0.045370
0 0.503906 0.491667 0.023438 0.042593
0 0.462500 0.386574 0.038542 0.036111
0 0.543490 0.426389 0.038021 0.058333
0 0.498698 0.392593 0.022396 0.066667
0 0.462500 0.468519 0.030208 0.040741
0 0.469792 0.423148 0.034375 0.051852
0 0.495573 0.454630 0.034896 0.055556
0 0.397135 0.210648 0.029687 0.076852
0 0.367969 0.174074 0.038021 0.031481
0 0.280729 0.177315 0.017708 0.082407
0 0.287500 0.122685 0.034375 0.062037
0 0.258594 0.142593 0.017188 0.087037
0 0.219792 0.134722 0.023958 0.063889
0 0.147656 0.968056 0.041146 0.054630
0 0.113021 0.974074 0.038542 0.050000
0 0.044271 0.942593 0.038542 0.053704
0 0.741927 0.006944 0.019271 0.012037
0 0.886458 0.961574 0.037500 0.062037
0 0.643750 0.980556 0.016667 0.025926
0 0.505729 0.636574 0.071875 0.050926
0 0.220833 0.571759 0.023958 0.030556
0 0.990365 0.562963 0.019271 0.038889
0 0.990625 0.368981 0.018750 0.056481
0 0.973958 0.281019 0.027083 0.076852
0 0.941146 0.303241 0.035417 0.065741
0 0.883073 0.566667 0.032813 0.042593
0 0.992448 0.262500 0.015104 0.030556
0 0.377865 0.025000 0.018229 0.048148
0 0.345313 0.052315 0.026042 0.060185
0 0.324479 0.008796 0.026042 0.015741
0 0.537500 0.147222 0.021875 0.079630
0 0.561458 0.103704 0.028125 0.057407
0 0.007552 0.978704 0.014063 0.027778
0 0.257292 0.327778 0.027083 0.053704
0 0.168229 0.346296 0.017708 0.050000
0 0.192708 0.346759 0.040625 0.041667
0 0.218750 0.375926 0.034375 0.046296
0 0.008333 0.231481 0.015625 0.025926
