0 0.445833 0.374537 0.029167 0.058333
0 0.551302 0.501852 0.032813 0.050000
0 0.429167 0.310648 0.034375 0.056481
0 0.388281 0.457407 0.026562 0.061111
0 0.739323 0.699537 0.030729 0.050926
0 0.746875 0.443519 0.033333 0.053704
0 0.660417 0.484722 0.033333 0.052778
0 0.539323 0.635648 0.029687 0.058333
0 0.391927 0.256481 0.027604 0.064815
0 0.314844 0.412500 0.028646 0.062037
0 0.564323 0.267130 0.033854 0.052778
0 0.734375 0.501852 0.033333 0.040741
0 0.419271 0.236574 0.021875 0.067593
0 0.495312 0.587037 0.023958 0.061111
0 0.401302 0.194907 0.022396 0.067593
0 0.518750 0.437037 0.022917 0.062963
0 0.475521 0.282407 0.022917 0.064815
0 0.528385 0.120833 0.025521 0.065741
0 0.870833 0.562963 0.023958 0.061111
0 0.821094 0.430556 0.033854 0.050000
0 0.327083 0.349074 0.029167 0.061111
0 0.509375 0.328241 0.036458 0.049074
0 0.938802 0.530093 0.020313 0.069444
0 0.591146 0.504167 0.021875 0.067593
0 0.420052 0.143056 0.026562 0.069444
0 0.807292 0.496759 0.030208 0.050926
0 0.364844 0.493981 0.022396 0.067593
0 0.778385 0.334722 0.034896 0.047222
0 0.754948 0.606019 0.029687 0.058333
0 0.255469 0.649537 0.023438 0.069444
0 0.834115 0.612500 0.024479 0.054630
0 0.436458 0.437963 0.018750 0.064815
0 0.882552 0.535185 0.023438 0.059259
0 0.370833 0.345833 0.033333 0.050926
0 0.538802 0.698148 0.032813 0.046296
0 0.632292 0.181944 0.020833 0.067593
0 0.537760 0.358333 0.019271 0.064815
0 0.402083 0.800926 0.027083 0.059259
0 0.717448 0.067130 0.020313 0.062037
0 0.911979 0.522222 0.031250 0.053704
0 0.786979 0.261111 0.030208 0.059259
0 0.466667 0.653241 0.032292 0.052778
0 0.439063 0.601852 0.036458 0.042593
0 0.624219 0.529167 0.019271 0.065741
0 0.240104 0.621759 0.027083 0.063889
0 0.650000 0.744907 0.023958 0.058333
0 0.735677 0.341667 0.038021 0.038889
0 0.548177 0.103704 0.022396 0.061111
0 0.794792 0.787500 0.031250 0.047222
0 0.940625 0.402778 0.027083 0.064815
0 0.696875 0.463426 0.036458 0.041667
0 0.752604 0.059259 0.027083 0.061111
0 0.908854 0.205093 0.025000 0.062037
0 0.448177 0.537500 0.036979 0.043519
0 0.407552 0.688426 0.028646 0.063889
0 0.661979 0.219444 0.031250 0.046296
0 0.874740 0.624074 0.022396 0.055556
0 0.218490 0.537963 0.031771 0.059259
0 0.397396 0.576389 0.037500 0.052778
0 0.327604 0.115278 0.028125 0.065741
0 0.964583 0.431019 0.028125 0.054630
0 0.557292 0.798611 0.032292 0.054630
0 0.855729 0.676852 0.029167 0.053704
0 0.625260 0.684722 0.022396 0.063889
0 0.189844 0.424537 0.028646 0.060185
0 0.562760 0.197685 0.028646 0.052778
0 0.404427 0.630556 0.033854 0.051852
0 0.928906 0.163426 0.020313 0.060185
0 0.283594 0.714352 0.033854 0.058333
0 0.914323 0.393056 0.027604 0.062037
0 0.587500 0.623611 0.020833 0.065741
0 0.700000 0.285648 0.036458 0.056481
0 0.218229 0.379167 0.034375 0.052778
0 0.914323 0.321296 0.022396 0.066667
0 0.601823 0.068981 0.018229 0.065741
0 0.230990 0.119444 0.026562 0.070370
0 0.304948 0.521759 0.029687 0.063889
0 0.853646 0.501852 0.020833 0.062963
0 0.819531 0.143056 0.022396 0.065741
0 0.331510 0.606944 0.035937 0.043519
0 0.469792 0.087500 0.033333 0.056481
0 0.428385 0.664352 0.034896 0.049074
0 0.792188 0.048148 0.025000 0.061111
0 0.852865 0.796759 0.034896 0.043519
0 0.094792 0.450926 0.028125 0.064815
0 0.274479 0.531944 0.025000 0.060185
0 0.356771 0.266204 0.036458 0.043519
0 0.458594 0.198611 0.038021 0.043519
0 0.885938 0.705093 0.022917 0.067593
0 0.877604 0.083796 0.023958 0.060185
0 0.367448 0.630093 0.035937 0.036111
0 0.936719 0.256944 0.034896 0.036111
0 0.645573 0.684259 0.031771 0.059259
0 0.471875 0.561574 0.018750 0.065741
0 0.495052 0.057870 0.030729 0.054630
0 0.776042 0.633333 0.020833 0.070370
0 0.859635 0.340278 0.034896 0.039815
0 0.202344 0.184259 0.039062 0.055556
0 0.411719 0.425926 0.019271 0.072222
0 0.162760 0.550463 0.040104 0.041667
0 0.812240 0.681944 0.035937 0.036111
0 0.132292 0.399074 0.036458 0.042593
0 0.892708 0.832407 0.031250 0.040741
0 0.450781 0.698148 0.019271 0.068519
0 0.834115 0.287037 0.038021 0.040741
0 0.785937 0.530093 0.020833 0.067593
0 0.563281 0.743981 0.034896 0.043519
0 0.736979 0.036574 0.021875 0.058333
0 0.907813 0.116204 0.023958 0.069444
0 0.967969 0.186574 0.027604 0.063889
0 0.629167 0.762963 0.019792 0.068519
0 0.875781 0.300926 0.021354 0.064815
0 0.964583 0.335648 0.022917 0.060185
0 0.945052 0.707870 0.020313 0.065741
0 0.535417 0.196759 0.034375 0.041667
0 0.414844 0.539352 0.035937 0.043519
0 0.313021 0.203241 0.027083 0.080556
0 0.663021 0.821759 0.032292 0.036111
0 0.431250 0.095833 0.017708 0.063889
0 0.438542 0.493981 0.037500 0.045370
0 0.908594 0.633796 0.036979 0.039815
0 0.838281 0.089815 0.036979 0.042593
0 0.369271 0.206944 0.035417 0.041667
0 0.156250 0.775926 0.026042 0.064815
0 0.336979 0.749074 0.020833 0.070370
0 0.842969 0.187500 0.039062 0.043519
0 0.986719 0.308796 0.026562 0.050926
0 0.214583 0.746759 0.041667 0.039815
0 0.189323 0.700463 0.038021 0.050926
0 0.942187 0.815741 0.034375 0.053704
0 0.680729 0.741204 0.034375 0.034259
0 0.789844 0.128241 0.038021 0.039815
0 0.395833 0.146296 0.034375 0.051852
0 0.340365 0.232407 0.034896 0.050000
0 0.984115 0.481481 0.029687 0.046296
0 0.380469 0.697222 0.035937 0.038889
0 0.139844 0.495370 0.040104 0.050000
0 0.216927 0.471296 0.028646 0.061111
0 0.167708 0.387963 0.037500 0.040741
0 0.355990 0.708333 0.034896 0.040741
0 0.864062 0.889352 0.038542 0.037963
0 0.065104 0.439815 0.036458 0.048148
0 0.307292 0.754630 0.035417 0.053704
0 0.646354 0.061111 0.030208 0.042593
0 0.259115 0.220370 0.025521 0.070370
0 0.723437 0.785648 0.023958 0.071296
0 0.322656 0.513426 0.019271 0.065741
0 0.855208 0.752315 0.037500 0.034259
0 0.242969 0.479630 0.036979 0.053704
0 0.474219 0.402778 0.020313 0.059259
0 0.146615 0.318981 0.042188 0.045370
0 0.816927 0.881019 0.024479 0.062037
0 0.284896 0.122685 0.032292 0.056481
0 0.970573 0.384722 0.032813 0.039815
0 0.400000 0.078241 0.035417 0.047222
0 0.332813 0.298148 0.036458 0.038889
0 0.834115 0.055093 0.035937 0.034259
0 0.752344 0.764815 0.023438 0.059259
0 0.837240 0.723611 0.021354 0.063889
0 0.272135 0.485185 0.035937 0.048148
0 0.184375 0.516667 0.027083 0.059259
0 0.273177 0.648148 0.024479 0.053704
0 0.208073 0.123611 0.035937 0.067593
0 0.120573 0.670370 0.035937 0.059259
0 0.879687 0.132870 0.037500 0.047222
0 0.482552 0.894444 0.029687 0.051852
0 0.881510 0.177315 0.039062 0.039815
0 0.103125 0.384722 0.040625 0.041667
0 0.327344 0.676852 0.033854 0.070370
0 0.986979 0.599537 0.026042 0.062037
0 0.719010 0.562963 0.039062 0.059259
0 0.250521 0.365741 0.039583 0.040741
0 0.191667 0.862037 0.034375 0.050000
0 0.971354 0.731944 0.041667 0.041667
0 0.981510 0.806481 0.027604 0.062963
0 0.321094 0.878241 0.039062 0.039815
0 0.064323 0.399074 0.039062 0.048148
0 0.016146 0.558796 0.031250 0.065741
0 0.086719 0.705093 0.026562 0.069444
0 0.085156 0.523611 0.044271 0.041667
0 0.195833 0.369444 0.033333 0.070370
0 0.413281 0.885185 0.038021 0.046296
0 0.042448 0.814815 0.041146 0.055556
0 0.033854 0.772222 0.045833 0.038889
0 0.900260 0.912500 0.030729 0.058333
0 0.672656 0.103704 0.022396 0.046296
0 0.849479 0.020833 0.037500 0.032407
0 0.379688 0.121759 0.037500 0.047222
0 0.051302 0.704630 0.046354 0.061111
0 0.988542 0.145833 0.018750 0.065741
0 0.149219 0.688889 0.033854 0.046296
0 0.063802 0.218056 0.036979 0.065741
0 0.182031 0.895370 0.038021 0.050000
0 0.364323 0.022685 0.039062 0.043519
0 0.153125 0.121296 0.050000 0.048148
0 0.450521 0.930556 0.023958 0.053704
0 0.450781 0.890741 0.036979 0.038889
0 0.706250 0.887037 0.033333 0.064815
0 0.986198 0.362037 0.027604 0.033333
0 0.959635 0.842593 0.033854 0.046296
0 0.327865 0.921759 0.027604 0.058333
0 0.399479 0.921296 0.031250 0.061111
0 0.233073 0.825926 0.031771 0.053704
0 0.100260 0.061111 0.035937 0.055556
0 0.024219 0.306481 0.033854 0.072222
0 0.042188 0.228241 0.040625 0.071296
0 0.155729 0.039352 0.038542 0.054630
0 0.385937 0.556019 0.018750 0.052778
0 0.010677 0.379630 0.020313 0.033333
0 0.124479 0.030093 0.029167 0.058333
0 0.658333 0.922222 0.028125 0.066667
0 0.938542 0.018519 0.032292 0.035185
0 0.985677 0.019907 0.027604 0.032407
0 0.022656 0.922222 0.028646 0.061111
0 0.808854 0.013889 0.020833 0.025926
0 0.945052 0.956481 0.023438 0.059259
0 0.524219 0.930093 0.033854 0.071296
0 0.084896 0.860185 0.022917 0.064815
0 0.532813 0.889352 0.031250 0.049074
0 0.494010 0.963889 0.027604 0.068519
0 0.345573 0.442593 0.017188 0.038889
0 0.925000 0.874074 0.026042 0.037037
0 0.707812 0.946296 0.030208 0.059259
0 0.391927 0.968981 0.038021 0.041667
0 0.951302 0.894907 0.029687 0.032407
0 0.796094 0.950000 0.040104 0.050000
0 0.914323 0.961574 0.035937 0.069444
0 0.733073 0.965741 0.041146 0.053704
0 0.978906 0.243056 0.016146 0.026852
0 0.863542 0.968519 0.039583 0.046296
0 0.234896 0.953704 0.040625 0.064815
0 0.592969 0.363426 0.040104 0.060185
0 0.661719 0.400926 0.027604 0.075926
0 0.620573 0.280093 0.044271 0.060185
0 0.573958 0.131944 0.031250 0.069444
0 0.014583 0.876852 0.028125 0.055556
0 0.024219 0.974537 0.035937 0.039815
0 0.213542 0.970833 0.040625 0.049074
0 0.630469 0.972685 0.022396 0.054630
0 0.989062 0.970833 0.020833 0.028704
0 0.995573 0.869907 0.007812 0.045370
0 0.625000 0.428241 0.026042 0.056481
0 0.604948 0.385648 0.025521 0.065741
0 0.641927 0.417130 0.017188 0.076852
0 0.614844 0.600000 0.029687 0.061111
0 0.526563 0.254630 0.030208 0.072222
0 0.509635 0.164815 0.022396 0.064815
0 0.679688 0.681019 0.033333 0.043519
0 0.685156 0.613889 0.038021 0.050000
0 0.720313 0.664815 0.030208 0.033333
0 0.723958 0.612500 0.026042 0.058333
0 0.690365 0.357407 0.026562 0.066667
0 0.636979 0.309722 0.038542 0.039815
0 0.661198 0.287500 0.039062 0.039815
0 0.662500 0.341204 0.027083 0.065741
0 0.365885 0.167593 0.029687 0.053704
0 0.249219 0.520370 0.019271 0.037037
0 0.919010 0.605556 0.018229 0.066667
0 0.838802 0.546759 0.017188 0.063889
0 0.620052 0.092593 0.022396 0.057407
0 0.639844 0.119907 0.019271 0.062037
0 0.655729 0.171296 0.025000 0.062963
0 0.716927 0.163426 0.028646 0.065741
0 0.728125 0.206944 0.031250 0.050926
0 0.738542 0.252315 0.023958 0.065741
0 0.749479 0.264815 0.017708 0.031481
0 0.760156 0.013426 0.017188 0.025000
0 0.837760 0.368519 0.038021 0.037037
0 0.883594 0.362037 0.018229 0.061111
0 0.901823 0.362963 0.017188 0.061111
0 0.003906 0.621296 0.006771 0.035185
