0 0.380208 0.260648 0.023958 0.063889
0 0.395052 0.457870 0.033854 0.052778
0 0.409635 0.731944 0.027604 0.062037
0 0.684375 0.494444 0.027083 0.051852
0 0.203385 0.496296 0.032813 0.053704
0 0.269271 0.549537 0.032292 0.052778
0 0.132031 0.506019 0.032813 0.056481
0 0.192188 0.304630 0.022917 0.061111
0 0.610156 0.508333 0.034896 0.053704
0 0.267188 0.287963 0.029167 0.062963
0 0.659896 0.483796 0.025000 0.062037
0 0.400521 0.688889 0.029167 0.051852
0 0.450260 0.678241 0.024479 0.058333
0 0.210156 0.280093 0.023438 0.065741
0 0.315365 0.463889 0.024479 0.064815
0 0.703385 0.411111 0.024479 0.066667
0 0.179167 0.570833 0.028125 0.063889
0 0.191927 0.416667 0.030729 0.048148
0 0.429427 0.187963 0.028646 0.057407
0 0.153125 0.689815 0.033333 0.059259
0 0.606771 0.420833 0.029167 0.067593
0 0.528646 0.112963 0.020833 0.062963
0 0.339583 0.674074 0.020833 0.064815
0 0.502083 0.083796 0.026042 0.065741
0 0.798438 0.570370 0.025000 0.062963
0 0.648698 0.245833 0.022396 0.063889
0 0.475781 0.430093 0.038021 0.050926
0 0.264583 0.478241 0.022917 0.062037
0 0.391667 0.640278 0.020833 0.062037
0 0.815104 0.633333 0.019792 0.062963
0 0.234115 0.500926 0.034896 0.051852
0 0.484635 0.633333 0.029687 0.053704
0 0.857552 0.258796 0.025521 0.063889
0 0.587240 0.187963 0.029687 0.055556
0 0.409375 0.545833 0.036458 0.062037
0 0.919271 0.635648 0.026042 0.060185
0 0.541406 0.271296 0.032813 0.046296
0 0.437240 0.050000 0.028646 0.059259
0 0.363281 0.634722 0.020313 0.067593
0 0.826562 0.491667 0.023958 0.072222
0 0.623177 0.800926 0.028646 0.064815
0 0.500521 0.681944 0.027083 0.069444
0 0.733073 0.432870 0.020313 0.069444
0 0.644271 0.821759 0.032292 0.047222
0 0.674479 0.377778 0.025000 0.064815
0 0.493750 0.780093 0.032292 0.058333
0 0.891406 0.492130 0.026562 0.063889
0 0.223438 0.355556 0.034375 0.051852
0 0.296615 0.097222 0.021354 0.064815
0 0.642448 0.306944 0.022396 0.062037
0 0.486979 0.275926 0.017708 0.066667
0 0.375781 0.591204 0.032813 0.049074
0 0.695312 0.262963 0.023958 0.062963
0 0.908333 0.475000 0.022917 0.072222
0 0.726302 0.671759 0.031771 0.041667
0 0.773698 0.507407 0.033854 0.062963
0 0.518750 0.746296 0.028125 0.061111
0 0.169271 0.314815 0.031250 0.050000
0 0.657813 0.069907 0.027083 0.060185
0 0.696875 0.706019 0.023958 0.056481
0 0.663802 0.430556 0.033854 0.042593
0 0.870833 0.361574 0.027083 0.056481
0 0.252083 0.735185 0.039583 0.040741
0 0.737500 0.251389 0.020833 0.063889
0 0.380469 0.407407 0.038021 0.038889
0 0.665365 0.268056 0.019271 0.067593
0 0.304167 0.198148 0.034375 0.042593
0 0.356510 0.491204 0.022396 0.063889
0 0.777083 0.682870 0.023958 0.060185
0 0.588021 0.612037 0.032292 0.042593
0 0.325781 0.550000 0.030729 0.057407
0 0.538281 0.334722 0.032813 0.047222
0 0.701042 0.606944 0.019792 0.069444
0 0.702083 0.338889 0.030208 0.059259
0 0.811458 0.531944 0.031250 0.049074
0 0.606510 0.587963 0.038021 0.057407
0 0.643229 0.124074 0.019792 0.059259
0 0.690625 0.656481 0.033333 0.033333
0 0.222396 0.656481 0.021875 0.064815
0 0.240885 0.432407 0.020313 0.062963
0 0.079427 0.409722 0.030729 0.062037
0 0.323177 0.097222 0.030729 0.055556
0 0.608073 0.070833 0.023438 0.058333
0 0.404427 0.794907 0.022396 0.063889
0 0.300521 0.521296 0.036458 0.048148
0 0.766667 0.308333 0.019792 0.068519
0 0.247135 0.365741 0.035937 0.042593
0 0.773698 0.159722 0.027604 0.062037
0 0.419792 0.422685 0.039583 0.034259
0 0.719010 0.440741 0.019271 0.068519
0 0.668750 0.144444 0.017708 0.064815
0 0.875521 0.507870 0.025000 0.062037
0 0.649740 0.862037 0.022396 0.057407
0 0.782031 0.231944 0.022396 0.063889
0 0.662240 0.324074 0.035937 0.048148
0 0.448437 0.100000 0.020833 0.062963
0 0.725000 0.622222 0.027083 0.053704
0 0.390885 0.197685 0.029687 0.052778
0 0.437760 0.760185 0.033854 0.044444
0 0.478906 0.214815 0.034896 0.035185
0 0.426563 0.387037 0.038542 0.037037
0 0.749219 0.678241 0.019271 0.062037
0 0.292708 0.736574 0.027083 0.047222
0 0.252344 0.688889 0.034896 0.046296
0 0.532813 0.631944 0.034375 0.045370
0 0.905990 0.835648 0.033854 0.052778
0 0.734635 0.537963 0.023438 0.070370
0 0.217188 0.761574 0.030208 0.060185
0 0.282813 0.454167 0.034375 0.060185
0 0.634635 0.076852 0.027604 0.059259
0 0.870052 0.707407 0.020313 0.068519
0 0.327083 0.139352 0.035417 0.049074
0 0.176042 0.873148 0.036458 0.042593
0 0.198437 0.800000 0.034375 0.057407
0 0.404427 0.050000 0.034896 0.050000
0 0.503125 0.889352 0.023958 0.052778
0 0.918229 0.568981 0.020833 0.067593
0 0.494271 0.536111 0.025000 0.064815
0 0.937240 0.406019 0.029687 0.060185
0 0.269792 0.233333 0.038542 0.040741
0 0.047135 0.557407 0.036979 0.042593
0 0.963281 0.422222 0.021354 0.066667
0 0.918229 0.340741 0.035417 0.042593
0 0.244271 0.647222 0.034375 0.066667
0 0.346615 0.225000 0.035937 0.038889
0 0.452083 0.895370 0.032292 0.044444
0 0.280990 0.389815 0.032813 0.059259
0 0.308594 0.594907 0.039062 0.036111
0 0.337500 0.477778 0.018750 0.062963
0 0.085677 0.587037 0.031771 0.061111
0 0.800521 0.091667 0.025000 0.064815
0 0.519271 0.167593 0.033333 0.046296
0 0.497656 0.840741 0.030729 0.042593
0 0.714063 0.243981 0.031250 0.058333
0 0.964063 0.815741 0.034375 0.055556
0 0.607552 0.170833 0.034896 0.037963
0 0.245833 0.853704 0.036458 0.038889
0 0.100521 0.465278 0.023958 0.069444
0 0.235156 0.893519 0.031771 0.050000
0 0.803906 0.763426 0.033854 0.045370
0 0.410417 0.239815 0.036458 0.048148
0 0.474219 0.064815 0.020313 0.072222
0 0.707812 0.290741 0.017708 0.059259
0 0.840885 0.753241 0.032813 0.032407
0 0.205990 0.898148 0.031771 0.051852
0 0.263281 0.816204 0.032813 0.045370
0 0.796094 0.717593 0.035937 0.040741
0 0.561198 0.475926 0.018229 0.062963
0 0.817708 0.872222 0.022917 0.061111
0 0.251302 0.200463 0.034896 0.052778
0 0.441927 0.241204 0.031771 0.047222
0 0.768750 0.603241 0.033333 0.032407
0 0.133333 0.368056 0.028125 0.071296
0 0.428646 0.813889 0.031250 0.059259
0 0.755208 0.750000 0.019792 0.064815
0 0.835938 0.872685 0.029167 0.050926
0 0.087240 0.243056 0.039062 0.043519
0 0.769531 0.818981 0.034896 0.052778
0 0.015625 0.599074 0.030208 0.057407
0 0.910937 0.176389 0.020833 0.069444
0 0.898698 0.299537 0.032813 0.062037
0 0.115885 0.707870 0.043229 0.047222
0 0.457292 0.825463 0.035417 0.041667
0 0.536198 0.059722 0.035937 0.039815
0 0.338802 0.191667 0.033854 0.042593
0 0.600521 0.127778 0.036458 0.042593
0 0.945052 0.762037 0.032813 0.042593
0 0.251823 0.140741 0.038021 0.038889
0 0.948438 0.522222 0.036458 0.057407
0 0.056771 0.708333 0.031250 0.066667
0 0.115885 0.806481 0.040104 0.044444
0 0.628125 0.897222 0.035417 0.051852
0 0.952865 0.701389 0.034896 0.037963
0 0.542448 0.875926 0.021354 0.070370
0 0.888802 0.408796 0.032813 0.045370
0 0.459375 0.854630 0.036458 0.033333
0 0.875260 0.306481 0.022396 0.053704
0 0.704427 0.160648 0.039062 0.050926
0 0.249740 0.784722 0.032813 0.060185
0 0.580208 0.086111 0.033333 0.042593
0 0.787760 0.774537 0.038021 0.043519
0 0.757552 0.202778 0.034896 0.042593
0 0.138021 0.581481 0.039583 0.055556
0 0.464062 0.266204 0.019792 0.047222
0 0.759635 0.868981 0.034896 0.032407
0 0.552083 0.679630 0.025000 0.072222
0 0.338281 0.276389 0.025521 0.071296
0 0.745313 0.582870 0.035417 0.041667
0 0.141406 0.131944 0.038021 0.047222
0 0.692708 0.875000 0.018750 0.066667
0 0.938542 0.727778 0.036458 0.037037
0 0.577865 0.321759 0.034896 0.036111
0 0.965625 0.875926 0.036458 0.040741
0 0.836719 0.065741 0.029687 0.048148
0 0.235677 0.062037 0.040104 0.053704
0 0.862500 0.029167 0.022917 0.056481
0 0.759635 0.905556 0.039062 0.033333
0 0.721875 0.025000 0.016667 0.048148
0 0.908333 0.882870 0.030208 0.054630
0 0.961979 0.940278 0.034375 0.050926
0 0.890365 0.910185 0.020313 0.059259
0 0.855729 0.094444 0.038542 0.035185
0 0.579948 0.755093 0.024479 0.052778
0 0.819531 0.132407 0.024479 0.051852
0 0.795573 0.845370 0.026562 0.050000
0 0.681771 0.208333 0.033333 0.040741
0 0.572656 0.016204 0.031771 0.030556
0 0.588281 0.706481 0.036979 0.072222
0 0.933854 0.912500 0.022917 0.063889
0 0.591667 0.867130 0.031250 0.067593
0 0.174219 0.015741 0.033854 0.029630
0 0.039844 0.850926 0.027604 0.072222
0 0.789844 0.923148 0.024479 0.050000
0 0.646354 0.940741 0.033333 0.051852
0 0.970313 0.173611 0.029167 0.045370
0 0.284115 0.014815 0.025521 0.027778
0 0.035937 0.276852 0.026042 0.079630
0 0.834115 0.932870 0.029687 0.049074
0 0.595052 0.942593 0.027604 0.059259
0 0.221875 0.076852 0.026042 0.048148
0 0.008594 0.244444 0.016146 0.051852
0 0.490365 0.012500 0.024479 0.023148
0 0.996094 0.325926 0.007812 0.062963
0 0.225781 0.016667 0.035937 0.031481
0 0.527083 0.374074 0.018750 0.042593
0 0.759375 0.259259 0.026042 0.029630
0 0.714063 0.932870 0.033333 0.047222
0 0.939063 0.962963 0.028125 0.051852
0 0.791667 0.879630 0.036458 0.038889
0 0.431510 0.012500 0.022396 0.023148
0 0.203646 0.056944 0.029167 0.086111
0 0.754948 0.949537 0.032813 0.056481
0 0.612240 0.914352 0.032813 0.062037
0 0.040885 0.209722 0.023438 0.039815
0 0.567969 0.382870 0.015104 0.026852
0 0.760938 0.012037 0.015625 0.022222
0 0.339583 0.975000 0.029167 0.029630
0 0.410417 0.945833 0.027083 0.065741
0 0.508594 0.974074 0.036979 0.044444
0 0.594531 0.977315 0.035937 0.041667
0 0.235677 0.961574 0.040104 0.054630
0 0.859375 0.156944 0.014583 0.026852
0 0.994792 0.435648 0.010417 0.052778
0 0.267448 0.975926 0.024479 0.037037
0 0.680469 0.954167 0.041146 0.050926
0 0.460417 0.965278 0.046875 0.056481
0 0.996615 0.186574 0.006771 0.036111
0 0.113021 0.954630 0.038542 0.038889
0 0.006771 0.369444 0.012500 0.040741
0 0.996354 0.891667 0.007292 0.070370
0 0.384115 0.553704 0.020313 0.031481
0 0.364323 0.542130 0.043229 0.049074
0 0.632292 0.971296 0.025000 0.050000
0 0.325521 0.009259 0.025000 0.016667
0 0.511458 0.202778 0.030208 0.048148
0 0.550781 0.192593 0.026562 0.048148
0 0.546615 0.233796 0.018229 0.032407
0 0.422656 0.147222 0.022396 0.066667
0 0.992448 0.958333 0.014063 0.044444
0 0.972396 0.977315 0.019792 0.030556
0 0.757292 0.981481 0.031250 0.035185
0 0.081510 0.965741 0.030729 0.018519
0 0.009115 0.870370 0.017188 0.051852
0 0.922135 0.757870 0.024479 0.050926
