0 0.5517578125 0.3365885416666667 0.0283355712890625 0.05495876736111111
0 0.6025390625 0.2903645833333333 0.0280609130859375 0.054850260416666664
0 0.419921875 0.4069010416666667 0.030670166015625 0.06076388888888889
0 0.666015625 0.5069444444444444 0.02691650390625 0.059244791666666664
0 0.67578125 0.6046006944444444 0.02337646484375 0.06212022569444445
0 0.52587890625 0.46875 0.030792236328125 0.052408854166666664
0 0.5546875 0.15907118055555555 0.0236968994140625 0.0615234375
0 0.26025390625 0.2094184027777778 0.020172119140625 0.06901041666666667
0 0.39111328125 0.328125 0.0227203369140625 0.062337239583333336
0 0.634765625 0.2387152777777778 0.0196075439453125 0.06722005208333333
0 0.2437744140625 0.3658854166666667 0.036224365234375 0.044514973958333336
0 0.18408203125 0.265625 0.034759521484375 0.0627170138888889
0 0.30126953125 0.5160590277777778 0.036346435546875 0.05211046006944445
0 0.56201171875 0.25390625 0.0161590576171875 0.06401909722222222
0 0.48046875 0.2221137152777778 0.0235137939453125 0.06548394097222222
0 0.3828125 0.4522569444444444 0.0272674560546875 0.0661349826388889
0 0.517578125 0.1618923611111111 0.02655029296875 0.06130642361111111
0 0.3896484375 0.58984375 0.0203399658203125 0.06488715277777778
0 0.447265625 0.2892795138888889 0.029754638671875 0.06526692708333333
0 0.4140625 0.3046875 0.0264129638671875 0.062337239583333336
0 0.330322265625 0.2821180555555556 0.03448486328125 0.046956380208333336
0 0.58837890625 0.4431423611111111 0.036895751953125 0.042426215277777776
0 0.499267578125 0.546875 0.0245208740234375 0.06450737847222222
0 0.485595703125 0.6744791666666666 0.03173828125 0.05870225694444445
0 0.212890625 0.333984375 0.0261993408203125 0.06309678819444445
0 0.2305908203125 0.4244791666666667 0.0236968994140625 0.06499565972222222
0 0.703125 0.50390625 0.03594970703125 0.05360243055555555
0 0.20263671875 0.4108072916666667 0.03515625 0.043511284722222224
0 0.1453857421875 0.3747829861111111 0.03985595703125 0.04747178819444445
0 0.357421875 0.2584635416666667 0.0194244384765625 0.06212022569444445
0 0.489501953125 0.4377170138888889 0.0189056396484375 0.06461588541666667
0 0.5390625 0.8207465277777778 0.0301055908203125 0.05007595486111111
0 0.6728515625 0.2478298611111111 0.0184783935546875 0.06776258680555555
0 0.274658203125 0.3470052083333333 0.0191192626953125 0.06510416666666667
0 0.3408203125 0.16796875 0.0212860107421875 0.06559244791666667
0 0.67431640625 0.1877170138888889 0.02447509765625 0.058051215277777776
0 0.29248046875 0.5672743055555556 0.038909912109375 0.048773871527777776
0 0.47998046875 0.6223958333333334 0.03338623046875 0.06190321180555555
0 0.403076171875 0.24522569444444445 0.03277587890625 0.056315104166666664
0 0.86279296875 0.5477430555555556 0.0218658447265625 0.06461588541666667
0 0.75439453125 0.5086805555555556 0.02276611328125 0.0615234375
0 0.21728515625 0.4874131944444444 0.03607177734375 0.05750868055555555
0 0.8935546875 0.6744791666666666 0.0299224853515625 0.05392795138888889
0 0.1710205078125 0.2421875 0.029541015625 0.059624565972222224
0 0.171875 0.48828125 0.0384521484375 0.04831271701388889
0 0.3603515625 0.17100694444444445 0.022979736328125 0.0673828125
0 0.07598876953125 0.41015625 0.02947998046875 0.06499565972222222
0 0.374267578125 0.16048177083333334 0.0258026123046875 0.06559244791666667
0 0.892578125 0.5108506944444444 0.033782958984375 0.047119140625
0 0.62841796875 0.6072048611111112 0.03533935546875 0.045708550347222224
0 0.375244140625 0.5043402777777778 0.0222015380859375 0.07085503472222222
0 0.533203125 0.5403645833333334 0.01953125 0.06797960069444445
0 0.63232421875 0.5625 0.0240478515625 0.057183159722222224
0 0.49560546875 0.042182074652777776 0.0213623046875 0.06282552083333333
0 0.9736328125 0.6397569444444444 0.03131103515625 0.05740017361111111
0 0.80224609375 0.6046006944444444 0.02691650390625 0.058051215277777776
0 0.423828125 0.22135416666666666 0.03253173828125 0.049886067708333336
0 0.30859375 0.3383246527777778 0.037109375 0.040608723958333336
0 0.56201171875 0.4778645833333333 0.0199432373046875 0.06928168402777778
0 0.359130859375 0.4409722222222222 0.0201416015625 0.06499565972222222
0 0.289794921875 0.14366319444444445 0.033477783203125 0.051513671875
0 0.285888671875 0.4613715277777778 0.037261962890625 0.041015625
0 0.102294921875 0.4331597222222222 0.039337158203125 0.05300564236111111
0 0.27587890625 0.09510633680555555 0.0321044921875 0.053412543402777776
0 0.386474609375 0.2036675347222222 0.03125 0.05750868055555555
0 0.67138671875 0.4372829861111111 0.03424072265625 0.041314019097222224
0 0.9375 0.4210069444444444 0.02423095703125 0.06722005208333333
0 0.2410888671875 0.251953125 0.031982421875 0.058268229166666664
0 0.74072265625 0.5889756944444444 0.038604736328125 0.04001193576388889
0 0.59130859375 0.2033420138888889 0.031494140625 0.060492621527777776
0 0.77490234375 0.6137152777777778 0.0236053466796875 0.06439887152777778
0 0.7294921875 0.5364583333333334 0.0197601318359375 0.06439887152777778
0 0.25830078125 0.15049913194444445 0.034881591796875 0.042914496527777776
0 0.9130859375 0.3502604166666667 0.0229339599609375 0.060384114583333336
0 0.147705078125 0.6150173611111112 0.033203125 0.060492621527777776
0 0.765625 0.5434027777777778 0.03460693359375 0.040228949652777776
0 0.339599609375 0.4587673611111111 0.01666259765625 0.06597222222222222
0 0.461669921875 0.5169270833333334 0.034881591796875 0.04885525173611111
0 0.2474365234375 0.7018229166666666 0.034820556640625 0.05251736111111111
0 0.9287109375 0.7708333333333334 0.03131103515625 0.06510416666666667
0 0.417236328125 0.14290364583333334 0.03594970703125 0.04123263888888889
0 0.951171875 0.48046875 0.02838134765625 0.053304036458333336
0 0.64404296875 0.4164496527777778 0.0214080810546875 0.06586371527777778
0 0.5322265625 0.7204861111111112 0.034423828125 0.046061197916666664
0 0.453125 0.8394097222222222 0.027435302734375 0.06331380208333333
0 0.494384765625 0.1254340277777778 0.0213623046875 0.0734592013888889
0 0.65625 0.3081597222222222 0.03594970703125 0.046332465277777776
0 0.47119140625 0.3977864583333333 0.04010009765625 0.044243706597222224
0 0.86572265625 0.6484375 0.03326416015625 0.06179470486111111
0 0.60986328125 0.5243055555555556 0.0185394287109375 0.06342230902777778
0 0.464111328125 0.1333550347222222 0.035003662109375 0.046576605902777776
0 0.56201171875 0.5542534722222222 0.01751708984375 0.06429036458333333
0 0.576171875 0.1880425347222222 0.032470703125 0.055257161458333336
0 0.67041015625 0.13368055555555555 0.0328369140625 0.05311414930555555
0 0.890625 0.7352430555555556 0.0303802490234375 0.057291666666666664
0 0.278076171875 0.8090277777777778 0.0343017578125 0.046685112847222224
0 0.475830078125 0.8489583333333334 0.0269622802734375 0.0636935763888889
0 0.75439453125 0.2068142361111111 0.027069091796875 0.05772569444444445
0 0.34765625 0.10801866319444445 0.035736083984375 0.05270724826388889
0 0.6865234375 0.3190104166666667 0.0193023681640625 0.06461588541666667
0 0.818359375 0.6519097222222222 0.021331787109375 0.06917317708333333
0 0.79296875 0.4618055555555556 0.0293731689453125 0.057291666666666664
0 0.41162109375 0.5672743055555556 0.0239105224609375 0.0675998263888889
0 0.462158203125 0.5911458333333334 0.039794921875 0.05433485243055555
0 0.9794921875 0.4286024305555556 0.033966064453125 0.036431206597222224
0 0.043609619140625 0.326171875 0.03253173828125 0.061089409722222224
0 0.1131591796875 0.5798611111111112 0.0303802490234375 0.07020399305555555
0 0.9208984375 0.6384548611111112 0.020294189453125 0.06646050347222222
0 0.41015625 0.028835720486111112 0.03143310546875 0.054009331597222224
0 0.5390625 0.62890625 0.03753662109375 0.04359266493055555
0 0.51220703125 0.6032986111111112 0.0179901123046875 0.06130642361111111
0 0.587890625 0.6284722222222222 0.020721435546875 0.06429036458333333
0 0.73095703125 0.6358506944444444 0.03424072265625 0.044243706597222224
0 0.88916015625 0.13585069444444445 0.0255584716796875 0.056098090277777776
0 0.1259765625 0.4618055555555556 0.042633056640625 0.046223958333333336
0 0.1734619140625 0.5416666666666666 0.040313720703125 0.03917100694444445
0 0.38134765625 0.06575520833333333 0.0374755859375 0.04432508680555555
0 0.97607421875 0.5182291666666666 0.0279541015625 0.06700303819444445
0 0.32763671875 0.1218532986111111 0.037109375 0.039849175347222224
0 0.323486328125 0.5186631944444444 0.021453857421875 0.06282552083333333
0 0.6044921875 0.8472222222222222 0.033203125 0.044596354166666664
0 0.8193359375 0.4296875 0.034881591796875 0.047932942708333336
0 0.369384765625 0.7339409722222222 0.039276123046875 0.039469401041666664
0 0.9150390625 0.2263454861111111 0.022247314453125 0.06722005208333333
0 0.215576171875 0.5421006944444444 0.04046630859375 0.037841796875
0 0.63232421875 0.8532986111111112 0.0197601318359375 0.06901041666666667
0 0.591796875 0.12098524305555555 0.03436279296875 0.040608723958333336
0 0.94580078125 0.7426215277777778 0.035736083984375 0.051323784722222224
0 0.70751953125 0.19737413194444445 0.0264129638671875 0.04942491319444445
0 0.34765625 0.7834201388888888 0.02276611328125 0.05381944444444445
0 0.89697265625 0.3036024305555556 0.0219879150390625 0.06510416666666667
0 0.83984375 0.2868923611111111 0.020172119140625 0.06429036458333333
0 0.84619140625 0.2230902777777778 0.0318603515625 0.059244791666666664
0 0.73779296875 0.24891493055555555 0.0311431884765625 0.057183159722222224
0 0.42041015625 0.0715603298611111 0.035003662109375 0.04543728298611111
0 0.70556640625 0.030300564236111112 0.0325927734375 0.05064561631944445
0 0.44677734375 0.71484375 0.0181884765625 0.06597222222222222
0 0.1851806640625 0.6323784722222222 0.0230712890625 0.06130642361111111
0 0.95458984375 0.2779947916666667 0.0240478515625 0.06342230902777778
0 0.450439453125 0.025200737847222224 0.0328369140625 0.047200520833333336
0 0.7998046875 0.255859375 0.0242767333984375 0.06879340277777778
0 0.29736328125 0.7430555555555556 0.021697998046875 0.06401909722222222
0 0.62255859375 0.4479166666666667 0.029815673828125 0.04359266493055555
0 0.86181640625 0.7803819444444444 0.035064697265625 0.04543728298611111
0 0.70751953125 0.10508897569444445 0.0328369140625 0.044759114583333336
0 0.28369140625 0.6796875 0.024658203125 0.0675998263888889
0 0.458984375 0.07552083333333333 0.0360107421875 0.04212782118055555
0 0.1273193359375 0.7825520833333334 0.029144287109375 0.060980902777777776
0 0.1044921875 0.4978298611111111 0.04400634765625 0.0478515625
0 0.8427734375 0.08479817708333333 0.03521728515625 0.052408854166666664
0 0.84765625 0.3956163194444444 0.038238525390625 0.049506293402777776
0 0.471923828125 0.9114583333333334 0.03759765625 0.046685112847222224
0 0.1380615234375 0.2508680555555556 0.038970947265625 0.045355902777777776
0 0.339111328125 0.396484375 0.0330810546875 0.03309461805555555
0 0.424072265625 0.703125 0.0180511474609375 0.06722005208333333
0 0.806640625 0.72265625 0.02606201171875 0.06201171875
0 0.2459716796875 0.76171875 0.0219879150390625 0.06879340277777778
0 0.541015625 0.0949435763888889 0.040679931640625 0.04432508680555555
0 0.91015625 0.7682291666666666 0.0232391357421875 0.06646050347222222
0 0.080078125 0.3383246527777778 0.036285400390625 0.06331380208333333
0 0.8828125 0.4077690972222222 0.03704833984375 0.038492838541666664
0 0.4970703125 0.8342013888888888 0.0206451416015625 0.06331380208333333
0 0.474853515625 0.5607638888888888 0.0196075439453125 0.0632052951388889
0 0.255615234375 0.6436631944444444 0.0217437744140625 0.07020399305555555
0 0.943359375 0.5985243055555556 0.040924072265625 0.040228949652777776
0 0.3662109375 0.8754340277777778 0.0221099853515625 0.060601128472222224
0 0.8046875 0.16796875 0.03131103515625 0.051920572916666664
0 0.058013916015625 0.46875 0.046630859375 0.044514973958333336
0 0.875 0.3098958333333333 0.0219879150390625 0.051215277777777776
0 0.49560546875 0.8949652777777778 0.03759765625 0.04123263888888889
0 0.306640625 0.049886067708333336 0.039947509765625 0.035454644097222224
0 0.529296875 0.040608723958333336 0.0364990234375 0.045708550347222224
0 0.8193359375 0.044840494791666664 0.0341796875 0.03835720486111111
0 0.06756591796875 0.5529513888888888 0.033843994140625 0.0715603298611111
0 0.26513671875 0.8459201388888888 0.035736083984375 0.03648546006944445
0 0.65625 0.8615451388888888 0.033660888671875 0.039469401041666664
0 0.2315673828125 0.06016710069444445 0.040771484375 0.037923177083333336
0 0.724609375 0.734375 0.029815673828125 0.061089409722222224
0 0.93603515625 0.08138020833333333 0.037811279296875 0.03586154513888889
0 0.771484375 0.17252604166666666 0.03759765625 0.041802300347222224
0 0.93310546875 0.7122395833333334 0.03228759765625 0.05750868055555555
0 0.98388671875 0.10389539930555555 0.0302734375 0.05392795138888889
0 0.98583984375 0.38671875 0.0276336669921875 0.031141493055555556
0 0.662109375 0.09098307291666667 0.034423828125 0.046142578125
0 0.640625 0.04307725694444445 0.035003662109375 0.036295572916666664
0 0.83203125 0.7274305555555556 0.0257110595703125 0.068359375
0 0.2335205078125 0.8337673611111112 0.03515625 0.05685763888888889
0 0.78369140625 0.09619140625 0.03656005859375 0.04258897569444445
0 0.89111328125 0.7951388888888888 0.023773193359375 0.05514865451388889
0 0.95947265625 0.1984592013888889 0.0390625 0.046223958333333336
0 0.053985595703125 0.5963541666666666 0.027435302734375 0.061686197916666664
0 0.47998046875 0.3372395833333333 0.0294189453125 0.034586588541666664
0 0.767578125 0.11773003472222222 0.03424072265625 0.045111762152777776
0 0.424072265625 0.9296875 0.0191650390625 0.06776258680555555
0 0.8974609375 0.033881293402777776 0.022979736328125 0.062337239583333336
0 0.81396484375 0.8776041666666666 0.031982421875 0.06776258680555555
0 0.05059814453125 0.2204861111111111 0.0284881591796875 0.06342230902777778
0 0.335693359375 0.7265625 0.033721923828125 0.030653211805555556
0 0.67626953125 0.017591688368055556 0.03424072265625 0.034993489583333336
0 0.4423828125 0.9409722222222222 0.023193359375 0.06901041666666667
0 0.078369140625 0.2146267361111111 0.0390625 0.045111762152777776
0 0.021240234375 0.8411458333333334 0.033538818359375 0.05870225694444445
0 0.7041015625 0.2730034722222222 0.04132080078125 0.042426215277777776
0 0.98486328125 0.24717881944444445 0.03021240234375 0.042670355902777776
0 0.7626953125 0.265625 0.0284881591796875 0.03843858506944445
0 0.83984375 0.13313802083333334 0.03228759765625 0.059733072916666664
0 0.015960693359375 0.3943142361111111 0.0309600830078125 0.04342990451388889
0 0.12127685546875 0.8815104166666666 0.037689208984375 0.06380208333333333
0 0.04400634765625 0.3934461805555556 0.0294189453125 0.06928168402777778
0 0.1807861328125 0.8949652777777778 0.03753662109375 0.051432291666666664
0 0.60595703125 0.027113172743055556 0.035400390625 0.03870985243055555
0 0.01061248779296875 0.4865451388888889 0.0202178955078125 0.05577256944444445
0 0.753125 0.016666666666666666 0.020833333333333332 0.03333333333333333
0 0.60888671875 0.890625 0.038330078125 0.0556640625
0 0.9403645833333333 0.019444444444444445 0.021354166666666667 0.03888888888888889
0 0.57958984375 0.8745659722222222 0.033203125 0.037543402777777776
0 0.39111328125 0.921875 0.0217742919921875 0.06575520833333333
0 0.98359375 0.026851851851851852 0.024479166666666666 0.053703703703703705
0 0.54541015625 0.9435763888888888 0.0301055908203125 0.04904513888888889
0 0.37109375 0.025580512152777776 0.0289764404296875 0.049886067708333336
0 0.5810546875 0.7417534722222222 0.0284423828125 0.06141493055555555
0 0.810546875 0.35546875 0.039794921875 0.05750868055555555
0 0.8427734375 0.7413194444444444 0.027435302734375 0.042426215277777776
0 0.1611328125 0.75390625 0.033599853515625 0.07568359375
0 0.861328125 0.9322916666666666 0.03436279296875 0.039632161458333336
0 0.9462890625 0.9435763888888888 0.028656005859375 0.06130642361111111
0 0.468017578125 0.9565972222222222 0.0271759033203125 0.06890190972222222
0 0.39990234375 0.4034288194444444 0.0170440673828125 0.037055121527777776
0 0.155029296875 0.9435763888888888 0.037109375 0.044759114583333336
0 0.984375 0.22059461805555555 0.0283355712890625 0.037760416666666664
0 0.791015625 0.9435763888888888 0.03656005859375 0.051703559027777776
0 0.97998046875 0.8958333333333334 0.037109375 0.04001193576388889
0 0.771484375 0.7048611111111112 0.0117340087890625 0.023966471354166668
0 0.490478515625 0.9696180555555556 0.02685546875 0.05837673611111111
0 0.224853515625 0.9756944444444444 0.04052734375 0.03260633680555555
0 0.9877604166666667 0.95 0.024479166666666666 0.05555555555555555
0 0.8984375 0.9184027777777778 0.024749755859375 0.06401909722222222
0 0.70751953125 0.9314236111111112 0.0296478271484375 0.0700954861111111
0 0.462890625 0.7274305555555556 0.01519012451171875 0.027737087673611112
0 0.0699462890625 0.034261067708333336 0.033599853515625 0.03819444444444445
0 0.403076171875 0.8975694444444444 0.025909423828125 0.04774305555555555
0 0.3984375 0.9782986111111112 0.0301513671875 0.03748914930555555
0 0.52734375 0.9739583333333334 0.029876708984375 0.04758029513888889
0 0.76806640625 0.7677951388888888 0.01406097412109375 0.025200737847222224
0 0.65087890625 0.6453993055555556 0.01433563232421875 0.023505316840277776