0 0.6279296875 0.5759548611111112 0.026702880859375 0.06130642361111111
0 0.5 0.4227430555555556 0.0309600830078125 0.05319552951388889
0 0.37353515625 0.2068142361111111 0.024566650390625 0.06673177083333333
0 0.2125244140625 0.4661458333333333 0.033660888671875 0.05859375
0 0.60888671875 0.5082465277777778 0.03167724609375 0.05211046006944445
0 0.619140625 0.3980034722222222 0.03216552734375 0.04904513888888889
0 0.414306640625 0.41015625 0.0234222412109375 0.06477864583333333
0 0.5859375 0.7083333333333334 0.02386474609375 0.0625
0 0.452880859375 0.427734375 0.0188751220703125 0.06624348958333333
0 0.35107421875 0.2834201388888889 0.018768310546875 0.07112630208333333
0 0.425048828125 0.13248697916666666 0.0255584716796875 0.06293402777777778
0 0.388427734375 0.7235243055555556 0.030670166015625 0.056206597222222224
0 0.313720703125 0.7395833333333334 0.034942626953125 0.05674913194444445
0 0.44921875 0.7074652777777778 0.0263519287109375 0.06499565972222222
0 0.38037109375 0.2795138888888889 0.02801513671875 0.06586371527777778
0 0.43115234375 0.3509114583333333 0.01751708984375 0.06700303819444445
0 0.5908203125 0.3543836805555556 0.0194244384765625 0.06917317708333333
0 0.673828125 0.13216145833333334 0.024383544921875 0.059244791666666664
0 0.513671875 0.3663194444444444 0.02691650390625 0.06966145833333333
0 0.67626953125 0.5130208333333334 0.030792236328125 0.03917100694444445
0 0.5546875 0.1750217013888889 0.0202484130859375 0.06901041666666667
0 0.08154296875 0.18153211805555555 0.0318603515625 0.06575520833333333
0 0.39013671875 0.08213975694444445 0.030853271484375 0.06190321180555555
0 0.437744140625 0.18055555555555555 0.029205322265625 0.06201171875
0 0.650390625 0.09722222222222222 0.02630615234375 0.061686197916666664
0 0.33837890625 0.8350694444444444 0.0299224853515625 0.06412760416666667
0 0.54638671875 0.3650173611111111 0.0210418701171875 0.06901041666666667
0 0.479736328125 0.7999131944444444 0.020599365234375 0.06825086805555555
0 0.95654296875 0.6302083333333334 0.03326416015625 0.04578993055555555
0 0.54052734375 0.7964409722222222 0.0197906494140625 0.0712890625
0 0.460205078125 0.353515625 0.0203704833984375 0.06901041666666667
0 0.66015625 0.22374131944444445 0.0200653076171875 0.061686197916666664
0 0.360595703125 0.484375 0.034942626953125 0.05392795138888889
0 0.7607421875 0.0837131076388889 0.0255584716796875 0.06548394097222222
0 0.110107421875 0.4173177083333333 0.03582763671875 0.0615234375
0 0.76513671875 0.7261284722222222 0.019012451171875 0.06477864583333333
0 0.1929931640625 0.7660590277777778 0.0310211181640625 0.059136284722222224
0 0.52734375 0.46875 0.034759521484375 0.03599717881944445
0 0.525390625 0.2156032986111111 0.03228759765625 0.04831271701388889
0 0.346435546875 0.1923828125 0.0284423828125 0.0627170138888889
0 0.63818359375 0.6271701388888888 0.019683837890625 0.0615234375
0 0.42578125 0.6223958333333334 0.03656005859375 0.04147677951388889
0 0.444580078125 0.11078559027777778 0.0259552001953125 0.06412760416666667
0 0.384521484375 0.3713107638888889 0.037109375 0.03955078125
0 0.537109375 0.6154513888888888 0.02069091796875 0.06510416666666667
0 0.54052734375 0.5438368055555556 0.0177764892578125 0.06586371527777778
0 0.822265625 0.419921875 0.024932861328125 0.05837673611111111
0 0.59033203125 0.6037326388888888 0.033599853515625 0.045979817708333336
0 0.0391845703125 0.4312065972222222 0.026153564453125 0.07112630208333333
0 0.8603515625 0.4752604166666667 0.03594970703125 0.050455729166666664
0 0.229736328125 0.5525173611111112 0.0282745361328125 0.06852213541666667
0 0.5810546875 0.1978081597222222 0.017578125 0.06749131944444445
0 0.69873046875 0.06005859375 0.0179901123046875 0.05984157986111111
0 0.1412353515625 0.13389756944444445 0.0303802490234375 0.07611762152777778
0 0.5673828125 0.7999131944444444 0.0201416015625 0.06966145833333333
0 0.60986328125 0.3122829861111111 0.029083251953125 0.059136284722222224
0 0.378173828125 0.4318576388888889 0.03521728515625 0.032036675347222224
0 0.1373291015625 0.2124565972222222 0.0264129638671875 0.06917317708333333
0 0.2467041015625 0.1752387152777778 0.0225067138671875 0.07535807291666667
0 0.84765625 0.376953125 0.0225372314453125 0.06141493055555555
0 0.607421875 0.2068142361111111 0.0352783203125 0.04831271701388889
0 0.2315673828125 0.7834201388888888 0.029205322265625 0.060492621527777776
0 0.48291015625 0.6067708333333334 0.019866943359375 0.06401909722222222
0 0.475341796875 0.6996527777777778 0.019012451171875 0.06380208333333333
0 0.60546875 0.8663194444444444 0.029205322265625 0.05848524305555555
0 0.480224609375 0.22743055555555555 0.0207672119140625 0.0627170138888889
0 0.33251953125 0.6657986111111112 0.039337158203125 0.04196506076388889
0 0.082275390625 0.7986111111111112 0.02630615234375 0.06879340277777778
0 0.72705078125 0.4835069444444444 0.032958984375 0.03648546006944445
0 0.98388671875 0.4930555555555556 0.027008056640625 0.05935329861111111
0 0.06292724609375 0.5993923611111112 0.0237274169921875 0.0695529513888889
0 0.86083984375 0.6241319444444444 0.03228759765625 0.0478515625
0 0.71875 0.4173177083333333 0.034820556640625 0.036295572916666664
0 0.329833984375 0.5772569444444444 0.0364990234375 0.05221896701388889
0 0.6611328125 0.7400173611111112 0.036224365234375 0.03586154513888889
0 0.7744140625 0.15928819444444445 0.03216552734375 0.055257161458333336
0 0.55810546875 0.044677734375 0.0230255126953125 0.06890190972222222
0 0.9501953125 0.7157118055555556 0.038604736328125 0.034993489583333336
0 0.0297088623046875 0.6831597222222222 0.0240020751953125 0.06966145833333333
0 0.71875 0.6050347222222222 0.0207977294921875 0.059516059027777776
0 0.74462890625 0.04587131076388889 0.0207672119140625 0.06797960069444445
0 0.70751953125 0.7907986111111112 0.029876708984375 0.045708550347222224
0 0.13623046875 0.62109375 0.03607177734375 0.032769097222222224
0 0.765625 0.6497395833333334 0.020721435546875 0.06749131944444445
0 0.2093505859375 0.6006944444444444 0.0217742919921875 0.06461588541666667
0 0.654296875 0.8407118055555556 0.0197601318359375 0.06928168402777778
0 0.79736328125 0.7482638888888888 0.02752685546875 0.0625
0 0.34814453125 0.7591145833333334 0.03753662109375 0.041314019097222224
0 0.6171875 0.7795138888888888 0.0255126953125 0.060601128472222224
0 0.72705078125 0.038655598958333336 0.017852783203125 0.06450737847222222
0 0.408447265625 0.1896701388888889 0.035675048828125 0.048014322916666664
0 0.25 0.6267361111111112 0.04168701171875 0.04014756944444445
0 0.32666015625 0.4565972222222222 0.0259552001953125 0.062337239583333336
0 0.9609375 0.5008680555555556 0.0250396728515625 0.06450737847222222
0 0.6982421875 0.1728515625 0.0182342529296875 0.0705837673611111
0 0.338623046875 0.3506944444444444 0.03790283203125 0.03648546006944445
0 0.5537109375 0.8658854166666666 0.03277587890625 0.044921875
0 0.333740234375 0.4114583333333333 0.037811279296875 0.03366427951388889
0 0.0938720703125 0.4917534722222222 0.025665283203125 0.062337239583333336
0 0.6162109375 0.05859375 0.035888671875 0.042426215277777776
0 0.325439453125 0.6263020833333334 0.038970947265625 0.04774305555555555
0 0.0863037109375 0.3400607638888889 0.042816162109375 0.047309027777777776
0 0.2496337890625 0.69921875 0.041839599609375 0.05221896701388889
0 0.751953125 0.8046875 0.0215301513671875 0.06700303819444445
0 0.365234375 0.8454861111111112 0.0240936279296875 0.0636935763888889
0 0.1820068359375 0.7131076388888888 0.021209716796875 0.06412760416666667
0 0.0325927734375 0.6189236111111112 0.034881591796875 0.061686197916666664
0 0.71728515625 0.16102430555555555 0.018829345703125 0.06928168402777778
0 0.62646484375 0.8446180555555556 0.02606201171875 0.05935329861111111
0 0.416748046875 0.5763888888888888 0.034942626953125 0.03770616319444445
0 0.5654296875 0.11328125 0.039337158203125 0.040473090277777776
0 0.9150390625 0.3161892361111111 0.027801513671875 0.05311414930555555
0 0.58251953125 0.14290364583333334 0.036895751953125 0.03835720486111111
0 0.76171875 0.5243055555555556 0.02838134765625 0.046576605902777776
0 0.147216796875 0.5646701388888888 0.02532958984375 0.07074652777777778
0 0.0850830078125 0.6085069444444444 0.0238189697265625 0.06401909722222222
0 0.0618896484375 0.4769965277777778 0.039703369140625 0.04139539930555555
0 0.447509765625 0.6610243055555556 0.03594970703125 0.03466796875
0 0.421142578125 0.72265625 0.036712646484375 0.04408094618055555
0 0.423095703125 0.04383680555555555 0.021575927734375 0.06076388888888889
0 0.88916015625 0.5798611111111112 0.0289764404296875 0.06450737847222222
0 0.156005859375 0.4956597222222222 0.02203369140625 0.06526692708333333
0 0.278564453125 0.7725694444444444 0.0207672119140625 0.0632052951388889
0 0.232177734375 0.4470486111111111 0.022979736328125 0.0715603298611111
0 0.87451171875 0.23502604166666666 0.020599365234375 0.068359375
0 0.435546875 0.8181423611111112 0.03753662109375 0.039849175347222224
0 0.658203125 0.1733940972222222 0.034698486328125 0.042670355902777776
0 0.07147216796875 0.24479166666666666 0.03656005859375 0.058268229166666664
0 0.88623046875 0.1890190972222222 0.0229339599609375 0.06917317708333333
0 0.286865234375 0.5520833333333334 0.036773681640625 0.03615993923611111
0 0.509765625 0.06635199652777778 0.033966064453125 0.041558159722222224
0 0.289794921875 0.6019965277777778 0.038330078125 0.04676649305555555
0 0.263427734375 0.8719618055555556 0.03582763671875 0.05251736111111111
0 0.7568359375 0.2378472222222222 0.0246124267578125 0.0666232638888889
0 0.79248046875 0.5985243055555556 0.0303802490234375 0.052300347222222224
0 0.291015625 0.8407118055555556 0.027801513671875 0.06928168402777778
0 0.3447265625 0.7942708333333334 0.038604736328125 0.03835720486111111
0 0.250244140625 0.4600694444444444 0.0210113525390625 0.0675998263888889
0 0.705078125 0.3023003472222222 0.0216522216796875 0.051432291666666664
0 0.1026611328125 0.7725694444444444 0.0287017822265625 0.06852213541666667
0 0.1239013671875 0.734375 0.040313720703125 0.03634982638888889
0 0.8505859375 0.4327256944444444 0.035064697265625 0.0478515625
0 0.859375 0.5525173611111112 0.0292510986328125 0.048665364583333336
0 0.12261962890625 0.3758680555555556 0.03839111328125 0.03895399305555555
0 0.441162109375 0.5251736111111112 0.03582763671875 0.03342013888888889
0 0.9541015625 0.1218532986111111 0.027587890625 0.0498046875
0 0.82861328125 0.6931423611111112 0.029144287109375 0.052897135416666664
0 0.810546875 0.1488715277777778 0.03912353515625 0.035319010416666664
0 0.74169921875 0.3487413194444444 0.039337158203125 0.037543402777777776
0 0.11065673828125 0.1584201388888889 0.0323486328125 0.06749131944444445
0 0.75537109375 0.5837673611111112 0.022247314453125 0.06646050347222222
0 0.0135345458984375 0.4188368055555556 0.026611328125 0.06488715277777778
0 0.1346435546875 0.3324652777777778 0.040771484375 0.037055121527777776
0 0.12286376953125 0.5086805555555556 0.0352783203125 0.0632052951388889
0 0.876953125 0.3756510416666667 0.0252685546875 0.06412760416666667
0 0.888671875 0.5208333333333334 0.039642333984375 0.03285047743055555
0 0.409912109375 0.8528645833333334 0.038116455078125 0.037407769097222224
0 0.023773193359375 0.5750868055555556 0.042083740234375 0.040771484375
0 0.8662109375 0.04587131076388889 0.0247039794921875 0.056966145833333336
0 0.11358642578125 0.8645833333333334 0.036895751953125 0.049126519097222224
0 0.385009765625 0.032958984375 0.03167724609375 0.05381944444444445
0 0.173095703125 0.4683159722222222 0.03216552734375 0.061089409722222224
0 0.8271484375 0.5603298611111112 0.0360107421875 0.038872612847222224
0 0.8828125 0.6974826388888888 0.0379638671875 0.041558159722222224
0 0.3017578125 0.4010416666666667 0.0221099853515625 0.06700303819444445
0 0.9091796875 0.353515625 0.03643798828125 0.050944010416666664
0 0.446044921875 0.04196506076388889 0.0301513671875 0.058268229166666664
0 0.1312255859375 0.4596354166666667 0.036773681640625 0.05837673611111111
0 0.96875 0.06537543402777778 0.033477783203125 0.04831271701388889
0 0.1343994140625 0.2825520833333333 0.025421142578125 0.0705837673611111
0 0.07977294921875 0.7200520833333334 0.042022705078125 0.04443359375
0 0.09173583984375 0.5434027777777778 0.040679931640625 0.039306640625
0 0.2410888671875 0.8333333333333334 0.042724609375 0.04367404513888889
0 0.1688232421875 0.2016059027777778 0.042236328125 0.049506293402777776
0 0.273681640625 0.2743055555555556 0.03424072265625 0.06575520833333333
0 0.9033203125 0.6909722222222222 0.0261993408203125 0.04367404513888889
0 0.7939453125 0.6801215277777778 0.0252227783203125 0.06130642361111111
0 0.83544921875 0.05653211805555555 0.0323486328125 0.046061197916666664
0 0.015960693359375 0.5182291666666666 0.03192138671875 0.04931640625
0 0.2783203125 0.4149305555555556 0.0225067138671875 0.06901041666666667
0 0.5244140625 0.025092230902777776 0.0240020751953125 0.048583984375
0 0.9697265625 0.2158203125 0.03021240234375 0.03553602430555555
0 0.5244140625 0.6263020833333334 0.0170440673828125 0.0636935763888889
0 0.2744140625 0.20616319444444445 0.0323486328125 0.060492621527777776
0 0.716796875 0.10758463541666667 0.03521728515625 0.048773871527777776
0 0.76171875 0.8589409722222222 0.036712646484375 0.035807291666666664
0 0.97265625 0.2634548611111111 0.01953125 0.06586371527777778
0 0.193603515625 0.3626302083333333 0.02691650390625 0.06439887152777778
0 0.9861979166666667 0.4152777777777778 0.027604166666666666 0.05092592592592592
0 0.939453125 0.3090277777777778 0.027374267578125 0.058159722222222224
0 0.6455078125 0.3116319444444444 0.0284881591796875 0.07411024305555555
0 0.51806640625 0.5069444444444444 0.0209197998046875 0.04649522569444445
0 0.85693359375 0.1081814236111111 0.028656005859375 0.06141493055555555
0 0.04638671875 0.13270399305555555 0.023651123046875 0.06852213541666667
0 0.2000732421875 0.3046875 0.03167724609375 0.057074652777777776
0 0.2247314453125 0.2936197916666667 0.0258636474609375 0.061197916666666664
0 0.33251953125 0.04163953993055555 0.0345458984375 0.06559244791666667
0 0.2044677734375 0.24869791666666666 0.0264129638671875 0.07427300347222222
0 0.96337890625 0.7743055555555556 0.035400390625 0.04006618923611111
0 0.89208984375 0.061197916666666664 0.03326416015625 0.047661675347222224
0 0.2548828125 0.578125 0.0401611328125 0.04139539930555555
0 0.841796875 0.24479166666666666 0.0413818359375 0.04258897569444445
0 0.97412109375 0.4453125 0.03533935546875 0.04391818576388889
0 0.182373046875 0.3142361111111111 0.02508544921875 0.0627170138888889
0 0.84912109375 0.3298611111111111 0.0322265625 0.03968641493055555
0 0.955078125 0.2749565972222222 0.0225067138671875 0.06586371527777778
0 0.174560546875 0.1012912326388889 0.028656005859375 0.06928168402777778
0 0.134033203125 0.8932291666666666 0.040618896484375 0.04885525173611111
0 0.272705078125 0.0832248263888889 0.04132080078125 0.038275824652777776
0 0.17431640625 0.5881076388888888 0.042816162109375 0.038872612847222224
0 0.14013671875 0.7743055555555556 0.026458740234375 0.06966145833333333
0 0.205322265625 0.8763020833333334 0.0391845703125 0.035590277777777776
0 0.243408203125 0.3708767361111111 0.026763916015625 0.0673828125
0 0.158935546875 0.3997395833333333 0.024566650390625 0.07383897569444445
0 0.44287109375 0.7491319444444444 0.0219879150390625 0.06260850694444445
0 0.244140625 0.056098090277777776 0.03802490234375 0.03634982638888889
0 0.28802083333333334 0.03009259259259259 0.027083333333333334 0.06018518518518518
0 0.454345703125 0.5538194444444444 0.0174407958984375 0.046685112847222224
0 0.916015625 0.09635416666666667 0.0254669189453125 0.04212782118055555
0 0.174560546875 0.54296875 0.025177001953125 0.06016710069444445
0 0.92822265625 0.029839409722222224 0.037689208984375 0.03648546006944445
0 0.77783203125 0.9053819444444444 0.0259552001953125 0.05750868055555555
0 0.071044921875 0.8888888888888888 0.035614013671875 0.05995008680555555
0 0.93212890625 0.2513020833333333 0.024932861328125 0.04543728298611111
0 0.97216796875 0.1410590277777778 0.02880859375 0.052897135416666664
0 0.931640625 0.18001302083333334 0.03271484375 0.04885525173611111
0 0.2235107421875 0.3821614583333333 0.02203369140625 0.06477864583333333
0 0.98515625 0.7898148148148149 0.0296875 0.05925925925925926
0 0.9873046875 0.19498697916666666 0.025177001953125 0.037543402777777776
0 0.47509765625 0.8884548611111112 0.0306243896484375 0.059516059027777776
0 0.041473388671875 0.06141493055555555 0.040771484375 0.03512912326388889
0 0.9854166666666667 0.8314814814814815 0.029166666666666667 0.03333333333333333
0 0.041839599609375 0.8446180555555556 0.042572021484375 0.045708550347222224
0 0.215576171875 0.020453559027777776 0.040008544921875 0.038492838541666664
0 0.2109375 0.9340277777777778 0.02532958984375 0.06624348958333333
0 0.673828125 0.012858072916666666 0.030731201171875 0.025390625
0 0.10015869140625 0.9131944444444444 0.0278472900390625 0.05300564236111111
0 0.01450347900390625 0.1787109375 0.02801513671875 0.03879123263888889
0 0.25634765625 0.9201388888888888 0.0255126953125 0.057074652777777776
0 0.68212890625 0.9201388888888888 0.03656005859375 0.04758029513888889
0 0.01287078857421875 0.8706597222222222 0.025665283203125 0.043511284722222224
0 0.60009765625 0.013108995225694444 0.0154876708984375 0.024807400173611112
0 0.070556640625 0.014051649305555556 0.0413818359375 0.027628580729166668
0 0.5 0.9427083333333334 0.02630615234375 0.05772569444444445
0 0.0121002197265625 0.2703993055555556 0.023193359375 0.04307725694444445
0 0.01116180419921875 0.3684895833333333 0.021453857421875 0.04147677951388889
0 0.1441650390625 0.9809027777777778 0.03302001953125 0.03309461805555555
0 0.5403645833333334 0.9648148148148148 0.0296875 0.07037037037037037
0 0.18603515625 0.9600694444444444 0.034698486328125 0.046685112847222224
0 0.012760416666666666 0.9407407407407408 0.025520833333333333 0.04814814814814815
0 0.9423828125 0.9496527777777778 0.036773681640625 0.051323784722222224
0 0.093017578125 0.9782986111111112 0.031494140625 0.0264892578125