0 0.45215104166666664 0.4539907407407408 0.03482291666666661 0.05026851851851854
0 0.373046875 0.44184259259259256 0.021333333333333353 0.07101851851851851
0 0.2885729166666666 0.4518240740740741 0.025421874999999972 0.0654814814814815
0 0.397703125 0.4726574074074074 0.03533854166666662 0.038435185185185176
0 0.6176770833333334 0.5186666666666666 0.03049999999999997 0.055990740740740765
0 0.3107916666666667 0.6853333333333333 0.03649999999999996 0.043425925925926014
0 0.5083020833333334 0.5208333333333334 0.03515625 0.044759259259259186
0 0.21886979166666667 0.5551203703703703 0.033536458333333324 0.0572962962962964
0 0.36816666666666664 0.33463888888888893 0.029984374999999966 0.05794444444444448
0 0.4138177083333333 0.40494444444444444 0.030442708333333356 0.0540092592592593
0 0.2795416666666667 0.6223981481481482 0.025223958333333366 0.06488888888888882
0 0.53515625 0.38737037037037036 0.03302083333333338 0.05566666666666667
0 0.24963541666666667 0.42100925925925925 0.03430208333333334 0.04123148148148146
0 0.491453125 0.698787037037037 0.030916666666666613 0.056638888888888954
0 0.6450208333333334 0.42838888888888893 0.031083333333333248 0.05474074074074074
0 0.6489270833333334 0.6054722222222222 0.03010416666666676 0.06320370370370369
0 0.431640625 0.36674999999999996 0.03049999999999997 0.059953703703703703
0 0.29199479166666664 0.3854166666666667 0.03540104166666668 0.057509259259259274
0 0.448 0.41797222222222224 0.03353645833333339 0.044675925925925924
0 0.09283333333333334 0.2504351851851852 0.02763541666666667 0.0625
0 0.08282291666666668 0.3925740740740741 0.02958854166666667 0.06130555555555559
0 0.3247083333333334 0.5282129629629629 0.038697916666666644 0.04668518518518525
0 0.44433854166666664 0.6297777777777778 0.01964062500000002 0.06917592592592596
0 0.13244791666666667 0.2115925925925926 0.02810416666666667 0.05547222222222224
0 0.4907239583333334 0.3537314814814815 0.030671875000000053 0.044518518518518554
0 0.26171875 0.3743518518518519 0.020723958333333313 0.06412962962962962
0 0.17590104166666667 0.6093796296296297 0.03671354166666667 0.06342592592592593
0 0.2583020833333334 0.5039074074074075 0.021744791666666697 0.06917592592592596
0 0.13513020833333333 0.6475740740740741 0.029145833333333336 0.06352777777777768
0 0.35254166666666664 0.44661111111111107 0.019453124999999953 0.06233333333333338
0 0.3552239583333333 0.17773148148148146 0.03259374999999996 0.05652777777777779
0 0.10540624999999999 0.3611111111111111 0.032411458333333344 0.04475925925925929
0 0.11279166666666667 0.7013888888888888 0.03015104166666666 0.06500000000000004
0 0.4497083333333334 0.7960092592592594 0.03173958333333336 0.061907407407407314
0 0.3142083333333333 0.3448333333333333 0.027265624999999953 0.06369444444444441
0 0.3178697916666666 0.7682314814814816 0.028489583333333356 0.06401851851851861
0 0.3298333333333333 0.6462685185185185 0.037109375 0.03615740740740737
0 0.24169791666666668 0.3461388888888889 0.03628645833333331 0.05045370370370371
0 0.400390625 0.2437037037037037 0.03476041666666667 0.040694444444444464
0 0.14355729166666667 0.3778240740740741 0.029249999999999984 0.06309259259259258
0 0.515625 0.4756944444444444 0.03494270833333329 0.05121296296296291
0 0.5942395833333334 0.613712962962963 0.03561458333333339 0.04107407407407398
0 0.537109375 0.7274351851851851 0.022322916666666675 0.06152777777777782
0 0.375 0.6597222222222222 0.019197916666666613 0.06320370370370369
0 0.2797864583333334 0.2580277777777778 0.020250000000000056 0.07020370370370373
0 0.11694270833333334 0.5325555555555556 0.023104166666666672 0.07031481481481487
0 0.8579114583333334 0.5828981481481481 0.024796875000000065 0.058592592592592564
0 0.2778333333333334 0.7178796296296296 0.021989583333333347 0.06900925925925923
0 0.1345208333333333 0.582462962962963 0.025083333333333315 0.06559259259259252
0 0.490234375 0.6384537037037037 0.02052083333333338 0.06711111111111112
0 0.117796875 0.26301851851851854 0.01953125 0.06342592592592593
0 0.21972916666666667 0.625 0.022322916666666675 0.06439814814814811
0 0.51171875 0.6375833333333334 0.027374999999999972 0.06352777777777768
0 0.6020520833333334 0.5729166666666666 0.023104166666666735 0.055361111111111076
0 0.3403333333333334 0.11708333333333333 0.02504166666666663 0.07058333333333332
0 0.24255208333333333 0.698787037037037 0.02737500000000003 0.06526851851851853
0 0.6333020833333334 0.7977407407407406 0.03004687500000003 0.05837962962962959
0 0.6303697916666666 0.3825925925925926 0.02293229166666677 0.06862962962962964
0 0.845703125 0.35915740740740737 0.031020833333333307 0.056861111111111085
0 0.9150416666666668 0.2311203703703704 0.021453125000000028 0.062009259259259285
0 0.6518541666666666 0.35633333333333334 0.021406249999999953 0.06369444444444441
0 0.302 0.525175925925926 0.02041666666666669 0.06537962962962954
0 0.09484895833333334 0.19878703703703704 0.034822916666666676 0.058268518518518525
0 0.4536145833333334 0.8342037037037038 0.03567708333333333 0.04375925925925925
0 0.2265625 0.4127592592592592 0.022416666666666647 0.07166666666666664
0 0.08166666666666668 0.33528703703703705 0.029817708333333335 0.05837962962962959
0 0.051848958333333334 0.743925925925926 0.040619791666666655 0.04180555555555564
0 0.5830104166666668 0.5507777777777778 0.021911458333333418 0.06662037037037041
0 0.2924791666666666 0.12662962962962962 0.03302083333333338 0.06646296296296295
0 0.34082291666666664 0.602 0.03506249999999997 0.05289814814814825
0 0.5483385416666666 0.5885462962962963 0.036776041666666676 0.036787037037037056
0 0.8139635416666666 0.5546851851851852 0.03775000000000001 0.051027777777777686
0 0.5419947916666668 0.6397592592592594 0.019119791666666684 0.06477777777777781
0 0.2541510416666667 0.27908333333333335 0.022677083333333313 0.06261111111111112
0 0.7133802083333334 0.4379351851851852 0.03515625 0.04571296296296297
0 0.14990104166666668 0.4351111111111111 0.025130208333333334 0.073462962962963
0 0.6884791666666668 0.23394444444444445 0.020963541666666665 0.0661388888888889
0 0.323 0.42577777777777776 0.039182291666666674 0.034722222222222224
0 0.9047864583333334 0.6176203703703703 0.023557291666666678 0.06049074074074067
0 0.11676041666666667 0.15017592592592593 0.024338541666666675 0.06499999999999999
0 0.044859375 0.712675925925926 0.039552083333333335 0.046416666666666766
0 0.163453125 0.1429074074074074 0.030442708333333356 0.06049074074074073
0 0.3422864583333334 0.7955740740740741 0.03448437500000002 0.05270370370370377
0 0.6596666666666666 0.22721296296296295 0.023286458333333353 0.06700000000000002
0 0.08496354166666667 0.6072037037037037 0.02386458333333333 0.06900925925925923
0 0.05154166666666666 0.5486111111111112 0.033661458333333324 0.0614166666666666
0 0.19714583333333333 0.3845462962962963 0.03854166666666667 0.05826851851851847
0 0.5263697916666666 0.3051203703703703 0.022890625000000022 0.06320370370370369
0 0.7421875 0.5182314814814816 0.025864583333333257 0.056638888888888954
0 0.040468750000000005 0.599388888888889 0.03527604166666666 0.0625
0 0.41015625 0.61675 0.022416666666666647 0.0625
0 0.509765625 0.4305555555555556 0.03506249999999997 0.04695370370370374
0 0.9106458333333334 0.5030370370370371 0.019791666666666666 0.06369444444444441
0 0.184203125 0.10899074074074074 0.02017187500000001 0.06760185185185187
0 0.6884791666666668 0.17903703703703705 0.03049999999999997 0.05503703703703704
0 0.16808854166666667 0.7907962962962962 0.03506249999999997 0.055037037037037086
0 0.06359895833333334 0.457462962962963 0.023958333333333342 0.06369444444444447
0 0.17480729166666667 0.6927129629629629 0.042635416666666676 0.036787037037037056
0 0.5673854166666668 0.13585185185185186 0.028807291666666637 0.05132407407407408
0 0.8154322916666668 0.360462962962963 0.03161458333333324 0.0635277777777778
0 0.6801770833333334 0.3982222222222222 0.018052083333333257 0.05718518518518518
0 0.2534166666666667 0.09564814814814815 0.02092187499999998 0.06369444444444444
0 0.196046875 0.5295185185185185 0.04193229166666666 0.03452777777777775
0 0.13965104166666667 0.5195277777777778 0.027526041666666678 0.05848148148148156
0 0.28613541666666664 0.16416666666666668 0.03302083333333338 0.050833333333333314
0 0.7177760416666668 0.3218333333333333 0.026552083333333344 0.06836111111111115
0 0.1953125 0.75 0.03781250000000001 0.03849074074074068
0 0.379640625 0.11122222222222222 0.018124999999999978 0.0691759259259259
0 0.08770833333333333 0.5039074074074075 0.04281770833333332 0.04730555555555548
0 0.034880208333333336 0.6657962962962962 0.025223958333333338 0.06813888888888882
0 0.6513697916666668 0.7660555555555556 0.01861458333333322 0.06613888888888894
0 0.921875 0.37000925925925926 0.03845312499999996 0.049962962962962994
0 0.33471875 0.06016666666666667 0.02215624999999998 0.06223148148148149
0 0.7338854166666666 0.32139814814814816 0.02488541666666677 0.06798148148148145
0 0.6098645833333334 0.8059907407407407 0.020645833333333266 0.06684259259259265
0 0.9624010416666666 0.6184907407407407 0.025953124999999962 0.06737962962962961
0 0.4702135416666666 0.11989814814814816 0.03607291666666666 0.05162037037037037
0 0.9731458333333334 0.2638888888888889 0.0284427083333334 0.047851851851851805
0 0.03136979166666667 0.1698148148148148 0.025510416666666667 0.06027777777777775
0 0.896484375 0.24110185185185184 0.020416666666666573 0.059842592592592586
0 0.8916041666666668 0.31401851851851853 0.03173958333333336 0.05631481481481486
0 0.08404687500000001 0.6809907407407407 0.026109374999999997 0.06836111111111104
0 0.44009895833333335 0.711574074074074 0.019302083333333307 0.06836111111111104
0 0.7685572916666668 0.6171851851851852 0.032895833333333256 0.04383333333333326
0 0.9018541666666666 0.4370648148148148 0.02752604166666662 0.06309259259259258
0 0.7822291666666668 0.5221388888888888 0.03454687499999996 0.04315740740740732
0 0.14965625 0.11241666666666666 0.022630208333333356 0.0724814814814815
0 0.04830729166666667 0.786888888888889 0.04208333333333334 0.0364351851851851
0 0.732421875 0.477 0.03010416666666676 0.05026851851851848
0 0.8681666666666668 0.36718518518518517 0.0390625 0.03740740740740739
0 0.8120104166666666 0.16742592592592592 0.01971354166666662 0.0654814814814815
0 0.8715833333333334 0.24001851851851855 0.01942187499999998 0.06613888888888893
0 0.9790052083333334 0.4848055555555556 0.03384375000000001 0.059027777777777776
0 0.52734375 0.6232685185185185 0.01864583333333337 0.07101851851851856
0 0.8471666666666666 0.2818981481481481 0.02263020833333324 0.06331481481481481
0 0.521484375 0.8849814814814815 0.03253125000000002 0.05360185185185194
0 0.7954114583333334 0.31162962962962965 0.03044270833333324 0.04877777777777773
0 0.06597916666666667 0.6493055555555556 0.025083333333333326 0.06879629629629626
0 0.7709947916666666 0.2397962962962963 0.02780208333333339 0.059138888888888894
0 0.7470729166666668 0.13411111111111113 0.029249999999999925 0.04432407407407408
0 0.194578125 0.8281296296296297 0.02670312499999999 0.06537962962962954
0 0.580078125 0.7734351851851852 0.03759895833333336 0.038712962962962914
0 0.05975520833333334 0.8355 0.02615104166666667 0.06342592592592593
0 0.7016614583333334 0.4778611111111111 0.03302083333333338 0.034074074074074034
0 0.30346875 0.08213888888888889 0.018692708333333384 0.0630925925925926
0 0.03891145833333333 0.2397962962962963 0.03942708333333334 0.04649074074074075
0 0.267578125 0.8398425925925925 0.027177083333333338 0.06737962962962961
0 0.5419947916666668 0.1758888888888889 0.019302083333333307 0.06662037037037036
0 0.8540052083333334 0.1231574074074074 0.01998958333333339 0.06119444444444446
0 0.7543958333333334 0.23068518518518516 0.022890624999999904 0.06152777777777779
0 0.9326197916666668 0.7578148148148148 0.02033854166666676 0.06775925925925932
0 0.05975520833333334 0.15125925925925926 0.030671875000000008 0.0655925925925926
0 0.08691666666666667 0.14887037037037038 0.03628645833333334 0.04793518518518517
0 0.830078125 0.14648148148148146 0.018125000000000096 0.06597222222222222
0 0.9340833333333334 0.6653611111111112 0.03942708333333324 0.041722222222222174
0 0.85546875 0.1998703703703704 0.02293229166666677 0.06450925925925928
0 0.5297864583333334 0.049129629629629634 0.026854166666666637 0.05848148148148148
0 0.9282239583333334 0.32725925925925925 0.04345833333333336 0.03662037037037033
0 0.7094739583333334 0.14312037037037037 0.01771354166666678 0.06635185185185184
0 0.6293958333333334 0.06380555555555555 0.031083333333333248 0.04511111111111111
0 0.09515625 0.10427777777777779 0.040921874999999996 0.04598148148148146
0 0.7758802083333334 0.16308333333333333 0.022536458333333325 0.06711111111111112
0 0.9140625 0.6892407407407407 0.02947916666666662 0.056314814814814755
0 0.22692708333333333 0.3088148148148148 0.031614583333333356 0.058055555555555596
0 0.5043958333333334 0.06851851851851852 0.029312499999999984 0.06412962962962962
0 0.176515625 0.054120370370370374 0.029817708333333335 0.05729629629629629
0 0.775390625 0.34287962962962965 0.03372395833333333 0.04163888888888891
0 0.015078125000000001 0.3274722222222222 0.025619791666666666 0.06233333333333338
0 0.6674791666666666 0.08398148148148149 0.030958333333333362 0.05599074074074074
0 0.9526354166666666 0.4869814814814815 0.02784895833333323 0.05686111111111113
0 0.7407239583333334 0.8211851851851851 0.025083333333333256 0.06798148148148155
0 0.86328125 0.4787314814814815 0.022536458333333325 0.06798148148148149
0 0.014177083333333333 0.5520833333333334 0.026765625 0.06787037037037033
0 0.7607447916666668 0.3153240740740741 0.03683333333333323 0.047851851851851805
0 0.7705104166666668 0.09999074074074074 0.019609375000000047 0.06462037037037037
0 0.9228541666666668 0.14496296296296296 0.03476041666666655 0.03947222222222222
0 0.8286145833333334 0.25434259259259256 0.026854166666666637 0.0621203703703704
0 0.9194322916666666 0.10275925925925924 0.03747395833333324 0.043509259259259254
0 0.767578125 0.7230925925925926 0.025083333333333256 0.06787037037037033
0 0.8481458333333334 0.5208333333333334 0.033322916666666674 0.050370370370370454
0 0.9575208333333334 0.15212962962962964 0.032041666666666656 0.05729629629629629
0 0.8881822916666666 0.6870648148148147 0.043760416666666656 0.044759259259259186
0 0.026609375 0.08750925925925926 0.031020833333333334 0.06412962962962965
0 0.012760416666666666 0.4675925925925926 0.025520833333333333 0.06481481481481481
0 0.583984375 0.04342592592592592 0.03506250000000009 0.04006481481481481
0 0.7387708333333334 0.22461111111111112 0.026260416666666706 0.06624074074074075
0 0.24694791666666666 0.21799074074074073 0.041380208333333356 0.04093518518518519
0 0.8017604166666668 0.08338888888888889 0.01744270833333322 0.06575925925925924
0 0.453859375 0.863712962962963 0.033140625000000055 0.04578703703703708
0 0.015078125000000001 0.22438888888888886 0.02958854166666667 0.040148148148148134
0 0.02194270833333333 0.3858518518518519 0.04153645833333333 0.05074999999999995
0 0.4497083333333334 0.04047222222222222 0.017854166666666654 0.06439814814814815
0 0.6967760416666666 0.10237962962962963 0.01771354166666678 0.06993518518518517
0 0.7084947916666666 0.8849814814814815 0.031369791666666674 0.06060185185185189
0 0.18066666666666667 0.8802129629629629 0.04247916666666664 0.056962962962962944
0 0.12463541666666668 0.9157962962962962 0.032713541666666686 0.058592592592592564
0 0.12365625000000001 0.4448796296296297 0.033140625000000014 0.03976851851851856
0 0.5068385416666666 0.13975925925925925 0.018124999999999978 0.06889814814814813
0 0.56640625 0.08587962962962963 0.019197916666666735 0.04703703703703705
0 0.3879375 0.03878703703703704 0.03955208333333336 0.041398148148148156
0 0.912109375 0.03531481481481481 0.021010416666666743 0.05341666666666667
0 0.6586927083333334 0.8546018518518519 0.021817708333333265 0.051435185185185146
0 0.970703125 0.09689814814814815 0.03628645833333337 0.046064814814814815
0 0.1579583333333333 0.8984351851851852 0.03933854166666665 0.04847222222222214
0 0.9321302083333334 0.2504351851851852 0.027010416666666735 0.04720370370370372
0 0.9643541666666666 0.8576388888888888 0.03732291666666659 0.03466666666666672
0 0.890625 0.08621296296296296 0.03143229166666662 0.037138888888888874
0 0.422609375 0.09776851851851852 0.016661458333333337 0.04785185185185186
0 0.3166510416666667 0.837675925925926 0.04037499999999999 0.062611111111111
0 0.07891666666666668 0.9045185185185185 0.023557291666666678 0.06993518518518516
0 0.987515625 0.8250833333333334 0.02496875000000003 0.044435185185185196
0 0.010453125 0.8255185185185184 0.020843749999999998 0.0625
0 0.028760416666666667 0.03125 0.036619791666666665 0.05037037037037038
0 0.9951614583333334 0.21375925925925926 0.009671875000000085 0.032416666666666656
0 0.5380885416666668 0.014962962962962963 0.03347916666666671 0.029379629629629627
0 0.744140625 0.9348981481481482 0.0323489583333334 0.03784259259259249
0 0.9594739583333334 0.041962962962962966 0.023911458333333257 0.04712037037037037
0 0.794921875 0.7460925925925925 0.02780208333333339 0.03198148148148145
0 0.4807135416666667 0.9149351851851851 0.03506249999999997 0.04685185185185177
0 0.025713541666666662 0.8454907407407407 0.04327604166666667 0.07259259259259268
0 0.177 0.3476574074074074 0.02571354166666667 0.04131481481481482
0 0.1931145833333333 0.9348981481481482 0.03759895833333336 0.04443518518518509
0 0.046114583333333334 0.9331574074074074 0.033265625 0.05555555555555555
0 0.4877916666666666 0.956601851851852 0.028213541666666706 0.05783333333333337
0 0.4438489583333334 0.75825 0.029375000000000047 0.03792592592592596
0 0.90234375 0.019703703703703706 0.021406249999999953 0.03940740740740741
0 0.25097916666666664 0.7686666666666666 0.03573437499999998 0.06488888888888882
0 0.106140625 0.9401018518518518 0.034880208333333315 0.04980555555555552
0 0.31738541666666664 0.015546296296296296 0.02116145833333339 0.030296296296296297
0 0.796875 0.7105 0.018125000000000096 0.04085185185185175
0 0.08477604166666668 0.01062962962962963 0.0390625 0.020537037037037038
0 0.525390625 0.962675925925926 0.02752604166666662 0.061527777777777716
0 0.25683854166666664 0.9427129629629629 0.037812499999999985 0.04543518518518513
0 0.3380208333333333 0.9652407407407407 0.03596874999999997 0.06373148148148142
0 0.29848958333333336 0.9541111111111111 0.03239062500000003 0.07927777777777768
0 0.009692708333333333 0.635537037037037 0.01725 0.05416666666666667
0 0.252390625 0.1503611111111111 0.028270833333333318 0.05491666666666667
0 0.3796041666666667 0.19827777777777778 0.02492708333333328 0.06885185185185186
0 0.39494270833333334 0.1401203703703704 0.012776041666666653 0.046138888888888875
0 0.359328125 0.8723611111111111 0.02226041666666667 0.03787962962962971
0 0.39175 0.6273055555555556 0.03768749999999995 0.052333333333333315
0 0.39071874999999995 0.284962962962963 0.043864583333333346 0.05648148148148148
0 0.41624479166666667 0.1455 0.02573958333333337 0.057324074074074055
0 0.44444791666666666 0.15519444444444447 0.03519791666666663 0.08549074074074073
0 0.42502604166666663 0.18846296296296294 0.040848958333333366 0.038472222222222234
0 0.44168749999999996 0.22310185185185183 0.022572916666666623 0.057777777777777754
0 0.4549739583333333 0.2665092592592592 0.019052083333333296 0.07516666666666665
0 0.45429166666666665 0.3422777777777778 0.02432812500000002 0.06774999999999996
0 0.4829166666666667 0.3034722222222222 0.04522395833333329 0.035953703703703745
0 0.4787135416666667 0.2646759259259259 0.03604166666666669 0.03887962962962964
0 0.47363541666666664 0.22830555555555554 0.03448437500000002 0.04041666666666664
0 0.4769114583333333 0.1868148148148148 0.02852083333333333 0.05045370370370371
0 0.4709010416666667 0.1578888888888889 0.014760416666666625 0.05667592592592591
0 0.5161354166666666 0.16442592592592595 0.01981249999999998 0.06398148148148144
0 0.5056822916666667 0.20660185185185184 0.03877083333333336 0.031722222222222214
0 0.5090520833333333 0.2546111111111111 0.01932291666666662 0.06595370370370372
0 0.539390625 0.3453148148148148 0.022145833333333323 0.05994444444444445
0 0.5707239583333333 0.33455555555555555 0.026880208333333398 0.06931481481481483
0 0.583328125 0.27439814814814817 0.02316145833333323 0.06285185185185185
0 0.5648645833333333 0.20825 0.03469791666666661 0.05274074074074072
0 0.5801041666666666 0.17344444444444443 0.04133854166666661 0.030314814814814822
0 0.5280312500000001 0.23854629629629628 0.02084375000000005 0.07376851851851851
0 0.5559739583333333 0.2746574074074074 0.030989583333333334 0.05017592592592598
0 0.5447864583333334 0.24757407407407406 0.02972395833333336 0.05571296296296295
0 0.6031145833333333 0.2546851851851852 0.02872395833333338 0.03800925925925924
0 0.6347708333333333 0.31927777777777777 0.028713541666666724 0.058194444444444465
0 0.6107864583333333 0.2902777777777778 0.04054166666666674 0.04325000000000003
0 0.627734375 0.2574722222222222 0.03301562499999993 0.05329629629629633
0 0.5039010416666667 0.48778703703703696 0.02898437500000005 0.037444444444444495
0 0.34901041666666666 0.010870370370370369 0.016843749999999956 0.02110185185185185
0 0.38938020833333337 0.35262037037037036 0.03576041666666671 0.05787962962962962
0 0.7712864583333333 0.2717962962962963 0.02557291666666662 0.06495370370370368
0 0.8151718750000001 0.2906666666666667 0.03440624999999997 0.049203703703703694
0 0.9939114583333333 0.26614814814814813 0.01217708333333339 0.03547222222222228
0 0.6479479166666666 0.9794537037037037 0.025911458333333335 0.041092592592592694
0 0.6225572916666666 0.9678796296296296 0.02229166666666676 0.057509259259259274
0 0.46664062500000003 0.9765648148148148 0.023072916666666644 0.028046296296296264
0 0.018692708333333332 0.9809074074074076 0.025130208333333334 0.03260185185185189
0 0.06488020833333333 0.8828148148148148 0.029817708333333335 0.028268518518518495
0 0.771484375 0.9730925925925926 0.018645833333333427 0.013111111111110976
0 0.732421875 0.9722222222222222 0.018583333333333247 0.012083333333333501
0 0.814453125 0.9756944444444444 0.018583333333333247 0.01680555555555564
0 0.41620833333333335 0.887287037037037 0.017520833333333385 0.032814814814814866
0 0.42028125000000005 0.7915000000000001 0.023109374999999942 0.07785185185185178
0 0.7844479166666667 0.5578703703703703 0.03898437499999995 0.024953703703703745
0 0.7807604166666666 0.5840092592592593 0.0305416666666666 0.03683333333333331
0 0.866375 0.29962962962962963 0.037796875000000084 0.03149074074074073