0 0.20068229166666668 0.4869814814814815 0.03448437500000002 0.053712962962962955
0 0.4919427083333333 0.465712962962963 0.02964583333333337 0.05400925925925924
0 0.5473645833333334 0.40429629629629626 0.02635416666666662 0.059842592592592586
0 0.6264635416666666 0.41340740740740745 0.028807291666666637 0.05772222222222225
0 0.2580572916666667 0.45355555555555555 0.031557291666666654 0.05870370370370368
0 0.11755208333333332 0.5360277777777778 0.02645833333333334 0.0625
0 0.21447916666666667 0.3305092592592592 0.024229166666666656 0.06737962962962961
0 0.2673333333333333 0.2875462962962963 0.037109375 0.058481481481481454
0 0.313234375 0.4960925925925926 0.028380208333333337 0.06369444444444441
0 0.33886979166666664 0.46440740740740744 0.029984374999999966 0.0658611111111111
0 0.151609375 0.33875925925925926 0.0313125 0.05962037037037036
0 0.397703125 0.38173148148148145 0.028166666666666628 0.06955555555555556
0 0.313234375 0.12587037037037035 0.029984374999999966 0.06684259259259259
0 0.2404791666666667 0.6406296296296297 0.025755208333333356 0.06390740740740739
0 0.20593229166666666 0.6197962962962963 0.03390625000000001 0.05587962962962954
0 0.6591822916666668 0.775611111111111 0.027177083333333248 0.06087037037037038
0 0.576171875 0.7725740740740741 0.027328124999999894 0.06049074074074067
0 0.135984375 0.4631111111111111 0.026307291666666663 0.06200925925925923
0 0.6860364583333334 0.7105 0.023557291666666678 0.06537962962962954
0 0.70703125 0.46267592592592593 0.03378125000000007 0.04730555555555559
0 0.16357291666666668 0.7152777777777778 0.03448437500000002 0.05150925925925936
0 0.23877083333333332 0.34700925925925924 0.031614583333333356 0.055472222222222194
0 0.24511979166666667 0.5290833333333333 0.03271354166666664 0.04961111111111104
0 0.21520833333333333 0.5863703703703703 0.03881770833333332 0.04492592592592591
0 0.19836458333333334 0.31923148148148145 0.022463541666666663 0.06749074074074073
0 0.6709010416666668 0.6657962962962962 0.031203124999999925 0.06152777777777782
0 0.4741197916666666 0.3652314814814815 0.02258333333333328 0.0628240740740741
0 0.1735833333333333 0.5434074074074075 0.027067708333333346 0.05783333333333337
0 0.19286979166666668 0.3836851851851852 0.03050000000000003 0.05783333333333337
0 0.4047864583333334 0.25563888888888886 0.019942708333333316 0.06813888888888892
0 0.5234375 0.5303796296296296 0.037109375 0.041314814814814714
0 0.28125 0.11219444444444443 0.0219114583333333 0.06927777777777776
0 0.6752916666666666 0.13910185185185184 0.021484375 0.07058333333333335
0 0.3151875 0.5572962962962963 0.034364583333333344 0.044675925925925924
0 0.4047864583333334 0.31792592592592595 0.032468749999999956 0.05240740740740743
0 0.6391614583333334 0.3472222222222222 0.02169791666666659 0.06673148148148142
0 0.3608385416666666 0.5069444444444444 0.021333333333333353 0.06309259259259269
0 0.13671875 0.5273425925925925 0.026854166666666655 0.06662037037037041
0 0.6625989583333334 0.45920370370370367 0.025328125000000055 0.062231481481481464
0 0.4614270833333334 0.8619814814814816 0.02975520833333339 0.058703703703703786
0 0.350828125 0.6523425925925925 0.03561458333333327 0.06076851851851862
0 0.31543229166666664 0.7183148148148147 0.03114062499999998 0.05150925925925936
0 0.767578125 0.1909722222222222 0.030562499999999916 0.062009259259259285
0 0.2973645833333334 0.4279537037037037 0.023468749999999972 0.06130555555555559
0 0.53515625 0.4583333333333333 0.03796354166666666 0.04047222222222226
0 0.1615 0.619361111111111 0.033322916666666674 0.049046296296296324
0 0.440671875 0.05222222222222222 0.02517708333333329 0.06836111111111111
0 0.37207291666666664 0.2988240740740741 0.022463541666666722 0.062333333333333275
0 0.418703125 0.6953148148148148 0.03259374999999996 0.044675925925925924
0 0.2605 0.7235277777777778 0.037046875 0.05170370370370363
0 0.7817395833333334 0.340712962962963 0.023515625000000047 0.06439814814814811
0 0.5209947916666666 0.38737037037037036 0.018338541666666687 0.06537962962962965
0 0.5737291666666666 0.3587222222222222 0.017640624999999945 0.06825000000000003
0 0.5522447916666666 0.6610277777777778 0.03167708333333342 0.05610185185185178
0 0.4721666666666666 0.7148425925925925 0.027953125000000037 0.055037037037037086
0 0.263671875 0.5789907407407406 0.03210416666666669 0.0463333333333333
0 0.10840104166666667 0.4392407407407407 0.03454687499999999 0.053416666666666716
0 0.7216822916666668 0.11642592592592592 0.02116145833333339 0.07075
0 0.2282708333333333 0.42838888888888893 0.021531250000000016 0.06559259259259262
0 0.2109375 0.4025648148148148 0.023817708333333344 0.06624074074074071
0 0.21667708333333333 0.5212685185185185 0.03277604166666664 0.04912962962962958
0 0.4008802083333334 0.551212962962963 0.021619791666666662 0.06401851851851861
0 0.3852552083333334 0.03491666666666666 0.025802083333333316 0.06282407407407407
0 0.5620104166666666 0.7057314814814816 0.023104166666666735 0.0588148148148148
0 0.5283229166666666 0.08306481481481481 0.017302083333333346 0.06711111111111111
0 0.7006822916666666 0.12207407407407407 0.021239583333333437 0.06646296296296297
0 0.2514635416666667 0.19064814814814815 0.03185937499999998 0.06087037037037038
0 0.4372552083333333 0.6423611111111112 0.031796874999999974 0.05181481481481485
0 0.38965104166666664 0.4722222222222222 0.03955208333333336 0.03439814814814818
0 0.04400520833333333 0.4379351851851852 0.022203124999999997 0.06722222222222224
0 0.5268541666666666 0.7838518518518518 0.03589062499999998 0.05319444444444449
0 0.1931145833333333 0.25021296296296297 0.03689583333333335 0.06450925925925925
0 0.39184375 0.7881944444444444 0.0316770833333333 0.051027777777777686
0 0.12243750000000002 0.25195370370370374 0.03210416666666668 0.06760185185185184
0 0.18066666666666667 0.3161851851851852 0.022031249999999978 0.0625
0 0.3540052083333334 0.19271296296296295 0.022244791666666687 0.06749074074074073
0 0.13622916666666668 0.587675925925926 0.022369791666666677 0.06537962962962954
0 0.6245104166666666 0.6093796296296297 0.03476041666666655 0.047120370370370465
0 0.9077135416666666 0.3617592592592592 0.03469791666666661 0.05935185185185187
0 0.06408854166666667 0.4965277777777778 0.022843749999999993 0.06450925925925928
0 0.8696302083333334 0.375 0.027374999999999972 0.0642870370370371
0 0.034546875 0.3200925925925926 0.037322916666666664 0.051509259259259255
0 0.18908854166666667 0.43662962962962965 0.030333333333333337 0.04350925925925927
0 0.4633802083333334 0.04259259259259259 0.026609374999999956 0.06320370370370369
0 0.3833020833333334 0.8368055555555556 0.03500520833333335 0.04831481481481487
0 0.8310572916666668 0.7365462962962963 0.02975520833333339 0.058703703703703786
0 0.080078125 0.4986944444444445 0.024656250000000015 0.06646296296296293
0 0.067078125 0.284287037037037 0.02508333333333334 0.06500000000000004
0 0.4919427083333333 0.6731759259259259 0.022244791666666687 0.0642870370370371
0 0.452390625 0.6879351851851853 0.03015104166666672 0.04980555555555552
0 0.2502447916666667 0.3882407407407408 0.03970312500000001 0.037759259259259235
0 0.6596666666666666 0.22135185185185186 0.0225833333333334 0.07074999999999997
0 0.3413072916666666 0.5894074074074074 0.035890625000000044 0.03895370370370364
0 0.7075208333333334 0.24349074074074076 0.017911458333333265 0.0711296296296296
0 0.8129895833333334 0.2397962962962963 0.018692708333333266 0.059027777777777776
0 0.3383802083333334 0.7339444444444444 0.019088541666666715 0.06526851851851853
0 0.1545416666666667 0.4900185185185185 0.023374999999999996 0.07204629629629625
0 0.8354479166666666 0.2363240740740741 0.018401041666666628 0.06342592592592596
0 0.556640625 0.8016481481481481 0.02120833333333323 0.06488888888888882
0 0.8325208333333334 0.6236944444444444 0.03540104166666656 0.05222222222222231
0 0.921875 0.2019351851851852 0.023999999999999962 0.06575925925925924
0 0.109921875 0.18966666666666668 0.02833333333333332 0.06320370370370369
0 0.1989739583333333 0.7118055555555556 0.039125 0.03985185185185182
0 0.716796875 0.4160185185185185 0.03500520833333335 0.03431481481481487
0 0.494875 0.8719629629629629 0.022505208333333353 0.06526851851851853
0 0.29590104166666664 0.4722222222222222 0.03338541666666662 0.04578703703703708
0 0.19226041666666666 0.7921018518518519 0.03079166666666667 0.05891666666666677
0 0.8701197916666668 0.5308148148148147 0.03488020833333323 0.03691666666666656
0 0.486328125 0.40429629629629626 0.033203125 0.05319444444444449
0 0.5083020833333334 0.7296018518518519 0.019453124999999953 0.06646296296296293
0 0.6625989583333334 0.31337037037037035 0.03271354166666664 0.06076851851851851
0 0.8110364583333334 0.16135185185185183 0.025802083333333316 0.06760185185185184
0 0.935546875 0.7886296296296297 0.030625000000000093 0.062009259259259285
0 0.5200208333333334 0.8259537037037037 0.0374739583333333 0.038657407407407404
0 0.4145520833333334 0.8515648148148148 0.03643750000000002 0.05270370370370377
0 0.8930677083333334 0.3812962962962963 0.029312500000000106 0.0625
0 0.6489270833333334 0.4016944444444444 0.035218749999999945 0.04961111111111115
0 0.16894791666666667 0.2534722222222222 0.024229166666666656 0.06380555555555553
0 0.9384791666666668 0.19271296296296295 0.022536458333333325 0.06646296296296293
0 0.5278333333333334 0.6245648148148147 0.023604166666666693 0.06500000000000004
0 0.7509791666666668 0.650611111111111 0.031203124999999925 0.04484259259259265
0 0.8823229166666666 0.6427962962962963 0.03366145833333339 0.05815740740740736
0 0.340578125 0.06965740740740742 0.03347916666666665 0.04291666666666666
0 0.4448229166666666 0.1909722222222222 0.03738541666666665 0.04375925925925925
0 0.3200677083333333 0.19162037037037036 0.03955208333333336 0.05007407407407406
0 0.8139635416666666 0.5789907407407406 0.032468750000000074 0.055361111111111076
0 0.6826197916666668 0.05037037037037037 0.018265625000000084 0.06760185185185186
0 0.8154322916666668 0.11621296296296298 0.030958333333333362 0.057296296296296303
0 0.7490260416666668 0.25715740740740745 0.041135416666666674 0.04367592592592592
0 0.6611354166666668 0.029268518518518517 0.024567708333333372 0.055259259259259265
0 0.8994166666666668 0.21896296296296297 0.033083333333333326 0.05707407407407409
0 0.8354479166666666 0.15928703703703703 0.02049479166666662 0.06412962962962962
0 0.362546875 0.7018240740740741 0.017515625000000055 0.06526851851851853
0 0.14367708333333334 0.16710185185185186 0.038453125000000005 0.037842592592592594
0 0.6092760416666666 0.13862037037037037 0.04236458333333341 0.05819444444444445
0 0.6025416666666668 0.08430555555555555 0.03506250000000009 0.04283333333333333
0 0.5688489583333334 0.032712962962962965 0.019119791666666684 0.06282407407407407
0 0.23742708333333334 0.7595462962962962 0.020796874999999975 0.07058333333333335
0 0.6142604166666668 0.8745648148148147 0.023557291666666678 0.07058333333333335
0 0.45996354166666664 0.6276018518518518 0.025802083333333316 0.06401851851851861
0 0.9506822916666666 0.5963518518518518 0.03359895833333345 0.053712962962962955
0 0.7504895833333334 0.04204629629629629 0.021651041666666752 0.06711111111111112
0 0.611328125 0.6631944444444444 0.029921874999999907 0.032037037037036954
0 0.935546875 0.06548148148148147 0.02752604166666662 0.057398148148148156
0 0.6010729166666666 0.5711851851851851 0.023026041666666684 0.05772222222222215
0 0.865234375 0.7309074074074075 0.039182291666666674 0.039685185185185094
0 0.018692708333333332 0.42144444444444445 0.028932291666666665 0.06380555555555553
0 0.69921875 0.3611111111111111 0.04098437500000003 0.038657407407407404
0 0.1198125 0.340712962962963 0.040312500000000015 0.03572222222222226
0 0.6567395833333334 0.8355 0.03747395833333324 0.03393518518518527
0 0.2834479166666667 0.03643518518518519 0.02418750000000003 0.06575925925925925
0 0.8842760416666666 0.5594629629629629 0.03515625 0.0364351851851851
0 0.939453125 0.28103703703703703 0.029375000000000047 0.06261111111111112
0 0.2639166666666667 0.02848148148148148 0.022932291666666653 0.05663888888888889
0 0.08301041666666667 0.588111111111111 0.022677083333333344 0.058055555555555596
0 0.33203125 0.15375 0.0375364583333333 0.04527777777777776
0 0.14660416666666667 0.24262037037037035 0.02810416666666667 0.06760185185185184
0 0.2963854166666666 0.23003703703703704 0.034421874999999956 0.06862962962962964
0 0.6303697916666666 0.03491666666666666 0.023145833333333362 0.06282407407407407
0 0.08709895833333332 0.19064814814814815 0.027328124999999984 0.05794444444444443
0 0.0416875 0.16655555555555554 0.02263020833333334 0.06851851851851852
0 0.09857291666666666 0.5863703703703703 0.022536458333333325 0.06673148148148142
0 0.5356458333333334 0.7395833333333334 0.035276041666666674 0.04023148148148152
0 0.0989375 0.37478703703703703 0.026151041666666656 0.058055555555555596
0 0.8852552083333334 0.7005185185185184 0.042234375000000074 0.05452777777777787
0 0.7255885416666668 0.034861111111111114 0.019682291666666647 0.06331481481481481
0 0.8588854166666666 0.037842592592592594 0.02908333333333341 0.0661388888888889
0 0.13293229166666667 0.19541666666666668 0.036619791666666665 0.03819444444444445
0 0.80859375 0.7252592592592593 0.03390624999999995 0.05951851851851849
0 0.0416875 0.7348055555555556 0.039276041666666664 0.049046296296296324
0 0.9155260416666666 0.29145370370370366 0.021817708333333265 0.06261111111111112
0 0.845703125 0.3795555555555556 0.019791666666666666 0.06223148148148151
0 0.931640625 0.34049074074074076 0.019119791666666684 0.06369444444444441
0 0.015958333333333335 0.3606759259259259 0.031140624999999995 0.04885185185185184
0 0.7211927083333334 0.8059907407407407 0.026854166666666637 0.06212037037037029
0 0.8701197916666668 0.12955555555555553 0.02784895833333323 0.06700000000000002
0 0.06903125 0.8090277777777778 0.02365104166666667 0.07139814814814806
0 0.297609375 0.6085092592592594 0.03649999999999996 0.04014814814814806
0 0.1501458333333333 0.10877777777777779 0.022416666666666647 0.07638888888888891
0 0.9736354166666668 0.2643240740740741 0.03720312499999991 0.04187962962962965
0 0.7456041666666666 0.13173148148148148 0.02780208333333339 0.04535185185185186
0 0.7983385416666666 0.6909722222222222 0.021453125000000028 0.06390740740740739
0 0.8676770833333334 0.0720462962962963 0.030916666666666735 0.046333333333333324
0 0.242796875 0.8077222222222222 0.04257291666666667 0.03296296296296288
0 0.08587499999999999 0.3361574074074074 0.026109374999999997 0.05674999999999997
0 0.9716822916666668 0.4474814814814815 0.023557291666666678 0.06450925925925928
0 0.421875 0.09635185185185186 0.022203125000000056 0.044925925925925925
0 0.9008802083333334 0.7921018518518519 0.04147395833333339 0.03740740740740749
0 0.061890625 0.21462962962962964 0.03302083333333334 0.04858333333333336
0 0.98046875 0.8276944444444444 0.02854687499999997 0.065861111111111
0 0.042328125 0.6223981481481482 0.03774999999999999 0.04038888888888879
0 0.014619791666666666 0.7317685185185184 0.027067708333333333 0.06282407407407399
0 0.9619166666666668 0.20681481481481484 0.028869791666666582 0.05576851851851854
0 0.9838854166666666 0.6441018518518519 0.0301510416666666 0.05281481481481478
0 0.044921875 0.8263888888888888 0.023374999999999996 0.07112962962962957
0 0.08740104166666667 0.8411481481481482 0.023104166666666672 0.0753611111111112
0 0.352296875 0.020305555555555556 0.03759895833333336 0.03827777777777778
0 0.028380208333333334 0.676212962962963 0.025713541666666662 0.07031481481481487
0 0.8374010416666666 0.0362962962962963 0.018828125000000046 0.05392592592592593
0 0.951171875 0.49175 0.03179687500000009 0.038490740740740735
0 0.07385416666666668 0.727 0.039640625000000006 0.045111111111111137
0 0.849609375 0.33875925925925926 0.034182291666666725 0.04300000000000005
0 0.01634375 0.8129351851851853 0.026963541666666667 0.0768240740740741
0 0.10949479166666666 0.8446203703703704 0.02504166666666666 0.07400000000000007
0 0.7421875 0.4600740740740741 0.033083333333333326 0.06646296296296293
0 0.970703125 0.14127777777777778 0.03161458333333324 0.054527777777777765
0 0.859375 0.4817685185185185 0.03607291666666678 0.06212037037037035
0 0.55078125 0.9157962962962962 0.04296875 0.03985185185185182
0 0.7836927083333334 0.8671851851851852 0.023958333333333335 0.07156481481481478
0 0.5078125 0.9513888888888888 0.020921875000000038 0.0666203703703703
0 0.48535416666666664 0.9531296296296298 0.03004687500000003 0.07139814814814816
0 0.7866197916666666 0.27451851851851855 0.04052604166666664 0.06537962962962965
0 0.009713541666666665 0.6645 0.01864583333333333 0.07047222222222213
0 0.80859375 0.8888888888888888 0.03372395833333333 0.060379629629629665
0 0.9638697916666668 0.8172777777777778 0.02780208333333339 0.05962037037037046
0 0.2109375 0.02973148148148148 0.029875000000000006 0.059027777777777776
0 0.970703125 0.11208333333333333 0.04083333333333338 0.0406111111111111
0 0.8911145833333334 0.761287037037037 0.03384375000000001 0.030546296296296304
0 0.3784166666666666 0.926212962962963 0.026552083333333344 0.05170370370370373
0 0.2370625 0.9131944444444444 0.02517708333333335 0.06462037037037034
0 0.9942708333333333 0.2222222222222222 0.011458333333333333 0.05
0 0.41015625 0.018583333333333334 0.015901041666666654 0.035805555555555556
0 0.20105208333333333 0.9539907407407406 0.022630208333333356 0.06775925925925921
0 0.012010416666666666 0.12890740740740741 0.023375 0.031601851851851846
0 0.9858385416666666 0.8984351851851852 0.02769270833333337 0.06380555555555563
0 0.156859375 0.8433148148148147 0.03979687499999998 0.055361111111111076
0 0.29004166666666664 0.9366296296296296 0.03860416666666673 0.03993518518518529
0 0.5375989583333334 0.956601851851852 0.025802083333333316 0.06499999999999993
0 0.052520833333333336 0.8671851851851852 0.04672395833333332 0.04023148148148152
0 0.4509270833333333 0.9635462962962964 0.02769270833333337 0.053194444444444385
0 0.029312500000000002 0.04942592592592593 0.03390625 0.04147222222222223
0 0.4177239583333333 0.9609351851851852 0.03555208333333333 0.04196296296296301
0 0.43847916666666664 0.8784722222222222 0.04281770833333335 0.04031481481481478
0 0.9959427083333333 0.3836851851851852 0.008109375000000085 0.02962037037037038
0 0.07666145833333333 0.01506481481481481 0.03823958333333334 0.029944444444444447
0 0.008812500000000001 0.17556481481481484 0.017182291666666672 0.031138888888888886
0 0.5795885416666666 0.9444444444444444 0.03555208333333345 0.04155555555555566
0 0.2592760416666666 0.9557314814814816 0.02758854166666665 0.06787037037037043
0 0.904296875 0.02171296296296296 0.026963541666666656 0.04342592592592592
0 0.4626458333333333 0.928824074074074 0.021453125000000028 0.06223148148148141
0 0.019989583333333335 0.9166666666666666 0.034546875 0.04980555555555552
0 0.7021510416666668 0.8767407407407407 0.023421874999999894 0.04969444444444451
0 0.23156770833333334 0.980037037037037 0.037901041666666656 0.036481481481481566
0 0.7607447916666668 0.9392407407407407 0.034182291666666725 0.03836111111111117
0 0.36103645833333337 0.999537037037037 0.07870312500000007 0.000925925925925926
0 0.36682291666666667 0.999537037037037 0.0796875 0.000925925925925926
0 0.4294322916666667 0.3191111111111111 0.026093749999999954 0.0632592592592592
0 0.44015625 0.12824074074074074 0.03702604166666663 0.05426851851851853
0 0.4606927083333333 0.10125925925925927 0.020250000000000056 0.07325925925925927
0 0.47420833333333334 0.1477314814814815 0.020984374999999982 0.07080555555555557
0 0.50065625 0.09757407407407406 0.038651041666666684 0.041564814814814804
0 0.49984375000000003 0.06046296296296296 0.02450520833333331 0.03639814814814815
0 0.479359375 0.018046296296296296 0.034968750000000055 0.03609259259259259
0 0.45893229166666666 0.29050000000000004 0.021458333333333357 0.07112962962962957
0 0.442421875 0.2513240740740741 0.022093750000000037 0.08161111111111109
0 0.41554687500000004 0.22837037037037036 0.027249999999999965 0.08433333333333334
0 0.494109375 0.2690925925925926 0.018192708333333366 0.06664814814814816
0 0.4710520833333333 0.256 0.021510416666666643 0.07225925925925925
0 0.4989739583333333 0.3233240740740741 0.03738541666666665 0.0404444444444444
0 0.51609375 0.2378611111111111 0.02744791666666669 0.07151851851851852
0 0.487171875 0.1892962962962963 0.03902083333333337 0.037037037037037035
0 0.544671875 0.3379537037037037 0.030437500000000027 0.058481481481481454
0 0.560078125 0.3076574074074074 0.023916666666666704 0.05120370370370366
0 0.6014114583333333 0.2535277777777778 0.02454166666666661 0.07104629629629632
0 0.5851875 0.26773148148148146 0.02575000000000003 0.07141666666666666
0 0.5538229166666666 0.2509074074074074 0.032963541666666644 0.053657407407407424
0 0.5415416666666667 0.2215462962962963 0.026286458333333287 0.05572222222222223
0 0.5216666666666667 0.18106481481481482 0.02439583333333329 0.06172222222222219
0 0.509203125 0.14469444444444446 0.03312499999999995 0.05631481481481481
0 0.5358385416666667 0.15188888888888888 0.029598958333333297 0.06042592592592592
0 0.5581354166666667 0.1822314814814815 0.04053125000000009 0.06967592592592593
0 0.5593958333333333 0.09443518518518518 0.024125000000000084 0.04371296296296297
0 0.5769583333333334 0.13552777777777777 0.0387447916666666 0.06230555555555557
0 0.6062239583333333 0.19228703703703703 0.047307291666666626 0.039287037037037044
0 0.63671875 0.9802962962962963 0.03423958333333322 0.039398148148148314
0 0.6870104166666666 0.956601851851852 0.03869791666666676 0.04668518518518525
0 0.9663072916666666 0.9721111111111113 0.028932291666666762 0.05576851851851854
0 0.29785416666666664 0.9826388888888888 0.02645833333333331 0.03290740740740737
0 0.010901041666666667 0.980037037037037 0.021364583333333333 0.0327685185185184
0 0.4243177083333334 0.8932314814814816 0.03533854166666662 0.047037037037036995
0 0.18078645833333334 0.9782962962962962 0.026765624999999994 0.027740740740740774
0 0.2067864583333333 0.9765648148148148 0.029817708333333335 0.0349166666666667
0 0.6351718749999999 0.12487037037037038 0.0345312500000001 0.0712962962962963
0 0.5009427083333333 0.6397499999999999 0.03699479166666665 0.06816666666666678
0 0.9907760416666667 0.5738518518518518 0.018447916666666706 0.046694444444444504
0 0.273890625 0.6201111111111112 0.020963541666666665 0.05852777777777781
0 0.07938541666666667 0.7577685185185185 0.022401041666666663 0.027833333333333283
0 0.9928489583333333 0.9194629629629629 0.009947916666666619 0.05082407407407417