0 0.2482916666666667 0.5026018518518518 0.02833333333333332 0.057398148148148156
0 0.35254166666666664 0.6788240740740741 0.027114583333333307 0.059027777777777776
0 0.1615 0.41167592592592595 0.03050000000000003 0.06005555555555557
0 0.23681770833333332 0.40712037037037035 0.025666666666666654 0.06575925925925924
0 0.188234375 0.4978333333333333 0.03881770833333332 0.03798148148148146
0 0.3518072916666667 0.36241666666666666 0.03689583333333329 0.05319444444444449
0 0.09533854166666668 0.6132777777777778 0.034822916666666676 0.06119444444444437
0 0.3308125 0.7348055555555556 0.03704687499999994 0.04391666666666673
0 0.293703125 0.7361111111111112 0.023239583333333275 0.06087037037037038
0 0.3984375 0.556425925925926 0.024520833333333294 0.05984259259259269
0 0.2895520833333334 0.46440740740740744 0.022890625000000022 0.06684259259259254
0 0.6577135416666666 0.4991296296296296 0.028104166666666687 0.057296296296296345
0 0.13818229166666668 0.5842037037037038 0.02571354166666667 0.06597222222222222
0 0.09686458333333332 0.5169259259259259 0.03402604166666666 0.05815740740740736
0 0.18859895833333334 0.7634537037037037 0.0390625 0.05083333333333342
0 0.367921875 0.5164907407407406 0.03661979166666664 0.03954629629629633
0 0.5927760416666668 0.6180555555555556 0.025468750000000047 0.06152777777777782
0 0.11181770833333333 0.5447037037037037 0.035734375000000006 0.049046296296296324
0 0.17297395833333334 0.36674999999999996 0.02400000000000002 0.06646296296296293
0 0.1931145833333333 0.41797222222222224 0.03854166666666667 0.04212962962962963
0 0.2673333333333333 0.65625 0.039427083333333356 0.043351851851851794
0 0.31152604166666664 0.6115462962962963 0.03616145833333337 0.04367592592592599
0 0.3530260416666666 0.31401851851851853 0.03768749999999995 0.05251851851851854
0 0.5732447916666668 0.5342870370370371 0.022890624999999904 0.06271296296296298
0 0.3532708333333333 0.6289074074074075 0.036989583333333326 0.04315740740740732
0 0.4522864583333333 0.42033333333333334 0.02365104166666671 0.0635277777777778
0 0.15746875 0.295787037037037 0.03259375000000002 0.04980555555555552
0 0.5327135416666666 0.4752592592592592 0.033140625000000055 0.047037037037036995
0 0.29028125 0.8389722222222222 0.02908333333333329 0.05485185185185186
0 0.272703125 0.22125 0.024520833333333325 0.06889814814814813
0 0.236328125 0.3328981481481481 0.026505208333333325 0.06087037037037038
0 0.3879375 0.3059907407407408 0.03347916666666665 0.04657407407407403
0 0.5961927083333334 0.43966666666666665 0.024614583333333447 0.060379629629629665
0 0.2690416666666666 0.7890648148148148 0.03004687500000003 0.04649074074074078
0 0.2985833333333333 0.6857685185185185 0.03726041666666665 0.04391666666666673
0 0.2739270833333334 0.8593796296296297 0.02801562499999998 0.056638888888888954
0 0.25854687500000006 0.3791203703703704 0.02241666666666668 0.06613888888888884
0 0.24597395833333333 0.7881944444444444 0.02908333333333335 0.056314814814814755
0 0.2161875 0.6124166666666666 0.038114583333333306 0.053416666666666716
0 0.38159375 0.19400925925925927 0.021817708333333387 0.06851851851851852
0 0.126953125 0.3298611111111111 0.034546875000000005 0.049314814814814804
0 0.448 0.8372407407407407 0.03548958333333339 0.04375925925925925
0 0.2553697916666667 0.7460925925925925 0.036776041666666676 0.04291666666666658
0 0.15246354166666667 0.3431018518518519 0.027114583333333307 0.058916666666666666
0 0.35278125 0.18250925925925926 0.03628645833333337 0.05576851851851854
0 0.4567864583333333 0.5789907407407406 0.029203124999999965 0.05642592592592598
0 0.039947916666666666 0.5616296296296296 0.037046875 0.06223148148148151
0 0.24694791666666666 0.8593796296296297 0.02635416666666668 0.057620370370370384
0 0.3142083333333333 0.8854166666666666 0.032229166666666725 0.04730555555555548
0 0.5590833333333334 0.4791666666666667 0.025619791666666693 0.06500000000000004
0 0.39160416666666664 0.3899722222222222 0.019239583333333362 0.060379629629629665
0 0.35449479166666664 0.5525185185185185 0.03768749999999995 0.03553703703703714
0 0.22375520833333334 0.7447962962962963 0.028104166666666687 0.057620370370370384
0 0.21630729166666668 0.7994814814814816 0.026609375000000015 0.05610185185185178
0 0.155515625 0.4726574074074074 0.036989583333333326 0.040851851851851806
0 0.6616197916666666 0.42491666666666666 0.024229166666666656 0.059731481481481476
0 0.5375989583333334 0.5533888888888888 0.03561458333333339 0.04649074074074078
0 0.14941666666666667 0.8394074074074074 0.025130208333333334 0.05815740740740736
0 0.4392083333333333 0.6080740740740741 0.018906249999999975 0.06331481481481492
0 0.460203125 0.7738703703703703 0.037473958333333356 0.04527777777777786
0 0.09283333333333334 0.3791203703703704 0.02571354166666667 0.06635185185185183
0 0.17590104166666667 0.6757777777777778 0.037109375 0.04969444444444451
0 0.6015625 0.5729166666666666 0.023026041666666684 0.05422222222222217
0 0.4633802083333334 0.6349814814814815 0.017380208333333275 0.06390740740740739
0 0.5708020833333334 0.3222685185185185 0.030916666666666735 0.06309259259259258
0 0.2905260416666666 0.1496296296296296 0.023729166666666638 0.0658611111111111
0 0.2204583333333333 0.8628518518518519 0.02400000000000002 0.062009259259259285
0 0.5302760416666666 0.6184907407407407 0.019239583333333303 0.07101851851851856
0 0.5126979166666666 0.358287037037037 0.03677604166666661 0.04657407407407403
0 0.6850572916666666 0.4839444444444444 0.020723958333333313 0.06390740740740739
0 0.6123072916666668 0.4056018518518519 0.03302083333333338 0.05392592592592593
0 0.6313489583333334 0.4526944444444444 0.03390624999999995 0.04350925925925921
0 0.40234375 0.6228333333333333 0.03683333333333335 0.03629629629629634
0 0.20348958333333333 0.2996944444444445 0.035276041666666674 0.057398148148148156
0 0.546875 0.2486944444444444 0.018296875000000056 0.06646296296296293
0 0.12902604166666667 0.7686666666666666 0.02958854166666667 0.06109259259259261
0 0.1196875 0.4138425925925926 0.04287500000000001 0.04052777777777776
0 0.6508802083333334 0.7790833333333333 0.031369791666666674 0.0551481481481481
0 0.14111458333333332 0.15733333333333333 0.02165104166666668 0.07112962962962963
0 0.1501458333333333 0.6592870370370371 0.029374999999999988 0.054120370370370416
0 0.50390625 0.6210925925925925 0.03004687500000003 0.03887037037037039
0 0.14831770833333333 0.11968518518518517 0.025223958333333307 0.07883333333333332
0 0.06371875 0.525611111111111 0.04009895833333334 0.04676851851851851
0 0.3513177083333333 0.12380555555555556 0.025375000000000016 0.06499999999999999
0 0.186890625 0.11686111111111112 0.02474999999999999 0.07112962962962964
0 0.40503125 0.7743055555555556 0.021776041666666638 0.06775925925925932
0 0.03775 0.6653611111111112 0.027437500000000004 0.06309259259259269
0 0.4357916666666667 0.08881481481481482 0.03628645833333337 0.04492592592592594
0 0.3146979166666667 0.389537037037037 0.022463541666666722 0.06851851851851852
0 0.2595208333333333 0.5759537037037037 0.04168749999999998 0.036351851851851844
0 0.044921875 0.5043425925925926 0.041229166666666664 0.0544444444444444
0 0.017104166666666667 0.37587037037037035 0.026307291666666663 0.06722222222222224
0 0.050416666666666665 0.35525 0.03091666666666666 0.0635277777777778
0 0.5830104166666668 0.15537962962962965 0.025270833333333322 0.06700000000000002
0 0.9501979166666668 0.6410555555555556 0.03010416666666676 0.05555555555555555
0 0.6875 0.3836851851851852 0.022416666666666647 0.04885185185185184
0 0.9594739583333334 0.4848055555555556 0.023192708333333437 0.0653796296296296
0 0.06903125 0.3363703703703703 0.025328124999999996 0.062333333333333275
0 0.21569791666666666 0.048018518518518516 0.03927604166666665 0.05260185185185185
0 0.389890625 0.049962962962962966 0.030276041666666722 0.05382407407407408
0 0.20348958333333333 0.6966111111111112 0.03796354166666666 0.03425925925925926
0 0.3806145833333333 0.2649722222222222 0.038328124999999956 0.04250925925925923
0 0.07208333333333333 0.602 0.024276041666666675 0.0642870370370371
0 0.5239270833333334 0.7061666666666666 0.020369791666666675 0.06760185185185184
0 0.2553697916666666 0.14757407407407408 0.03253124999999999 0.04107407407407409
0 0.1721197916666667 0.04877777777777778 0.03366145833333333 0.05462962962962964
0 0.6142604166666668 0.6753518518518519 0.0360104166666666 0.038435185185185176
0 0.763671875 0.41167592592592595 0.027223958333333322 0.058592592592592564
0 0.09515625 0.30468518518518517 0.029817708333333335 0.0540092592592593
0 0.568359375 0.17133333333333334 0.024229166666666656 0.06477777777777775
0 0.6640625 0.6002592592592593 0.024046875000000037 0.060277777777777694
0 0.6953125 0.3274722222222222 0.03408854166666657 0.04234259259259261
0 0.5913072916666666 0.08045370370370371 0.03622395833333343 0.042342592592592584
0 0.014671875000000001 0.4722222222222222 0.025953125 0.07047222222222219
0 0.10320833333333333 0.7586851851851851 0.033140625 0.06500000000000004
0 0.5 0.880638888888889 0.03720312500000003 0.03895370370370364
0 0.7758802083333334 0.5234351851851852 0.03854166666666667 0.03740740740740749
0 0.662109375 0.21950925925925927 0.019302083333333307 0.06944444444444445
0 0.21057291666666667 0.3559074074074074 0.028062499999999997 0.06500000000000004
0 0.7114270833333334 0.1567962962962963 0.03561458333333339 0.045435185185185176
0 0.24304166666666666 0.6093796296296297 0.020567708333333337 0.07411111111111107
0 0.666015625 0.07498148148148148 0.026109375000000056 0.05181481481481482
0 0.13659895833333333 0.5182314814814816 0.030276041666666663 0.05496296296296287
0 0.7231458333333334 0.19639814814814816 0.03823958333333337 0.03749074074074075
0 0.6494166666666668 0.324 0.027265624999999953 0.042916666666666686
0 0.8598645833333334 0.4908888888888889 0.031557291666666744 0.062333333333333275
0 0.08416666666666667 0.1086111111111111 0.033083333333333326 0.07329629629629629
0 0.10449479166666667 0.23133333333333334 0.025421875 0.0702037037037037
0 0.90625 0.4385833333333333 0.023072916666666762 0.06309259259259258
0 0.4702135416666666 0.13585185185185186 0.018187500000000037 0.06862962962962964
0 0.734375 0.08382407407407408 0.018401041666666628 0.06380555555555555
0 0.6313489583333334 0.03925 0.026765624999999935 0.056638888888888884
0 0.30371354166666664 0.07047222222222223 0.023770833333333387 0.06462037037037037
0 0.2009270833333333 0.3721759259259259 0.023604166666666693 0.05663888888888885
0 0.442625 0.14887037037037038 0.037473958333333356 0.048398148148148135
0 0.9867552083333333 0.28624074074074074 0.0264895833333334 0.053712962962962955
0 0.8422864583333334 0.6432314814814816 0.0390625 0.046064814814814815
0 0.5244166666666666 0.2510833333333333 0.018338541666666628 0.06851851851851852
0 0.7465833333333334 0.4730925925925926 0.03747395833333324 0.040768518518518544
0 0.6791979166666666 0.27582407407407405 0.020416666666666573 0.06673148148148142
0 0.7021510416666668 0.7291666666666666 0.03515625 0.03784259259259249
0 0.8159166666666666 0.36957407407407405 0.023604166666666752 0.06624074074074071
0 0.038114583333333334 0.4173148148148148 0.044187500000000005 0.035537037037037034
0 0.3803697916666666 0.7682314814814816 0.017854166666666654 0.07194444444444449
0 0.7651354166666666 0.2463148148148148 0.0225833333333334 0.059731481481481476
0 0.7416979166666666 0.31162962962962965 0.02116145833333339 0.0628240740740741
0 0.044921875 0.2818981481481481 0.024427083333333335 0.07177777777777776
0 0.3205572916666667 0.04961111111111111 0.028276041666666647 0.062333333333333324
0 0.3979479166666666 0.8719629629629629 0.03671354166666667 0.0360000000000001
0 0.7973645833333334 0.618925925925926 0.021578124999999913 0.0614166666666666
0 0.9755885416666668 0.22243518518518518 0.036989583333333326 0.0496111111111111
0 0.26953125 0.08322222222222221 0.022630208333333356 0.06499999999999999
0 0.7016614583333334 0.10411111111111111 0.02049479166666662 0.06993518518518517
0 0.47265625 0.044 0.022244791666666687 0.062120370370370374
0 0.9296875 0.5863703703703703 0.04077083333333344 0.03954629629629633
0 0.7944322916666666 0.2361111111111111 0.023104166666666735 0.06428703703703707
0 0.8662135416666668 0.3483055555555556 0.03049999999999997 0.06087037037037038
0 0.8969739583333334 0.3906296296296296 0.029817708333333335 0.04774074074074069
0 0.9365260416666668 0.2573796296296297 0.02566666666666677 0.05772222222222225
0 0.7739270833333334 0.16710185185185186 0.022505208333333353 0.06369444444444447
0 0.9663072916666666 0.17285185185185187 0.03860416666666661 0.03836111111111112
0 0.9379895833333334 0.3164074074074074 0.03607291666666678 0.05240740740740743
0 0.2583020833333333 0.90625 0.03875520833333332 0.040694444444444484
0 0.865234375 0.4483518518518519 0.03582812499999998 0.05064814814814819
0 0.7583020833333334 0.3663240740740741 0.03448437500000002 0.04820370370370365
0 0.2875989583333334 0.07975 0.02052083333333338 0.06787037037037039
0 0.18957291666666667 0.6124166666666666 0.03643750000000002 0.03439814814814823
0 0.505859375 0.9348981481481482 0.026307291666666663 0.05924074074074076
0 0.85546875 0.19499074074074074 0.025953124999999962 0.06798148148148149
0 0.900390625 0.5052129629629629 0.03726041666666665 0.07454629629629629
0 0.251953125 0.08962962962962963 0.02059895833333331 0.06662037037037039
0 0.45215104166666664 0.044000000000000004 0.023958333333333335 0.06488888888888888
0 0.3046875 0.9348981481481482 0.033265624999999945 0.05102777777777779
0 0.8486354166666668 0.5720462962962962 0.03881770833333344 0.04052777777777776
0 0.7290052083333334 0.8155370370370371 0.035218749999999945 0.04204629629629637
0 0.7612291666666666 0.213 0.03347916666666677 0.0473888888888889
0 0.8876979166666668 0.6770833333333334 0.04336458333333345 0.03954629629629633
0 0.796875 0.35547222222222224 0.02442708333333338 0.07156481481481478
0 0.5502916666666666 0.07693518518518519 0.035218749999999945 0.03775925925925926
0 0.8413072916666666 0.35980555555555555 0.021010416666666743 0.06271296296296298
0 0.8315416666666666 0.14203703703703704 0.019270833333333334 0.06787037037037039
0 0.9057604166666666 0.6228333333333333 0.022109374999999907 0.0633148148148147
0 0.12140104166666668 0.8016481481481481 0.04629687500000001 0.04093518518518522
0 0.5322291666666666 0.049129629629629634 0.0316770833333333 0.034861111111111114
0 0.15393229166666667 0.02700925925925926 0.03198437499999998 0.05281481481481481
0 0.021911458333333335 0.30707407407407405 0.03314062500000001 0.05162037037037037
0 0.18871875 0.8385462962962963 0.0434583333333333 0.041018518518518475
0 0.9575208333333334 0.1275 0.03738541666666677 0.03792592592592592
0 0.9282239583333334 0.755638888888889 0.024520833333333294 0.06559259259259252
0 0.9072291666666668 0.24262037037037035 0.037901041666666656 0.04858333333333336
0 0.8295885416666666 0.5902777777777778 0.03970312500000001 0.03849074074074068
0 0.576171875 0.0472037037037037 0.03216666666666678 0.03697222222222222
0 0.8056666666666668 0.14887037037037038 0.035947916666666656 0.03580555555555557
0 0.8759791666666668 0.0932037037037037 0.021286458333333275 0.06390740740740739
0 0.0559375 0.7460925925925925 0.03241145833333334 0.07112962962962957
0 0.0808125 0.8676203703703703 0.026307291666666663 0.053712962962962955
0 0.955078125 0.05222222222222222 0.023729166666666638 0.05281481481481482
0 0.658203125 0.021675925925925925 0.031083333333333248 0.04155555555555556
0 0.050234375000000005 0.8624166666666666 0.023515625000000002 0.06673148148148142
0 0.8833020833333334 0.16710185185185186 0.04001041666666675 0.04712037037037036
0 0.3334947916666666 0.02578703703703704 0.030729166666666665 0.04980555555555556
0 0.012869791666666667 0.1408425925925926 0.022583333333333334 0.0720462962962963
0 0.9599635416666668 0.8420185185185185 0.03033333333333322 0.05045370370370371
0 0.849609375 0.2975277777777778 0.03720312499999991 0.03260185185185189
0 0.8354479166666666 0.8854166666666666 0.031020833333333307 0.06223148148148151
0 0.8017604166666668 0.06450925925925927 0.03634895833333331 0.031138888888888886
0 0.3828125 0.8975740740740741 0.04568229166666669 0.04107407407407398
0 0.3208020833333334 0.42903703703703705 0.01998958333333339 0.05319444444444449
0 0.4865729166666667 0.9557314814814816 0.022890625000000022 0.058592592592592675
0 0.9887708333333334 0.375 0.02169791666666659 0.05270370370370366
0 0.2678229166666667 0.027425925925925927 0.04263541666666664 0.04502777777777778
0 0.19714583333333333 0.8671851851851852 0.024093749999999994 0.05083333333333342
0 0.6235364583333334 0.25911111111111107 0.01953125 0.04668518518518518
0 0.093015625 0.03314814814814815 0.03845312499999999 0.06016666666666666
0 0.9038072916666666 0.0777962962962963 0.02276562500000002 0.052222222222222225
0 0.9282239583333334 0.14312037037037037 0.03622395833333343 0.03290740740740743
0 0.921875 0.042666666666666665 0.03561458333333339 0.056101851851851854
0 0.53125 0.948787037037037 0.027265624999999953 0.07166666666666675
0 0.7705104166666668 0.023777777777777776 0.02332812499999998 0.04543518518518519
0 0.24560416666666668 0.043916666666666666 0.028276041666666647 0.048018518518518516
0 0.015671875000000002 0.264537037037037 0.031020833333333334 0.03697222222222218
0 0.6103541666666668 0.8142407407407407 0.03622395833333343 0.03684259259259256
0 0.9947916666666666 0.0875 0.010416666666666666 0.06388888888888888
0 0.03136979166666667 0.849388888888889 0.024567708333333334 0.0669999999999999
0 0.03228645833333334 0.056861111111111105 0.053098958333333335 0.04893518518518518
0 0.6977552083333334 0.018444444444444447 0.0167239583333334 0.036888888888888895
0 0.29809375 0.9131944444444444 0.03469791666666673 0.04038888888888879
0 0.9889479166666667 0.8359351851851852 0.022104166666666696 0.06575925925925924
0 0.013223958333333334 0.8433148148148147 0.023911458333333333 0.05891666666666677
0 0.9267604166666668 0.18250925925925926 0.029145833333333353 0.04801851851851853
0 0.7959010416666668 0.7460925925925925 0.029375000000000047 0.029268518518518426
0 0.6059583333333334 0.84375 0.03033333333333322 0.07329629629629637
0 0.12378125 0.9348981481481482 0.028213541666666675 0.06537962962962965
0 0.471921875 0.9114629629629629 0.017515625000000055 0.04367592592592599
0 0.39551041666666664 0.9513888888888888 0.019864583333333387 0.06390740740740739
0 0.6391614583333334 0.917537037037037 0.03955208333333336 0.04315740740740732
0 0.4533697916666667 0.8784722222222222 0.021776041666666638 0.04408333333333324
0 0.830078125 0.9609351851851852 0.032895833333333256 0.04391666666666662
0 0.8969739583333334 0.9444444444444444 0.03253125000000002 0.05083333333333342
0 0.1540520833333333 0.9781296296296297 0.04602083333333334 0.04374074074074054
0 0.107421875 0.9696203703703704 0.024276041666666675 0.05162037037037037
0 0.34092187500000004 0.4658796296296296 0.03418750000000005 0.05718518518518518
0 0.38983854166666665 0.46275 0.04543229166666667 0.044675925925925924
0 0.29199479166666664 0.9812407407407407 0.03964062499999995 0.0375185185185185
0 0.065859375 0.9592037037037038 0.05389583333333333 0.06927777777777783
0 0.9947916666666666 0.0875 0.010416666666666666 0.06388888888888888
0 0.8193385416666668 0.009314814814814816 0.02504166666666663 0.017944444444444443
0 0.513953125 0.40300925925925923 0.036479166666666646 0.04000000000000004
0 0.4828385416666666 0.38108333333333333 0.02929166666666667 0.05642592592592587
0 0.5457760416666667 0.42403703703703705 0.033250000000000016 0.048231481481481514
0 0.40303125 0.5025277777777778 0.03851041666666669 0.0489351851851851
0 0.4392864583333333 0.485962962962963 0.0379791666666667 0.052351851851851816
0 0.47027604166666664 0.5253703703703704 0.032572916666666646 0.06723148148148139
0 0.48891666666666667 0.536 0.028703124999999947 0.06654629629629641
0 0.5123177083333333 0.5439907407407407 0.01789583333333328 0.06884259259259251
0 0.47303645833333335 0.4536388888888889 0.03604166666666669 0.0507314814814815
0 0.49727083333333333 0.4864166666666667 0.03770312500000005 0.042296296296296304
0 0.4291979166666666 0.39744444444444443 0.018312500000000044 0.05799999999999999
0 0.426234375 0.3576851851851852 0.044802083333333326 0.027814814814814782
0 0.4133802083333334 0.2660740740740741 0.031947916666666624 0.04191666666666665
0 0.44809375 0.29144444444444445 0.03707812500000003 0.0643240740740741
0 0.48107291666666663 0.2839074074074074 0.028963541666666613 0.07025
0 0.45921354166666667 0.2348888888888889 0.03926041666666672 0.028870370370370352
0 0.43530729166666665 0.21306481481481482 0.04147395833333339 0.03944444444444446
0 0.4273385416666667 0.1867962962962963 0.04353124999999996 0.028046296296296316
0 0.37615625 0.10827777777777778 0.025406249999999984 0.06272222222222223
0 0.396859375 0.13853703703703704 0.022567708333333294 0.05474074074074074
0 0.4120989583333333 0.06211111111111111 0.027192708333333353 0.03235185185185185
0 0.4864114583333333 0.17212962962962963 0.019578124999999957 0.07441666666666667
0 0.50428125 0.1382037037037037 0.019828124999999967 0.06228703703703702
0 0.49676041666666665 0.09319444444444445 0.03770833333333338 0.06178703703703706
0 0.5168802083333334 0.16744444444444445 0.02291145833333334 0.06778703703703702
0 0.5053125 0.25322222222222224 0.020343749999999973 0.0721851851851852
0 0.49766666666666665 0.22453703703703703 0.03764062499999999 0.05096296296296295
0 0.5492812499999999 0.2026203703703704 0.040385416666666646 0.056842592592592577
0 0.546390625 0.14571296296296296 0.021973958333333363 0.05787962962962962
0 0.5106510416666666 0.01962037037037037 0.019901041666666685 0.03877777777777778
0 0.5331458333333333 0.013824074074074074 0.030234374999999977 0.027648148148148147
0 0.565109375 0.1107962962962963 0.0215572916666666 0.0426388888888889
0 0.604921875 0.020990740740740744 0.01760416666666676 0.04197222222222222
0 0.5695 0.0169537037037037 0.03093750000000005 0.03389814814814815
0 0.9753124999999999 0.10618518518518519 0.027520833333333408 0.03840740740740741
0 0.145921875 0.7202962962962962 0.02599479166666665 0.06672222222222217
0 0.16756770833333334 0.7182777777777778 0.03718749999999999 0.05192592592592586
0 0.43020833333333336 0.8871851851851852 0.022135416666666668 0.050944444444444424
0 0.4598802083333334 0.9579907407407409 0.03078124999999995 0.064074074074074
0 0.04132291666666667 0.6196111111111111 0.04204687500000001 0.03561111111111114
0 0.023682291666666667 0.025657407407407407 0.02416666666666667 0.033444444444444436
0 0.050958333333333335 0.05256481481481482 0.03425520833333332 0.04944444444444444
0 0.12611458333333334 0.011574074074074073 0.020239583333333342 0.023148148148148147
0 0.1845 0.9804166666666666 0.027385416666666686 0.03731481481481498
0 0.7895520833333334 0.9713518518518518 0.02571354166666661 0.008999999999999815
0 0.9306666666666668 0.9713518518518518 0.03500520833333335 0.01131481481481463
0 0.5384427083333333 0.34367592592592594 0.0202864583333333 0.050694444444444445
0 0.9885416666666667 0.33055555555555555 0.022916666666666665 0.025925925925925925