0 0.241406 0.615741 0.036979 0.044444
0 0.328125 0.527315 0.030208 0.062037
0 0.353906 0.608333 0.028646 0.053704
0 0.467708 0.475000 0.030208 0.048148
0 0.167187 0.381481 0.030208 0.055556
0 0.358333 0.401852 0.032292 0.057407
0 0.442188 0.140741 0.019792 0.066667
0 0.258073 0.461574 0.038021 0.045370
0 0.559375 0.756481 0.029167 0.059259
0 0.373437 0.323611 0.021875 0.063889
0 0.188021 0.571759 0.036458 0.049074
0 0.478646 0.396759 0.031250 0.056481
0 0.100521 0.562037 0.031250 0.064815
0 0.404687 0.808333 0.026042 0.066667
0 0.414323 0.168519 0.019271 0.066667
0 0.399219 0.646759 0.030729 0.052778
0 0.188021 0.465741 0.026042 0.062963
0 0.288542 0.130093 0.019792 0.065741
0 0.485938 0.501852 0.030208 0.055556
0 0.493490 0.549537 0.027604 0.056481
0 0.287500 0.270370 0.025000 0.062963
0 0.517448 0.505093 0.030729 0.050926
0 0.296094 0.441204 0.019271 0.063889
0 0.388281 0.538426 0.029687 0.058333
0 0.196875 0.533796 0.039583 0.060185
0 0.254948 0.400926 0.033854 0.059259
0 0.219531 0.452778 0.036979 0.048148
0 0.357552 0.242130 0.025521 0.067593
0 0.292187 0.628704 0.032292 0.055556
0 0.252604 0.787963 0.026042 0.064815
0 0.471615 0.635185 0.035937 0.033333
0 0.246094 0.546759 0.025521 0.067593
0 0.688281 0.523611 0.029687 0.052778
0 0.414844 0.476389 0.023438 0.054630
0 0.666146 0.761574 0.030208 0.058333
0 0.252865 0.093981 0.023438 0.060185
0 0.203646 0.307870 0.027083 0.056481
0 0.572917 0.328704 0.028125 0.057407
0 0.277344 0.688889 0.019271 0.070370
0 0.334896 0.710185 0.025000 0.066667
0 0.063802 0.654630 0.033854 0.053704
0 0.544792 0.600000 0.030208 0.059259
0 0.221875 0.764815 0.035417 0.044444
0 0.638021 0.620370 0.023958 0.059259
0 0.222396 0.089815 0.032292 0.057407
0 0.277604 0.168519 0.020833 0.066667
0 0.390365 0.736574 0.039062 0.039815
0 0.579167 0.413889 0.035417 0.038889
0 0.708594 0.431481 0.019271 0.057407
0 0.308073 0.274537 0.022396 0.065741
0 0.181510 0.231019 0.036979 0.056481
0 0.312500 0.637963 0.035417 0.048148
0 0.153125 0.293519 0.034375 0.046296
0 0.169531 0.446759 0.022396 0.063889
0 0.434375 0.207407 0.034375 0.042593
0 0.648698 0.354167 0.025521 0.062037
0 0.086458 0.093981 0.021875 0.071296
0 0.136198 0.582870 0.021354 0.065741
0 0.600781 0.574074 0.022396 0.057407
0 0.466146 0.768981 0.033333 0.056481
0 0.373698 0.588889 0.019271 0.062963
0 0.406510 0.358796 0.019271 0.058333
0 0.499740 0.771296 0.031771 0.040741
0 0.085938 0.206019 0.022917 0.065741
0 0.303385 0.791667 0.033854 0.057407
0 0.076823 0.606481 0.024479 0.072222
0 0.617969 0.351852 0.029687 0.061111
0 0.309375 0.726852 0.035417 0.042593
0 0.061979 0.207407 0.032292 0.064815
0 0.596875 0.674074 0.019792 0.062963
0 0.230469 0.373148 0.028646 0.061111
0 0.652604 0.520833 0.022917 0.056481
0 0.681250 0.837037 0.036458 0.048148
0 0.440104 0.850463 0.037500 0.062037
0 0.509896 0.607407 0.019792 0.064815
0 0.435156 0.338889 0.021354 0.066667
0 0.344271 0.356481 0.035417 0.040741
0 0.273177 0.746759 0.038021 0.034259
0 0.310937 0.679630 0.020833 0.066667
0 0.176302 0.338889 0.032813 0.051852
0 0.249740 0.216667 0.040104 0.048148
0 0.384375 0.423148 0.017708 0.062963
0 0.250260 0.167130 0.030729 0.063889
0 0.574479 0.033333 0.030208 0.062963
0 0.278385 0.071759 0.032813 0.056481
0 0.152604 0.592593 0.026042 0.066667
0 0.256250 0.335648 0.037500 0.039815
0 0.509115 0.702315 0.021354 0.067593
0 0.061719 0.112963 0.023438 0.072222
0 0.255208 0.281944 0.034375 0.054630
0 0.904427 0.626852 0.027604 0.055556
0 0.148177 0.692130 0.030729 0.062037
0 0.016667 0.685185 0.032292 0.061111
0 0.732552 0.687500 0.031771 0.052778
0 0.330990 0.783796 0.022396 0.067593
0 0.035677 0.666204 0.024479 0.069444
0 0.672135 0.081019 0.027604 0.056481
0 0.097396 0.324537 0.030208 0.050926
0 0.539844 0.255556 0.030729 0.059259
0 0.936198 0.528241 0.022396 0.063889
0 0.187760 0.780093 0.041146 0.041667
0 0.137240 0.463426 0.026562 0.062037
0 0.225000 0.703704 0.039583 0.053704
0 0.048698 0.781481 0.025521 0.070370
0 0.532552 0.724074 0.030729 0.033333
0 0.884635 0.588889 0.035937 0.040741
0 0.879167 0.535648 0.033333 0.047222
0 0.946875 0.649074 0.034375 0.037037
0 0.592969 0.601389 0.019271 0.056481
0 0.660417 0.225000 0.018750 0.062963
0 0.142448 0.242130 0.034896 0.039815
0 0.115104 0.808333 0.041667 0.040741
0 0.104688 0.377778 0.040625 0.037037
0 0.487760 0.697685 0.026562 0.063889
0 0.707812 0.195370 0.016667 0.064815
0 0.701042 0.084259 0.018750 0.068519
0 0.379167 0.204167 0.021875 0.062037
0 0.909635 0.478704 0.021354 0.064815
0 0.602865 0.258796 0.035937 0.039815
0 0.139844 0.518981 0.025521 0.054630
0 0.350000 0.795833 0.019792 0.065741
0 0.727344 0.105556 0.020313 0.064815
0 0.566146 0.093056 0.036458 0.041667
0 0.528385 0.624537 0.018229 0.063889
0 0.029427 0.156481 0.039062 0.044444
0 0.654687 0.586111 0.023958 0.066667
0 0.971354 0.278704 0.028125 0.061111
0 0.097135 0.617593 0.022396 0.068519
0 0.207552 0.361111 0.027604 0.066667
0 0.078125 0.806019 0.041667 0.050926
0 0.328646 0.066667 0.031250 0.051852
0 0.948438 0.249537 0.027083 0.060185
0 0.915885 0.700463 0.032813 0.060185
0 0.950521 0.490278 0.033333 0.047222
0 0.831771 0.575463 0.023958 0.060185
0 0.069010 0.263426 0.041146 0.041667
0 0.913281 0.387963 0.030729 0.059259
0 0.753646 0.459259 0.028125 0.057407
0 0.447135 0.568981 0.018229 0.067593
0 0.410156 0.853241 0.022396 0.062037
0 0.872917 0.421296 0.028125 0.055556
0 0.441927 0.032407 0.034896 0.051852
0 0.533854 0.388889 0.035417 0.038889
0 0.920573 0.744907 0.040104 0.036111
0 0.527604 0.056019 0.032292 0.052778
0 0.018229 0.813426 0.033333 0.063889
0 0.172135 0.711111 0.039062 0.053704
0 0.641406 0.825463 0.021354 0.073148
0 0.813542 0.611574 0.027083 0.065741
0 0.757552 0.200926 0.034896 0.040741
0 0.146875 0.115278 0.030208 0.075000
0 0.972396 0.608333 0.033333 0.040741
0 0.154427 0.817593 0.032813 0.070370
0 0.062760 0.043519 0.023438 0.066667
0 0.983854 0.560185 0.030208 0.048148
0 0.848437 0.338889 0.030208 0.046296
0 0.075260 0.353241 0.036979 0.049074
0 0.829427 0.489815 0.033854 0.042593
0 0.187500 0.739815 0.040625 0.044444
0 0.078906 0.502315 0.039062 0.058333
0 0.691667 0.220370 0.020833 0.066667
0 0.567187 0.133796 0.034375 0.036111
0 0.796615 0.668519 0.036979 0.042593
0 0.220833 0.823148 0.031250 0.070370
0 0.660937 0.426389 0.018750 0.045370
0 0.940104 0.102315 0.027083 0.056481
0 0.878646 0.314352 0.028125 0.058333
0 0.401823 0.126389 0.028646 0.041667
0 0.620313 0.044444 0.034375 0.044444
0 0.817969 0.404167 0.034896 0.043519
0 0.809375 0.297222 0.025000 0.057407
0 0.827344 0.149074 0.022396 0.066667
0 0.766927 0.247222 0.032813 0.050000
0 0.628646 0.157870 0.037500 0.036111
0 0.970833 0.352315 0.029167 0.058333
0 0.458594 0.856481 0.038021 0.046296
0 0.840104 0.421296 0.034375 0.037037
0 0.532292 0.097222 0.033333 0.051852
0 0.913802 0.234259 0.024479 0.066667
0 0.858594 0.486574 0.030729 0.062037
0 0.386979 0.041204 0.039583 0.039815
0 0.988542 0.468056 0.021875 0.056481
0 0.523438 0.023148 0.034375 0.044444
0 0.747917 0.136574 0.026042 0.045370
0 0.126302 0.062500 0.038021 0.043519
0 0.793229 0.168056 0.037500 0.036111
0 0.015885 0.762963 0.030729 0.040741
0 0.813281 0.038889 0.025521 0.064815
0 0.183594 0.045370 0.039062 0.044444
0 0.940365 0.331481 0.029687 0.059259
0 0.745313 0.041667 0.032292 0.051852
0 0.888021 0.223611 0.027083 0.056481
0 0.309635 0.025926 0.020313 0.050000
0 0.868229 0.367130 0.037500 0.036111
0 0.955469 0.059259 0.024479 0.059259
0 0.978646 0.178241 0.035417 0.054630
0 0.888281 0.475926 0.019271 0.062963
0 0.905990 0.066204 0.024479 0.060185
0 0.849479 0.388889 0.036458 0.035185
0 0.466406 0.727315 0.034896 0.032407
0 0.067708 0.387500 0.032292 0.047222
0 0.867448 0.162963 0.025521 0.062963
0 0.965885 0.817130 0.034896 0.052778
0 0.090625 0.042130 0.039583 0.037963
0 0.164323 0.894444 0.043229 0.038889
0 0.772917 0.750463 0.029167 0.062037
0 0.950781 0.573148 0.020313 0.061111
0 0.542188 0.022222 0.033333 0.042593
0 0.873698 0.028704 0.021354 0.055556
0 0.208854 0.884722 0.038542 0.043519
0 0.774740 0.886574 0.032813 0.063889
0 0.910417 0.154167 0.021875 0.069444
0 0.188802 0.828704 0.024479 0.068519
0 0.890885 0.095370 0.022396 0.062963
0 0.864844 0.075000 0.030729 0.048148
0 0.842708 0.194907 0.037500 0.034259
0 0.883073 0.699074 0.039062 0.059259
0 0.013802 0.468981 0.026562 0.073148
0 0.930469 0.173148 0.021354 0.062963
0 0.028385 0.045833 0.039062 0.034259
0 0.478385 0.905093 0.039062 0.037963
0 0.784896 0.628241 0.021875 0.049074
0 0.528385 0.921759 0.030729 0.049074
0 0.969010 0.102315 0.036979 0.052778
0 0.883333 0.793519 0.038542 0.040741
0 0.196875 0.947685 0.027083 0.071296
0 0.008854 0.175463 0.016667 0.032407
0 0.992708 0.816204 0.014583 0.054630
0 0.811719 0.244907 0.034896 0.056481
0 0.084375 0.010648 0.039583 0.019444
0 0.534896 0.966667 0.031250 0.055556
0 0.091146 0.917130 0.033333 0.052778
0 0.654948 0.860185 0.017188 0.037037
0 0.486719 0.959259 0.025521 0.062963
0 0.007031 0.307870 0.013021 0.071296
0 0.012500 0.924074 0.023958 0.050000
0 0.880469 0.770833 0.040104 0.045370
0 0.442969 0.760648 0.026562 0.030556
0 0.055729 0.893519 0.035417 0.033333
0 0.114844 0.273148 0.016146 0.022222
0 0.456510 0.885648 0.031771 0.043519
0 0.903906 0.012500 0.028646 0.023148
0 0.077865 0.754630 0.019271 0.035185
0 0.361979 0.958796 0.025000 0.063889
0 0.202865 0.975926 0.046354 0.048148
0 0.510156 0.983796 0.016146 0.032407
0 0.795573 0.752778 0.023438 0.061111
0 0.572396 0.567593 0.022917 0.077778
0 0.541927 0.553704 0.040104 0.035185
0 0.565885 0.975926 0.026562 0.018519
0 0.540104 0.429630 0.030208 0.053704
0 0.549219 0.369907 0.030729 0.065741
0 0.492708 0.351852 0.041667 0.031481
0 0.489323 0.301852 0.026562 0.068519
0 0.467448 0.267593 0.030729 0.059259
0 0.418229 0.270833 0.036458 0.036111
0 0.420833 0.312500 0.032292 0.049074
0 0.457292 0.050463 0.035417 0.041667
0 0.467708 0.107407 0.031250 0.062963
0 0.492188 0.110185 0.018750 0.074074
0 0.461979 0.177778 0.019792 0.074074
0 0.480469 0.170833 0.016146 0.076852
0 0.499219 0.168981 0.017188 0.045370
0 0.507031 0.132407 0.019271 0.072222
0 0.519792 0.164352 0.025000 0.067593
0 0.515625 0.252315 0.032292 0.050926
0 0.496615 0.232407 0.024479 0.070370
0 0.541667 0.198148 0.027083 0.074074
0 0.564323 0.207870 0.028646 0.063889
0 0.572135 0.179167 0.027604 0.067593
0 0.422396 0.096296 0.020833 0.033333
0 0.622396 0.235648 0.032292 0.054630
0 0.637760 0.201852 0.020313 0.062963
0 0.568229 0.273611 0.026042 0.047222
0 0.518750 0.296296 0.041667 0.046296
0 0.277865 0.351389 0.023438 0.056481
0 0.323958 0.352315 0.021875 0.087963
0 0.011979 0.874074 0.022917 0.046296
0 0.237500 0.300000 0.038542 0.050000
0 0.136458 0.443981 0.029167 0.037963
0 0.990625 0.236111 0.017708 0.050000
0 0.504167 0.061111 0.032292 0.053704
0 0.973698 0.121759 0.019271 0.045370
