0 0.246094 0.490278 0.032813 0.054630
0 0.386198 0.493981 0.024479 0.062037
0 0.438281 0.511574 0.034896 0.052778
0 0.412240 0.434259 0.025521 0.068519
0 0.220573 0.407870 0.035937 0.054630
0 0.325781 0.472222 0.027604 0.057407
0 0.570573 0.356019 0.023438 0.069444
0 0.523698 0.845833 0.030729 0.056481
0 0.179167 0.312963 0.020833 0.064815
0 0.249219 0.309722 0.026562 0.063889
0 0.107292 0.328704 0.030208 0.064815
0 0.391927 0.659722 0.033854 0.047222
0 0.442969 0.415278 0.020313 0.067593
0 0.677865 0.337963 0.022396 0.064815
0 0.417448 0.171296 0.023438 0.066667
0 0.492969 0.402315 0.031771 0.049074
0 0.204167 0.308796 0.022917 0.065741
0 0.497656 0.522685 0.030729 0.056481
0 0.643750 0.348148 0.021875 0.062963
0 0.440885 0.774537 0.030729 0.054630
0 0.506250 0.330093 0.027083 0.060185
0 0.347396 0.319444 0.025000 0.057407
0 0.141406 0.308796 0.022396 0.065741
0 0.481250 0.775463 0.030208 0.062037
0 0.260156 0.279167 0.027604 0.063889
0 0.161719 0.326389 0.019271 0.067593
0 0.270052 0.424537 0.026562 0.054630
0 0.296615 0.292593 0.027604 0.059259
0 0.237240 0.587037 0.030729 0.057407
0 0.631510 0.588426 0.036979 0.043519
0 0.435156 0.653704 0.030729 0.061111
0 0.650000 0.286574 0.018750 0.069444
0 0.260937 0.370833 0.035417 0.049074
0 0.551562 0.250463 0.025000 0.063889
0 0.315365 0.421296 0.019271 0.062963
0 0.589063 0.870833 0.028125 0.063889
0 0.198698 0.498148 0.035937 0.053704
0 0.354427 0.518519 0.038021 0.035185
0 0.832812 0.149074 0.017708 0.059259
0 0.176042 0.248148 0.026042 0.061111
0 0.323177 0.138889 0.020313 0.064815
0 0.627865 0.526389 0.035937 0.041667
0 0.394792 0.347685 0.038542 0.034259
0 0.278125 0.493981 0.037500 0.039815
0 0.175781 0.537037 0.022396 0.059259
0 0.576302 0.838889 0.029687 0.046296
0 0.618750 0.830556 0.035417 0.037037
0 0.136719 0.464815 0.025521 0.066667
0 0.601042 0.284259 0.019792 0.068519
0 0.383073 0.035648 0.026562 0.062037
0 0.444010 0.468056 0.036979 0.041667
0 0.932292 0.631481 0.028125 0.051852
0 0.477865 0.315278 0.035937 0.036111
0 0.187760 0.432870 0.022396 0.062037
0 0.348438 0.465741 0.019792 0.062963
0 0.504167 0.746296 0.030208 0.061111
0 0.469010 0.706019 0.019271 0.067593
0 0.149740 0.112037 0.022396 0.074074
0 0.154427 0.487500 0.021354 0.069444
0 0.380729 0.319444 0.037500 0.035185
0 0.627604 0.770370 0.036458 0.037037
0 0.597917 0.519444 0.028125 0.061111
0 0.964583 0.599537 0.022917 0.062037
0 0.575781 0.270833 0.021354 0.062037
0 0.871354 0.378241 0.027083 0.065741
0 0.451562 0.543519 0.022917 0.050000
0 0.407552 0.040278 0.026562 0.063889
0 0.270833 0.521759 0.037500 0.034259
0 0.079427 0.494444 0.022396 0.064815
0 0.642188 0.702315 0.035417 0.034259
0 0.202344 0.617130 0.034896 0.056481
0 0.713021 0.091204 0.018750 0.069444
0 0.492708 0.663426 0.033333 0.049074
0 0.066927 0.438426 0.023438 0.071296
0 0.209375 0.581481 0.039583 0.051852
0 0.521875 0.692130 0.019792 0.063889
0 0.733594 0.192593 0.027604 0.061111
0 0.626823 0.220833 0.030729 0.043519
0 0.680990 0.416204 0.035937 0.058333
0 0.904427 0.436574 0.036979 0.036111
0 0.730208 0.301389 0.034375 0.049074
0 0.412500 0.856019 0.033333 0.069444
0 0.542969 0.525926 0.034896 0.031481
0 0.907813 0.363889 0.033333 0.059259
0 0.957552 0.725000 0.034896 0.046296
0 0.919271 0.314815 0.020833 0.062963
0 0.442708 0.834259 0.032292 0.048148
0 0.292969 0.421759 0.021354 0.060185
0 0.351302 0.689352 0.030729 0.060185
0 0.719010 0.420370 0.035937 0.035185
0 0.681250 0.102778 0.019792 0.059259
0 0.169792 0.436111 0.018750 0.068519
0 0.358854 0.860648 0.030208 0.050926
0 0.521354 0.391204 0.016667 0.063889
0 0.189062 0.371296 0.033333 0.044444
0 0.273438 0.128241 0.033333 0.062037
0 0.219531 0.671759 0.038021 0.039815
0 0.183073 0.117130 0.031771 0.063889
0 0.265885 0.577315 0.031771 0.045370
0 0.386719 0.231019 0.036979 0.036111
0 0.467969 0.834259 0.021354 0.062963
0 0.537240 0.395370 0.018229 0.064815
0 0.044792 0.438889 0.022917 0.072222
0 0.603906 0.910648 0.032813 0.047222
0 0.551302 0.698611 0.033854 0.034259
0 0.881771 0.693519 0.039583 0.035185
0 0.107813 0.377778 0.041667 0.042593
0 0.699479 0.712500 0.022917 0.075000
0 0.890885 0.762963 0.035937 0.031481
0 0.280208 0.029630 0.019792 0.057407
0 0.883594 0.639815 0.035937 0.040741
0 0.101562 0.587037 0.023958 0.068519
0 0.688802 0.668519 0.022396 0.064815
0 0.908854 0.613426 0.023958 0.063889
0 0.957552 0.644907 0.022396 0.056481
0 0.617448 0.675926 0.019271 0.066667
0 0.080990 0.664815 0.028646 0.064815
0 0.755469 0.262037 0.038021 0.048148
0 0.504687 0.899537 0.037500 0.047222
0 0.736458 0.657407 0.034375 0.053704
0 0.719010 0.746296 0.035937 0.038889
0 0.135677 0.589352 0.022396 0.065741
0 0.433594 0.065278 0.035937 0.043519
0 0.952865 0.308796 0.028646 0.065741
0 0.039844 0.262500 0.040104 0.037963
0 0.895312 0.216204 0.022917 0.067593
0 0.860156 0.481944 0.033854 0.062037
0 0.360156 0.030093 0.018229 0.058333
0 0.913542 0.140741 0.022917 0.059259
0 0.027865 0.323148 0.042188 0.050000
0 0.825000 0.598148 0.022917 0.066667
0 0.322396 0.640741 0.038542 0.046296
0 0.261719 0.025000 0.020313 0.048148
0 0.132812 0.394907 0.037500 0.062037
0 0.341667 0.070370 0.036458 0.046296
0 0.314323 0.085648 0.038021 0.045370
0 0.879687 0.544907 0.028125 0.052778
0 0.827344 0.234722 0.036979 0.047222
0 0.914844 0.238426 0.022396 0.065741
0 0.155990 0.608333 0.023438 0.066667
0 0.245052 0.226852 0.029687 0.040741
0 0.761979 0.163889 0.036458 0.044444
0 0.850781 0.615278 0.021354 0.065741
0 0.889844 0.824537 0.040104 0.037963
0 0.800260 0.204167 0.038021 0.039815
0 0.723177 0.029630 0.018229 0.057407
0 0.121875 0.261574 0.038542 0.043519
0 0.084115 0.587963 0.024479 0.061111
0 0.795052 0.690741 0.021354 0.068519
0 0.720313 0.809259 0.023958 0.070370
0 0.938802 0.291667 0.021354 0.062963
0 0.140365 0.228704 0.021354 0.072222
0 0.848958 0.337037 0.035417 0.042593
0 0.847396 0.378241 0.023958 0.062037
0 0.659896 0.026852 0.020833 0.051852
0 0.082552 0.333333 0.023438 0.059259
0 0.784375 0.509722 0.026042 0.069444
0 0.878125 0.600000 0.035417 0.037037
0 0.051562 0.188889 0.043750 0.037037
0 0.599740 0.572222 0.020313 0.051852
0 0.264323 0.784722 0.042188 0.041667
0 0.733594 0.106944 0.028646 0.047222
0 0.950781 0.487500 0.030729 0.043519
0 0.746094 0.037037 0.018229 0.068519
0 0.984896 0.829630 0.030208 0.050000
0 0.810417 0.156019 0.031250 0.056481
0 0.866406 0.067593 0.034896 0.051852
0 0.867969 0.261111 0.039062 0.051852
0 0.568750 0.064815 0.035417 0.042593
0 0.028906 0.405556 0.039062 0.059259
0 0.056250 0.602778 0.030208 0.066667
0 0.101302 0.713426 0.026562 0.067593
0 0.046875 0.724074 0.042708 0.038889
0 0.852344 0.121296 0.020313 0.061111
0 0.087500 0.181481 0.029167 0.066667
0 0.946615 0.161111 0.024479 0.062963
0 0.845833 0.298611 0.032292 0.039815
0 0.478385 0.896296 0.029687 0.048148
0 0.913802 0.074074 0.034896 0.037037
0 0.094531 0.843981 0.038021 0.054630
0 0.769271 0.693981 0.027083 0.045370
0 0.938802 0.055556 0.034896 0.035185
0 0.985156 0.512963 0.023438 0.050000
0 0.559115 0.021759 0.023438 0.041667
0 0.432292 0.149537 0.032292 0.043519
0 0.803906 0.118981 0.040104 0.036111
0 0.073438 0.839352 0.032292 0.060185
0 0.136979 0.525463 0.020833 0.069444
0 0.692187 0.773148 0.020833 0.048148
0 0.154167 0.853241 0.035417 0.060185
0 0.034896 0.675926 0.027083 0.074074
0 0.970833 0.144444 0.029167 0.046296
0 0.308333 0.186574 0.026042 0.050926
0 0.276562 0.717130 0.040625 0.049074
0 0.884115 0.114352 0.030729 0.058333
0 0.971094 0.110185 0.033854 0.037037
0 0.920312 0.195370 0.030208 0.057407
0 0.784896 0.281944 0.042708 0.060185
0 0.124740 0.712963 0.022396 0.074074
0 0.009115 0.250000 0.017188 0.040741
0 0.029948 0.567130 0.046354 0.043519
0 0.029687 0.801852 0.028125 0.072222
0 0.994531 0.220833 0.010937 0.049074
0 0.111719 0.791204 0.046354 0.045370
0 0.104427 0.886111 0.040104 0.040741
0 0.409115 0.927778 0.041146 0.062963
0 0.111979 0.019444 0.019792 0.037037
0 0.178385 0.825000 0.034896 0.066667
0 0.070312 0.019907 0.031250 0.037963
0 0.075260 0.927315 0.045312 0.058333
0 0.981250 0.191204 0.015625 0.026852
0 0.861719 0.798611 0.019271 0.032407
0 0.996094 0.322222 0.007812 0.037037
0 0.008333 0.174074 0.015625 0.033333
0 0.029167 0.049537 0.034375 0.041667
0 0.040625 0.841204 0.040625 0.049074
0 0.944792 0.018056 0.039583 0.034259
0 0.006510 0.615278 0.011979 0.062037
0 0.822656 0.942130 0.027604 0.067593
0 0.010417 0.776852 0.019792 0.053704
0 0.302604 0.894444 0.039583 0.048148
0 0.258854 0.899537 0.043750 0.049074
0 0.728906 0.936111 0.021354 0.064815
0 0.038542 0.930093 0.033333 0.062037
0 0.015365 0.918519 0.029687 0.061111
0 0.065104 0.883333 0.025000 0.059259
0 0.466667 0.009722 0.023958 0.017593
0 0.191667 0.769907 0.041667 0.052778
0 0.902083 0.020833 0.028125 0.039815
0 0.727083 0.980093 0.036458 0.036111
0 0.007031 0.134722 0.013021 0.028704
0 0.658333 0.967593 0.045833 0.051852
0 0.530469 0.978704 0.038021 0.025926
0 0.996094 0.887963 0.007812 0.035185
0 0.434115 0.966204 0.035937 0.058333
0 0.964583 0.970370 0.028125 0.048148
0 0.271094 0.940741 0.034896 0.050000
0 0.255729 0.973611 0.043750 0.049074
0 0.233333 0.967593 0.041667 0.064815
0 0.367708 0.976852 0.038542 0.018519
0 0.435156 0.876852 0.026562 0.031481
0 0.316406 0.323611 0.029687 0.043519
0 0.474219 0.218056 0.029687 0.039815
0 0.446354 0.191204 0.026042 0.036111
0 0.436719 0.322685 0.022396 0.034259
0 0.442188 0.287500 0.034375 0.069444
0 0.473438 0.261111 0.036458 0.031481
0 0.515104 0.255556 0.025000 0.061111
0 0.495833 0.174074 0.034375 0.055556
0 0.433073 0.114815 0.045312 0.029630
0 0.501042 0.137037 0.038542 0.035185
0 0.391927 0.200463 0.042188 0.045370
0 0.419010 0.085648 0.020313 0.025000
0 0.528385 0.183796 0.030729 0.069444
0 0.554167 0.183333 0.036458 0.059259
0 0.560677 0.153704 0.033854 0.037037
0 0.556771 0.081944 0.019792 0.041667
0 0.577604 0.105556 0.026042 0.068519
0 0.600260 0.074074 0.027604 0.061111
0 0.616667 0.152315 0.022917 0.060185
0 0.633073 0.128704 0.026562 0.059259
0 0.651042 0.123148 0.019792 0.070370
0 0.646615 0.189352 0.019271 0.063889
0 0.660937 0.218519 0.018750 0.068519
0 0.683333 0.185185 0.020833 0.064815
0 0.583854 0.215741 0.027083 0.068519
0 0.709115 0.144907 0.021354 0.073148
0 0.579427 0.023611 0.017188 0.045370
0 0.746094 0.123611 0.031771 0.037963
0 0.931771 0.245370 0.026042 0.050000
0 0.461198 0.657407 0.026562 0.064815
0 0.473698 0.604630 0.028646 0.062963
0 0.490365 0.586111 0.032813 0.055556
0 0.508333 0.568056 0.041667 0.045370
0 0.511719 0.623148 0.016146 0.070370
0 0.526563 0.625000 0.016667 0.066667
0 0.541146 0.640278 0.020833 0.075000
0 0.559375 0.650926 0.018750 0.074074
0 0.587760 0.641667 0.039062 0.038889
0 0.076302 0.752778 0.016146 0.033333
0 0.292969 0.212500 0.026562 0.056481
0 0.232552 0.370370 0.036979 0.040741
0 0.225260 0.305556 0.022396 0.050000
0 0.431510 0.686574 0.032813 0.049074
0 0.980469 0.071296 0.014063 0.018519
0 0.106510 0.970833 0.040104 0.050926
0 0.195573 0.979630 0.044271 0.040741
