0 0.324479 0.525463 0.027083 0.071296
0 0.263542 0.463889 0.027083 0.061111
0 0.511979 0.434722 0.023958 0.063889
0 0.359635 0.529630 0.025521 0.062963
0 0.275260 0.258333 0.024479 0.066667
0 0.395052 0.350926 0.030729 0.061111
0 0.115625 0.159722 0.026042 0.063889
0 0.534375 0.385185 0.033333 0.051852
0 0.428125 0.290278 0.025000 0.067593
0 0.412240 0.158796 0.026562 0.063889
0 0.292708 0.447685 0.028125 0.069444
0 0.373958 0.449074 0.026042 0.059259
0 0.502083 0.524074 0.035417 0.053704
0 0.384896 0.552778 0.034375 0.046296
0 0.193750 0.521759 0.038542 0.060185
0 0.706771 0.432870 0.021875 0.058333
0 0.337500 0.316204 0.019792 0.065741
0 0.367188 0.337963 0.028125 0.059259
0 0.494010 0.476389 0.022396 0.062037
0 0.450260 0.347685 0.028646 0.062037
0 0.233333 0.274537 0.019792 0.065741
0 0.350781 0.390741 0.021354 0.064815
0 0.793229 0.622222 0.026042 0.061111
0 0.700000 0.558796 0.028125 0.062037
0 0.624219 0.602315 0.022396 0.065741
0 0.147917 0.113426 0.021875 0.075000
0 0.093490 0.195370 0.021354 0.064815
0 0.386979 0.103241 0.029167 0.054630
0 0.463542 0.445370 0.034375 0.046296
0 0.339583 0.116667 0.025000 0.070370
0 0.405469 0.451852 0.024479 0.057407
0 0.224479 0.613426 0.040625 0.034259
0 0.749219 0.533796 0.029687 0.058333
0 0.253385 0.095833 0.022396 0.065741
0 0.579948 0.541204 0.020313 0.062037
0 0.355469 0.603704 0.024479 0.064815
0 0.916146 0.433796 0.032292 0.058333
0 0.780469 0.520833 0.029687 0.052778
0 0.525521 0.503241 0.022917 0.063889
0 0.744010 0.480093 0.034896 0.036111
0 0.517448 0.165278 0.019271 0.065741
0 0.735938 0.424537 0.029167 0.062037
0 0.489583 0.387963 0.023958 0.062963
0 0.692708 0.330093 0.032292 0.037963
0 0.457552 0.259259 0.026562 0.061111
0 0.372656 0.234259 0.025521 0.064815
0 0.653646 0.412963 0.020833 0.062963
0 0.328385 0.171759 0.036979 0.037963
0 0.394531 0.593981 0.031771 0.060185
0 0.504167 0.068519 0.029167 0.062963
0 0.454688 0.101389 0.029167 0.050926
0 0.362500 0.284722 0.034375 0.050926
0 0.481771 0.744907 0.027083 0.058333
0 0.904427 0.615278 0.023438 0.060185
0 0.243490 0.562963 0.034896 0.037037
0 0.293490 0.095833 0.019271 0.063889
0 0.536979 0.571759 0.021875 0.067593
0 0.510938 0.636574 0.028125 0.060185
0 0.815625 0.561111 0.018750 0.061111
0 0.445052 0.405556 0.019271 0.064815
0 0.704167 0.139352 0.023958 0.065741
0 0.722135 0.553241 0.028646 0.060185
0 0.230208 0.516204 0.033333 0.050926
0 0.694010 0.267593 0.025521 0.057407
0 0.275781 0.664352 0.036979 0.041667
0 0.529427 0.051389 0.027604 0.058333
0 0.935937 0.554630 0.033333 0.057407
0 0.871354 0.237500 0.019792 0.065741
0 0.442188 0.216204 0.036458 0.045370
0 0.735938 0.676852 0.038542 0.059259
0 0.219271 0.386111 0.023958 0.061111
0 0.509896 0.283796 0.022917 0.062037
0 0.529427 0.216204 0.018229 0.069444
0 0.297917 0.280556 0.034375 0.061111
0 0.576302 0.329630 0.035937 0.057407
0 0.659375 0.585648 0.035417 0.034259
0 0.927083 0.299537 0.031250 0.058333
0 0.902083 0.468056 0.019792 0.067593
0 0.236979 0.657407 0.041667 0.037037
0 0.448958 0.599074 0.021875 0.068519
0 0.568750 0.272685 0.036458 0.054630
0 0.330469 0.059259 0.030729 0.055556
0 0.846094 0.355093 0.030729 0.058333
0 0.644271 0.753704 0.021875 0.064815
0 0.444271 0.165278 0.033333 0.054630
0 0.127604 0.214352 0.034375 0.052778
0 0.541667 0.253704 0.023958 0.062963
0 0.061198 0.306481 0.035937 0.051852
0 0.959115 0.149074 0.026562 0.062963
0 0.761979 0.326389 0.020833 0.071296
0 0.470313 0.121759 0.034375 0.052778
0 0.668229 0.086574 0.033333 0.050926
0 0.388802 0.651852 0.041146 0.033333
0 0.696875 0.102315 0.017708 0.069444
0 0.185677 0.402778 0.032813 0.059259
0 0.829427 0.148148 0.018229 0.068519
0 0.900260 0.717130 0.028646 0.050926
0 0.142187 0.361574 0.032292 0.060185
0 0.539844 0.342593 0.025521 0.051852
0 0.217188 0.338426 0.036458 0.045370
0 0.527604 0.625000 0.019792 0.070370
0 0.862240 0.484722 0.024479 0.067593
0 0.796094 0.328241 0.018229 0.071296
0 0.415885 0.781019 0.021354 0.063889
0 0.092448 0.136111 0.035937 0.061111
0 0.171615 0.091667 0.027604 0.066667
0 0.060156 0.458796 0.025521 0.065741
0 0.829688 0.311574 0.022917 0.069444
0 0.854688 0.200463 0.023958 0.063889
0 0.547135 0.877778 0.031771 0.064815
0 0.867448 0.584722 0.038021 0.047222
0 0.245573 0.214815 0.040104 0.042593
0 0.657813 0.843981 0.031250 0.052778
0 0.270313 0.175926 0.038542 0.044444
0 0.163542 0.533796 0.031250 0.065741
0 0.448958 0.040278 0.016667 0.063889
0 0.767708 0.774074 0.037500 0.046296
0 0.573958 0.774074 0.038542 0.044444
0 0.493229 0.685648 0.028125 0.062037
0 0.600521 0.570833 0.020833 0.052778
0 0.787240 0.159722 0.024479 0.060185
0 0.892969 0.224537 0.017188 0.067593
0 0.456510 0.851389 0.032813 0.062037
0 0.845833 0.247685 0.019792 0.063889
0 0.746354 0.133333 0.031250 0.046296
0 0.519271 0.256481 0.026042 0.062963
0 0.564583 0.712037 0.030208 0.050000
0 0.017708 0.334259 0.025000 0.066667
0 0.050781 0.751389 0.035937 0.054630
0 0.176823 0.657407 0.025521 0.061111
0 0.983594 0.557407 0.031771 0.059259
0 0.789323 0.711111 0.038021 0.044444
0 0.619792 0.714352 0.033333 0.052778
0 0.829688 0.424537 0.034375 0.039815
0 0.143229 0.726389 0.045833 0.047222
0 0.801562 0.078241 0.026042 0.063889
0 0.787760 0.564815 0.018229 0.053704
0 0.301563 0.729630 0.030208 0.068519
0 0.187760 0.105093 0.024479 0.067593
0 0.048958 0.628704 0.034375 0.062963
0 0.086198 0.612037 0.026562 0.068519
0 0.255469 0.147685 0.033854 0.043519
0 0.931510 0.755556 0.022396 0.066667
0 0.093490 0.550926 0.039062 0.070370
0 0.581771 0.031481 0.026042 0.061111
0 0.163542 0.794444 0.032292 0.062963
0 0.091146 0.496296 0.041667 0.050000
0 0.718490 0.280556 0.022396 0.061111
0 0.084635 0.351389 0.029687 0.063889
0 0.888021 0.313889 0.028125 0.068519
0 0.036458 0.081019 0.026042 0.067593
0 0.116667 0.262963 0.037500 0.051852
0 0.889062 0.682870 0.041667 0.037963
0 0.975781 0.731944 0.027604 0.063889
0 0.133854 0.583796 0.022917 0.067593
0 0.203906 0.712963 0.040104 0.051852
0 0.847917 0.398611 0.029167 0.056481
0 0.860417 0.839352 0.026042 0.056481
0 0.825000 0.245370 0.020833 0.068519
0 0.314323 0.689352 0.036979 0.036111
0 0.684375 0.892593 0.029167 0.055556
0 0.024479 0.744907 0.037500 0.056481
0 0.941667 0.475000 0.028125 0.066667
0 0.105729 0.367593 0.035417 0.053704
0 0.321094 0.425926 0.039062 0.037037
0 0.983073 0.280093 0.029687 0.052778
0 0.766667 0.209259 0.032292 0.059259
0 0.247135 0.351389 0.034896 0.075000
0 0.336719 0.647222 0.041146 0.038889
0 0.040104 0.242130 0.042708 0.041667
0 0.015104 0.633796 0.028125 0.065741
0 0.091927 0.106019 0.035937 0.050926
0 0.352604 0.818056 0.022917 0.071296
0 0.053385 0.047222 0.025521 0.068519
0 0.796094 0.265741 0.029687 0.050000
0 0.035417 0.668981 0.025000 0.067593
0 0.258854 0.847222 0.026042 0.070370
0 0.426823 0.851389 0.028646 0.067593
0 0.148958 0.435185 0.031250 0.070370
0 0.119010 0.525000 0.025521 0.068519
0 0.023177 0.791204 0.039062 0.049074
0 0.046875 0.399074 0.022917 0.055556
0 0.933333 0.250000 0.026042 0.048148
0 0.093750 0.295370 0.040625 0.040741
0 0.872135 0.157870 0.034896 0.050926
0 0.201042 0.818056 0.041667 0.045370
0 0.566146 0.086111 0.019792 0.048148
0 0.253125 0.268981 0.022917 0.067593
0 0.736458 0.221296 0.021875 0.066667
0 0.070833 0.825000 0.036458 0.068519
0 0.014063 0.159259 0.027083 0.042593
0 0.021094 0.190741 0.041146 0.037037
0 0.836458 0.494907 0.023958 0.036111
0 0.205729 0.769907 0.042708 0.039815
0 0.062760 0.545370 0.039062 0.042593
0 0.893750 0.068519 0.025000 0.068519
0 0.786458 0.198611 0.033333 0.050926
0 0.020833 0.222685 0.037500 0.034259
0 0.173177 0.045370 0.034896 0.040741
0 0.912500 0.183796 0.034375 0.052778
0 0.014583 0.091204 0.025000 0.067593
0 0.919010 0.382870 0.035937 0.043519
0 0.719531 0.026389 0.033854 0.049074
0 0.910937 0.108796 0.034375 0.045370
0 0.975781 0.096296 0.035937 0.046296
0 0.581250 0.619907 0.030208 0.032407
0 0.236458 0.434259 0.017708 0.046296
0 0.387500 0.037963 0.039583 0.040741
0 0.712240 0.915278 0.030729 0.054630
0 0.138802 0.518056 0.029687 0.056481
0 0.280990 0.828704 0.022396 0.072222
0 0.931510 0.137037 0.031771 0.057407
0 0.957552 0.479630 0.025521 0.061111
0 0.012240 0.464352 0.023438 0.067593
0 0.100260 0.932870 0.028646 0.062037
0 0.094531 0.794907 0.032813 0.071296
0 0.795312 0.748148 0.028125 0.033333
0 0.958594 0.047222 0.019271 0.037037
0 0.151302 0.912500 0.027604 0.067593
0 0.177344 0.344444 0.021354 0.050000
0 0.012240 0.824537 0.023438 0.054630
0 0.989062 0.814352 0.020833 0.045370
0 0.422396 0.094907 0.016667 0.045370
0 0.016406 0.877315 0.031771 0.062037
0 0.338542 0.890278 0.018750 0.065741
0 0.994531 0.212037 0.010937 0.031481
0 0.902865 0.017130 0.018229 0.032407
0 0.547917 0.920370 0.033333 0.042593
0 0.238802 0.928241 0.030729 0.062037
0 0.116146 0.943056 0.040625 0.058333
0 0.026302 0.842593 0.028646 0.059259
0 0.198177 0.934259 0.041146 0.050000
0 0.481771 0.914352 0.036458 0.043519
0 0.994531 0.616204 0.010937 0.041667
0 0.238802 0.782870 0.039062 0.071296
0 0.083594 0.010648 0.038021 0.019444
0 0.442708 0.760185 0.027083 0.040741
0 0.319271 0.015741 0.015625 0.029630
0 0.075260 0.938889 0.033854 0.038889
0 0.486979 0.957870 0.026042 0.062037
0 0.064323 0.866204 0.041146 0.052778
0 0.176563 0.972685 0.025000 0.050926
0 0.581771 0.982870 0.037500 0.034259
0 0.200260 0.383796 0.027604 0.047222
0 0.471615 0.171759 0.023438 0.082407
0 0.483073 0.233796 0.038021 0.052778
0 0.501563 0.206944 0.039583 0.037963
0 0.484115 0.271296 0.034896 0.042593
0 0.478646 0.321759 0.020833 0.073148
0 0.507031 0.142130 0.016146 0.075000
0 0.522396 0.011111 0.019792 0.020370
0 0.545833 0.184259 0.019792 0.068519
0 0.567187 0.207870 0.032292 0.056481
0 0.570052 0.141204 0.024479 0.058333
0 0.579688 0.180556 0.038542 0.038889
0 0.607552 0.217593 0.022396 0.061111
0 0.629687 0.314815 0.018750 0.070370
0 0.612760 0.297685 0.029687 0.062037
0 0.630990 0.250463 0.032813 0.034259
0 0.658594 0.218519 0.026562 0.055556
0 0.659896 0.300463 0.029167 0.039815
0 0.654687 0.266667 0.034375 0.042593
0 0.653646 0.353704 0.026042 0.059259
0 0.634635 0.398611 0.028646 0.069444
0 0.443750 0.240741 0.013542 0.029630
0 0.440365 0.192130 0.014063 0.021296
0 0.737760 0.291667 0.024479 0.072222
0 0.771615 0.247685 0.031771 0.054630
0 0.809635 0.303241 0.016146 0.056481
0 0.875781 0.280093 0.033854 0.032407
0 0.930469 0.070370 0.018229 0.024074
0 0.974219 0.117593 0.016146 0.038889
0 0.939323 0.106019 0.028646 0.047222
0 0.995313 0.247222 0.009375 0.025926
0 0.932813 0.175463 0.022917 0.037963
0 0.391667 0.981944 0.027083 0.032407
0 0.412760 0.982870 0.021354 0.034259
0 0.394792 0.134722 0.019792 0.047222
0 0.316667 0.353704 0.022917 0.079630
0 0.377604 0.978241 0.027083 0.025000
0 0.354948 0.868519 0.025521 0.040741
0 0.988542 0.889815 0.021875 0.033333
0 0.353385 0.769907 0.042188 0.050926
0 0.867448 0.368056 0.039062 0.034259
