0 0.619140625 0.7656296296296297 0.03265624999999991 0.04668518518518525
0 0.6010729166666666 0.8598055555555556 0.029541666666666563 0.06450925925925932
0 0.71875 0.5768240740740741 0.03049999999999997 0.05576851851851854
0 0.5366197916666666 0.42165740740740737 0.026260416666666706 0.059953703703703703
0 0.6831041666666666 0.7526018518518518 0.025802083333333316 0.06711111111111112
0 0.6899427083333334 0.6141481481481481 0.03454687499999996 0.053305555555555495
0 0.6157239583333334 0.3860648148148148 0.03179687500000009 0.05674999999999997
0 0.3850104166666667 0.1496296296296296 0.028062500000000056 0.06130555555555554
0 0.09552083333333333 0.33485185185185184 0.025083333333333346 0.06575925925925924
0 0.5219739583333334 0.38107407407407407 0.03671354166666661 0.03792592592592596
0 0.7841822916666668 0.7604166666666666 0.027223958333333322 0.061685185185185086
0 0.5 0.7291666666666666 0.03506249999999997 0.0456296296296296
0 0.47534375 0.5334166666666667 0.025223958333333366 0.05496296296296287
0 0.19677604166666668 0.1851111111111111 0.024385416666666694 0.06537962962962965
0 0.4729010416666667 0.20507407407407408 0.031083333333333366 0.05170370370370368
0 0.5200208333333334 0.20941666666666667 0.02052083333333338 0.06662037037037036
0 0.5209947916666666 0.2840740740740741 0.018796874999999956 0.0625
0 0.431640625 0.6892407407407407 0.03253125000000002 0.039472222222222325
0 0.6469739583333334 0.6553796296296296 0.025557291666666752 0.06098148148148139
0 0.6967760416666666 0.375 0.03192187499999998 0.05815740740740736
0 0.7563489583333334 0.5868055555555556 0.020093749999999962 0.06109259259259261
0 0.3776875 0.36588888888888893 0.033203125 0.0614166666666667
0 0.5600572916666666 0.6953148148148148 0.03494270833333341 0.04023148148148152
0 0.5541979166666666 0.3420185185185185 0.033265624999999945 0.038657407407407404
0 0.1467291666666667 0.34505555555555556 0.03265625000000001 0.056861111111111085
0 0.6020520833333334 0.3161851851851852 0.02049479166666662 0.06575925925925924
0 0.38671875 0.0625 0.03149479166666668 0.05576851851851851
0 0.357421875 0.6236944444444444 0.03573437499999995 0.038657407407407404
0 0.4826666666666667 0.10014814814814814 0.028932291666666644 0.05555555555555555
0 0.14807291666666667 0.125 0.028380208333333337 0.0742685185185185
0 0.6923854166666668 0.88325 0.028760416666666563 0.05674999999999997
0 0.4416510416666667 0.20366666666666666 0.018875000000000006 0.06813888888888886
0 0.6220729166666668 0.5742222222222222 0.03271354166666664 0.05951851851851849
0 0.564453125 0.1698148148148148 0.020067708333333437 0.06526851851851853
0 0.541015625 0.5429722222222222 0.020140625000000037 0.06462037037037034
0 0.1379375 0.23785185185185184 0.03802604166666666 0.05610185185185188
0 0.51953125 0.1383425925925926 0.03253125000000002 0.03770370370370368
0 0.6616197916666666 0.22200925925925927 0.018401041666666628 0.06488888888888887
0 0.8891614583333334 0.8081574074074074 0.02784895833333323 0.05891666666666677
0 0.5444322916666666 0.23328703703703701 0.021911458333333418 0.06944444444444445
0 0.7001979166666668 0.519962962962963 0.032411458333333344 0.05319444444444449
0 0.55078125 0.2923148148148148 0.029984375000000084 0.05503703703703698
0 0.9672864583333334 0.7677962962962963 0.028213541666666706 0.05576851851851854
0 0.43847916666666664 0.10389814814814814 0.020338541666666644 0.05870370370370371
0 0.9580104166666668 0.5377592592592593 0.022109374999999907 0.06282407407407399
0 0.578125 0.738712962962963 0.03533854166666662 0.03594444444444438
0 0.448 0.4995648148148148 0.024703125000000034 0.06060185185185189
0 0.5961927083333334 0.23719444444444446 0.017640624999999945 0.06510185185185188
0 0.40918229166666664 0.1758888888888889 0.036562500000000026 0.04657407407407409
0 0.2170416666666667 0.19672222222222224 0.03289583333333332 0.06293518518518516
0 0.6396510416666668 0.3198796296296297 0.021119791666666762 0.0642870370370371
0 0.6752916666666666 0.32270370370370366 0.02801562499999998 0.0642870370370371
0 0.9682604166666666 0.6223981481481482 0.023286458333333353 0.06613888888888894
0 0.9306666666666668 0.582462962962963 0.023697916666666666 0.06526851851851853
0 0.3767083333333333 0.471787037037037 0.020723958333333313 0.06309259259259263
0 0.5712916666666668 0.8741296296296296 0.03540104166666656 0.05783333333333337
0 0.09668229166666667 0.23068518518518516 0.03561458333333333 0.06711111111111112
0 0.8852552083333334 0.1890185185185185 0.0225833333333334 0.0621203703703704
0 0.1599114583333333 0.3114166666666667 0.03738541666666665 0.059842592592592586
0 0.34863541666666664 0.3704444444444444 0.017989583333333316 0.06825000000000003
0 0.8002916666666666 0.5047777777777778 0.024796875000000065 0.06342592592592593
0 0.9125989583333334 0.4960925925925926 0.03253125000000002 0.04250925925925934
0 0.4787604166666667 0.67925 0.03643750000000002 0.03458333333333325
0 0.20324479166666667 0.4782962962962962 0.03817708333333331 0.037842592592592546
0 0.464109375 0.37651851851851853 0.03561458333333327 0.040064814814814796
0 0.21728645833333332 0.6341111111111112 0.037046875 0.044759259259259186
0 0.22375520833333334 0.06462037037037037 0.020338541666666644 0.07346296296296297
0 0.736328125 0.496962962962963 0.02049479166666662 0.062009259259259285
0 0.15417708333333333 0.6692685185185184 0.04031249999999999 0.040064814814814796
0 0.42871354166666664 0.35915740740740737 0.035947916666666656 0.04123148148148146
0 0.080625 0.15451851851851853 0.02399999999999999 0.0702037037037037
0 0.229859375 0.5342870370370371 0.03430208333333334 0.03387962962962955
0 0.063109375 0.556861111111111 0.03155729166666667 0.0629351851851852
0 0.88671875 0.4518240740740741 0.03408854166666657 0.04519444444444439
0 0.395265625 0.4592037037037037 0.022031249999999978 0.06233333333333338
0 0.270265625 0.45702777777777776 0.03167708333333333 0.0602777777777778
0 0.11419791666666666 0.16797222222222222 0.042177083333333344 0.03900925925925926
0 0.8984375 0.8897592592592594 0.034182291666666725 0.04969444444444451
0 0.7983385416666666 0.41340740740740745 0.027265624999999953 0.06488888888888893
0 0.23681770833333332 0.11165740740740741 0.03050000000000003 0.06635185185185186
0 0.8481458333333334 0.380212962962963 0.02044791666666678 0.062333333333333275
0 0.4340833333333334 0.4138425925925926 0.034421874999999956 0.03431481481481487
0 0.2658697916666667 0.6037314814814815 0.030333333333333337 0.05620370370370375
0 0.7739270833333334 0.9045185185185185 0.03500520833333335 0.04912962962962958
0 0.9262708333333334 0.7973055555555556 0.03753645833333342 0.040064814814814796
0 0.83984375 0.6966111111111112 0.032041666666666656 0.05837962962962959
0 0.90625 0.2886296296296297 0.021119791666666762 0.06965740740740742
0 0.093015625 0.6892407407407407 0.03607291666666666 0.06016666666666668
0 0.0305625 0.6948796296296297 0.029203125000000003 0.06813888888888882
0 0.5463854166666666 0.044592592592592586 0.026854166666666637 0.06109259259259261
0 0.5727552083333334 0.24674074074074076 0.017911458333333265 0.07139814814814816
0 0.525390625 0.6263055555555556 0.023515625000000047 0.06635185185185193
0 0.6645520833333334 0.7026944444444444 0.03634895833333331 0.03656481481481482
0 0.06854166666666667 0.31162962962962965 0.04303125 0.04649074074074078
0 0.6337916666666668 0.8472222222222222 0.021239583333333437 0.06462037037037034
0 0.5952135416666666 0.07536111111111111 0.032468750000000074 0.055361111111111104
0 0.7290052083333334 0.4142777777777778 0.022677083333333313 0.0654814814814815
0 0.21386979166666667 0.6783888888888888 0.03854166666666667 0.03993518518518529
0 0.61328125 0.09564814814814816 0.02854687499999997 0.06862962962962965
0 0.07275520833333333 0.3825925925925926 0.044588541666666676 0.04950925925925929
0 0.849609375 0.4570277777777778 0.021041666666666715 0.06320370370370375
0 0.2758802083333334 0.8975740740740741 0.033906249999999985 0.053416666666666716
0 0.432859375 0.14539814814814814 0.03732291666666671 0.038490740740740735
0 0.2888177083333333 0.7851574074074075 0.029984374999999966 0.05422222222222217
0 0.3168958333333334 0.0738425925925926 0.018265624999999966 0.07437962962962961
0 0.30346875 0.542537037037037 0.032468749999999956 0.05555555555555555
0 0.7622083333333334 0.5243055555555556 0.025911458333333335 0.05150925925925936
0 0.8725572916666666 0.5642407407407407 0.034182291666666725 0.03792592592592596
0 0.2807604166666666 0.4835092592592593 0.03079166666666664 0.06488888888888887
0 0.24475 0.4305555555555556 0.025328124999999996 0.06711111111111112
0 0.20788541666666666 0.34179629629629626 0.04183854166666669 0.040694444444444484
0 0.19250520833333334 0.7825555555555556 0.02975520833333333 0.07286111111111117
0 0.338625 0.3222685185185185 0.03933854166666665 0.044842592592592545
0 0.8803697916666666 0.5095462962962962 0.03167708333333342 0.041314814814814714
0 0.828125 0.7369814814814816 0.03854166666666667 0.03553703703703714
0 0.17529166666666668 0.71875 0.03050000000000003 0.062333333333333275
0 0.8359375 0.25087037037037035 0.023911458333333257 0.06271296296296298
0 0.30957291666666664 0.4934907407407408 0.03860416666666673 0.045111111111111137
0 0.33105729166666664 0.41883333333333334 0.019166666666666644 0.06261111111111112
0 0.6616197916666666 0.46397222222222223 0.027906249999999962 0.0437592592592593
0 0.9365260416666668 0.31857407407407407 0.023145833333333362 0.06016666666666668
0 0.6909166666666666 0.10547222222222222 0.023557291666666678 0.05652777777777779
0 0.3149427083333334 0.8233518518518519 0.024703125000000034 0.06130555555555559
0 0.2717291666666667 0.8090277777777778 0.03131249999999997 0.053712962962962955
0 0.814453125 0.6388888888888888 0.024614583333333447 0.06060185185185189
0 0.755859375 0.24978703703703703 0.020765624999999944 0.06737962962962961
0 0.22802604166666668 0.8146666666666667 0.03555208333333333 0.03466666666666672
0 0.33886979166666664 0.053712962962962955 0.02297916666666661 0.06927777777777777
0 0.8740260416666668 0.6263055555555556 0.03469791666666661 0.04061111111111102
0 0.43457291666666664 0.6354166666666666 0.03228645833333334 0.062611111111111
0 0.8442395833333334 0.6171851851851852 0.029588541666666638 0.053416666666666716
0 0.90625 0.41818518518518516 0.02215624999999998 0.059138888888888894
0 0.7861354166666668 0.18000925925925926 0.02033854166666676 0.06737962962962961
0 0.7944322916666666 0.6028611111111112 0.03573437500000007 0.04961111111111104
0 0.22265625 0.42903703703703705 0.01998958333333333 0.06439814814814811
0 0.7470729166666668 0.3639351851851852 0.03555208333333345 0.038657407407407404
0 0.11993229166666668 0.7122407407407407 0.02691666666666667 0.07156481481481478
0 0.17529166666666668 0.40082407407407405 0.026963541666666656 0.06320370370370369
0 0.9291979166666666 0.2562962962962963 0.02084374999999999 0.05525925925925924
0 0.042390625 0.7447962962962963 0.028380208333333337 0.06109259259259261
0 0.1994635416666667 0.05360185185185185 0.03295833333333332 0.043
0 0.5185572916666666 0.5047777777777778 0.02276562500000002 0.05191666666666661
0 0.3256822916666666 0.786888888888889 0.03384375000000001 0.04554629629629635
0 0.33886979166666664 0.17501851851851852 0.03704687499999994 0.05485185185185186
0 0.2321770833333333 0.9010462962962963 0.033083333333333326 0.052000000000000074
0 0.7260729166666666 0.10801851851851851 0.03423958333333322 0.05924074074074075
0 0.73046875 0.039851851851851854 0.03114062499999998 0.05913888888888888
0 0.19250520833333334 0.9071203703703704 0.031083333333333307 0.05170370370370363
0 0.775390625 0.23003703703703704 0.03347916666666677 0.05422222222222225
0 0.8720729166666668 0.39105555555555555 0.03454687499999996 0.051435185185185146
0 0.814453125 0.20160185185185184 0.02566666666666677 0.05229629629629631
0 0.1989739583333333 0.4270833333333333 0.024843750000000022 0.06462037037037034
0 0.285890625 0.7452222222222222 0.03896874999999997 0.03662037037037033
0 0.7778333333333334 0.07823148148148147 0.021578124999999913 0.06760185185185187
0 0.03875520833333333 0.47005555555555556 0.04296875 0.05132407407407403
0 0.6709010416666668 0.6462685185185185 0.028807291666666637 0.05485185185185186
0 0.8227552083333334 0.31965740740740745 0.03149479166666656 0.0602777777777778
0 0.8950208333333334 0.13173148148148148 0.029541666666666563 0.06076851851851851
0 0.84765625 0.537324074074074 0.03423958333333322 0.03993518518518529
0 0.030333333333333337 0.3574259259259259 0.045015625000000004 0.04758333333333332
0 0.2404791666666667 0.2656296296296296 0.019239583333333362 0.0648888888888889
0 0.33301041666666664 0.8758703703703704 0.03390624999999995 0.05525925925925932
0 0.3645 0.551212962962963 0.020291666666666687 0.0651018518518518
0 0.7065416666666666 0.4157962962962963 0.023421874999999894 0.06798148148148145
0 0.16711458333333334 0.20649074074074072 0.029036458333333334 0.062009259259259285
0 0.19299479166666667 0.8650185185185185 0.045015624999999976 0.03762037037037047
0 0.3344739583333334 0.6888055555555556 0.018156249999999947 0.06575925925925924
0 0.266359375 0.6970462962962962 0.01872395833333333 0.07248148148148145
0 0.24768229166666667 0.20898148148148146 0.036562500000000026 0.05211111111111109
0 0.8520520833333334 0.33116666666666666 0.03488020833333323 0.04014814814814816
0 0.2563489583333333 0.7508703703703704 0.019713541666666678 0.07075000000000008
0 0.255125 0.39084259259259263 0.03802604166666669 0.03813888888888894
0 0.17676041666666667 0.5347222222222222 0.02461458333333333 0.06342592592592593
0 0.3833020833333334 0.030657407407407408 0.032468749999999956 0.04961111111111111
0 0.8666979166666666 0.04367592592592593 0.024276041666666734 0.053712962962962955
0 0.3615729166666667 0.6966111111111112 0.0390625 0.03895370370370364
0 0.30761979166666664 0.13953703703703701 0.039854166666666656 0.037925925925925905
0 0.181640625 0.27299999999999996 0.024567708333333313 0.07736111111111109
0 0.4594739583333334 0.6380185185185184 0.018020833333333285 0.062611111111111
0 0.9838854166666666 0.84375 0.031203124999999925 0.062009259259259285
0 0.1540520833333333 0.04014814814814815 0.036776041666666676 0.036703703703703704
0 0.82421875 0.588111111111111 0.020416666666666573 0.06722222222222214
0 0.09911979166666667 0.8246574074074075 0.040010416666666666 0.04858333333333336
0 0.24523958333333334 0.7105 0.02006770833333332 0.05826851851851858
0 0.23840104166666667 0.3650185185185185 0.037901041666666656 0.03726851851851852
0 0.8818385416666668 0.693574074074074 0.039182291666666674 0.03770370370370373
0 0.9384791666666668 0.09304629629629631 0.017380208333333275 0.06586111111111112
0 0.3400885416666667 0.8316018518518519 0.03259374999999996 0.05170370370370363
0 0.3322760416666667 0.7413240740740741 0.0390625 0.033370370370370335
0 0.7524427083333334 0.7986111111111112 0.026411458333333353 0.06737962962962961
0 0.19811979166666666 0.3778240740740741 0.04663020833333332 0.032712962962963
0 0.02827604166666666 0.6141481481481481 0.028546874999999996 0.0588148148148148
0 0.6005885416666668 0.5750833333333334 0.021406249999999953 0.05891666666666677
0 0.9052760416666668 0.06130555555555555 0.033322916666666674 0.03477777777777778
0 0.4360364583333334 0.02538888888888889 0.02332812499999998 0.048398148148148155
0 0.70703125 0.03930555555555556 0.027010416666666735 0.05707407407407408
0 0.6489270833333334 0.2575925925925926 0.019010416666666665 0.04942592592592592
0 0.013067708333333332 0.5364629629629629 0.026000000000000002 0.05056481481481472
0 0.05941666666666666 0.7721388888888888 0.030854166666666665 0.056638888888888954
0 0.7607447916666668 0.030194444444444444 0.031557291666666744 0.04893518518518518
0 0.349609375 0.7682314814814816 0.03927604166666671 0.03290740740740737
0 0.11218229166666666 0.04451851851851852 0.02084374999999999 0.07725925925925926
0 0.054593749999999996 0.6176203703703703 0.02848958333333333 0.059027777777777776
0 0.7299791666666666 0.27561111111111114 0.022505208333333353 0.06500000000000004
0 0.061890625 0.4201388888888889 0.04321354166666667 0.04093518518518522
0 0.240234375 0.16742592592592592 0.031083333333333307 0.046222222222222234
0 0.2553697916666667 0.31857407407407407 0.03015104166666666 0.06390740740740739
0 0.17151041666666667 0.8164074074074075 0.02123958333333332 0.06851851851851852
0 0.8588854166666666 0.12521296296296294 0.021453125000000028 0.05815740740740741
0 0.9282239583333334 0.031490740740740736 0.03747395833333324 0.03849074074074075
0 0.970703125 0.1998703703703704 0.037046875000000055 0.04641666666666666
0 0.9826354166666668 0.0702037037037037 0.03472916666666658 0.035453703703703696
0 0.921875 0.7087685185185185 0.022369791666666573 0.03993518518518529
0 0.022203125000000004 0.5690092592592593 0.04077083333333333 0.04023148148148152
0 0.8154322916666668 0.9331574074074074 0.021239583333333437 0.0632037037037038
0 0.4841302083333333 0.45008333333333334 0.03555208333333333 0.039092592592592616
0 0.4731458333333334 0.8763055555555556 0.020890624999999947 0.06993518518518516
0 0.07067708333333332 0.744361111111111 0.031432291666666674 0.05891666666666677
0 0.9428697916666666 0.16623148148148148 0.02116145833333339 0.06879629629629631
0 0.29590104166666664 0.6410555555555556 0.04467708333333332 0.045111111111111137
0 0.73046875 0.20399074074074075 0.025130208333333334 0.03486111111111109
0 0.9057604166666666 0.6883703703703704 0.026656249999999916 0.04451851851851845
0 0.3127447916666667 0.9071203703703704 0.025755208333333356 0.06412962962962962
0 0.98609375 0.8797777777777778 0.027807291666666602 0.07221296296296296
0 0.5986354166666668 0.0204537037037037 0.017515625000000055 0.039629629629629626
0 0.4060052083333333 0.8867222222222222 0.02854687499999997 0.0651018518518518
0 0.5493177083333334 0.9348981481481482 0.028760416666666563 0.05229629629629631
0 0.96875 0.11902777777777779 0.03955208333333336 0.04969444444444446
0 0.20801041666666667 0.014333333333333333 0.04031249999999999 0.027425925925925923
0 0.4428697916666666 0.7608518518518519 0.030380208333333294 0.031740740740740715
0 0.07080208333333333 0.02323148148148148 0.033385416666666674 0.04535185185185185
0 0.993140625 0.775611111111111 0.013718750000000076 0.040768518518518496
0 0.090390625 0.8697962962962963 0.03589062499999998 0.05555555555555555
0 0.7934583333333334 0.9704907407407408 0.023770833333333265 0.055666666666666566
0 0.08196874999999999 0.9401018518518518 0.040770833333333326 0.0411481481481482
0 0.021697916666666664 0.900175925925926 0.042390624999999994 0.057944444444444375
0 0.83984375 0.9479166666666666 0.033083333333333326 0.055472222222222194
0 0.6518541666666666 0.9797592592592593 0.032411458333333344 0.04047222222222226
0 0.4729010416666667 0.9557314814814816 0.037046875000000055 0.05496296296296298
0 0.7260729166666666 0.980037037037037 0.034421875000000074 0.03792592592592596
0 0.76953125 0.9756944444444444 0.03277604166666658 0.02529629629629645
0 0.6767604166666668 0.9780185185185185 0.037901041666666656 0.04396296296296298
0 0.010489583333333333 0.23806481481481484 0.020140625000000002 0.04204629629629627
0 0.10034375 0.9809074074074076 0.03402604166666666 0.038055555555555474
0 0.374265625 0.2766944444444444 0.015671874999999957 0.032416666666666656
0 0.4978020833333333 0.9798055555555556 0.03378124999999995 0.04038888888888879
0 0.3120104166666666 0.1722037037037037 0.02006770833333332 0.028046296296296316
0 0.17199479166666667 0.9531296296296298 0.03448437500000002 0.06900925925925934
0 0.54790625 0.9751481481481482 0.03771875000000004 0.04859259259259261
0 0.24963541666666667 0.014888888888888887 0.013791666666666676 0.0227962962962963
0 0.5761041666666666 0.9742314814814815 0.03430729166666661 0.0515370370370369
0 0.47886979166666666 0.5833333333333334 0.044546874999999986 0.045759259259259326
0 0.8162447916666667 0.9679907407407408 0.03732291666666659 0.03958333333333333
0 0.913109375 0.09160185185185186 0.018671874999999952 0.04582407407407408
0 0.9213177083333334 0.12915740740740742 0.019203124999999942 0.037731481481481484
0 0.7425312500000001 0.1257037037037037 0.03068229166666659 0.0378888888888889
0 0.8057916666666666 0.25725 0.01672916666666661 0.03809259259259258
0 0.9275677083333334 0.1669074074074074 0.01730208333333323 0.03196296296296294
0 0.996890625 0.31665740740740744 0.006218750000000028 0.021305555555555546
0 0.9955729166666667 0.36203703703703705 0.008854166666666666 0.022222222222222223
0 0.4501822916666667 0.07932407407407407 0.02851041666666667 0.05740740740740741
0 0.4151666666666667 0.06710185185185186 0.0401458333333333 0.036888888888888895
0 0.5057760416666667 0.055157407407407405 0.03964062499999995 0.0444074074074074
0 0.5114322916666667 0.08181481481481481 0.034765625 0.04342592592592593
0 0.5587968750000001 0.08953703703703704 0.015453125000000038 0.03206481481481481
0 0.17210416666666667 0.24953703703703703 0.03381770833333331 0.06459259259259259
0 0.20311979166666666 0.5948888888888889 0.042197916666666654 0.03386111111111105
0 0.24139062500000003 0.5877407407407408 0.041338541666666666 0.041351851851851924
0 0.26136458333333334 0.5493796296296297 0.021505208333333345 0.06272222222222223
0 0.28052604166666667 0.5543611111111112 0.01767708333333336 0.07404629629629632
0 0.247546875 0.6553611111111111 0.03142187500000002 0.04578703703703708
0 0.28320833333333334 0.6873703703703704 0.022177083333333295 0.06594444444444447
0 0.12669270833333332 0.6264259259259259 0.040437499999999994 0.04267592592592585
0 0.13799999999999998 0.5862685185185185 0.03417708333333334 0.034749999999999975
0 0.07864583333333333 0.4544722222222222 0.03727604166666666 0.05167592592592598
0 0.06747916666666667 0.5032962962962962 0.039307291666666674 0.0492777777777778
0 0.09319270833333333 0.5137222222222223 0.03750520833333333 0.043462962962963016
0 0.11705208333333333 0.5389444444444444 0.038291666666666654 0.04818518518518515
0 0.10363020833333333 0.5865648148148148 0.036374999999999984 0.059212962962963
0 0.12176041666666666 0.39521296296296293 0.030567708333333332 0.05888888888888891
0 0.14220312499999999 0.3966111111111111 0.030848958333333343 0.06912037037037035
0 0.11510416666666666 0.46735185185185185 0.037109375 0.05699999999999995
0 0.13783333333333334 0.47025925925925927 0.039588541666666664 0.05719444444444443
0 0.15071874999999998 0.5073055555555556 0.026223958333333346 0.07234259259259254
0 0.15917708333333333 0.5565925925925926 0.020583333333333325 0.07304629629629639
0 0.00859375 0.6018518518518519 0.0171875 0.05925925925925926
0 0.41425 0.4517777777777778 0.025791666666666657 0.04233333333333336
0 0.43827604166666667 0.46530555555555553 0.03530729166666665 0.0393055555555556
0 0.45248958333333333 0.5365925925925926 0.018624999999999996 0.05654629629629624
0 0.4331041666666666 0.5620185185185186 0.04094791666666661 0.04224074074074064
0 0.4505104166666667 0.6034074074074074 0.033265624999999945 0.026453703703703646
0 0.46767708333333335 0.4566851851851852 0.015437500000000052 0.030037037037037088
0 0.9803229166666667 0.13242592592592595 0.016468749999999942 0.04954629629629629