0 0.232292 0.489352 0.031250 0.054630
0 0.370573 0.588889 0.033854 0.053704
0 0.378646 0.518056 0.022917 0.062037
0 0.326042 0.626389 0.029167 0.062037
0 0.609635 0.473148 0.024479 0.062963
0 0.688021 0.657870 0.025000 0.058333
0 0.395573 0.428704 0.025521 0.059259
0 0.611458 0.381019 0.030208 0.056481
0 0.444271 0.347685 0.033333 0.056481
0 0.452083 0.404167 0.030208 0.063889
0 0.692708 0.542593 0.029167 0.055556
0 0.550000 0.395370 0.023958 0.064815
0 0.564844 0.637037 0.033854 0.048148
0 0.414844 0.700926 0.028646 0.059259
0 0.300781 0.442593 0.034896 0.055556
0 0.396875 0.576389 0.032292 0.060185
0 0.600260 0.574074 0.022396 0.057407
0 0.908854 0.593056 0.027083 0.058333
0 0.501042 0.421296 0.036458 0.038889
0 0.495052 0.624537 0.021354 0.065741
0 0.229687 0.679167 0.028125 0.067593
0 0.261719 0.453704 0.029687 0.061111
0 0.642448 0.802778 0.027604 0.064815
0 0.649740 0.355093 0.025521 0.062037
0 0.449479 0.556481 0.018750 0.064815
0 0.279427 0.483796 0.026562 0.069444
0 0.440885 0.664815 0.025521 0.061111
0 0.659896 0.225000 0.018750 0.061111
0 0.648958 0.266667 0.022917 0.057407
0 0.572396 0.702315 0.022917 0.067593
0 0.572917 0.359259 0.018750 0.066667
0 0.597917 0.111111 0.026042 0.064815
0 0.266406 0.169907 0.030729 0.062037
0 0.829688 0.501852 0.023958 0.053704
0 0.360156 0.682407 0.041146 0.042593
0 0.433854 0.251852 0.034375 0.061111
0 0.907292 0.531944 0.036458 0.052778
0 0.670052 0.577315 0.020313 0.060185
0 0.452344 0.099537 0.025521 0.052778
0 0.571875 0.847222 0.027083 0.074074
0 0.312240 0.401852 0.034896 0.050000
0 0.564844 0.104167 0.020313 0.069444
0 0.138021 0.309259 0.025000 0.064815
0 0.739583 0.829167 0.033333 0.060185
0 0.325521 0.360185 0.027083 0.062963
0 0.908333 0.666667 0.027083 0.057407
0 0.209635 0.576852 0.039062 0.038889
0 0.173437 0.403241 0.035417 0.052778
0 0.094010 0.589815 0.030729 0.066667
0 0.602344 0.276852 0.030729 0.046296
0 0.439844 0.048611 0.024479 0.067593
0 0.777604 0.624537 0.026042 0.062037
0 0.637500 0.543519 0.018750 0.061111
0 0.702083 0.092130 0.019792 0.069444
0 0.167969 0.531019 0.029687 0.058333
0 0.240365 0.410648 0.038021 0.041667
0 0.462760 0.063889 0.019271 0.066667
0 0.699740 0.163426 0.033854 0.050926
0 0.291406 0.598148 0.019271 0.064815
0 0.266406 0.586111 0.030729 0.055556
0 0.514062 0.382870 0.039583 0.045370
0 0.945573 0.387963 0.034896 0.040741
0 0.529427 0.624537 0.019271 0.065741
0 0.730208 0.380556 0.035417 0.040741
0 0.242969 0.052315 0.024479 0.062037
0 0.091146 0.239352 0.025000 0.065741
0 0.873698 0.549074 0.031771 0.046296
0 0.088802 0.391667 0.029687 0.066667
0 0.814323 0.166667 0.024479 0.064815
0 0.270573 0.543056 0.034896 0.036111
0 0.136198 0.465278 0.028646 0.060185
0 0.255469 0.112037 0.028646 0.057407
0 0.597917 0.743981 0.018750 0.067593
0 0.748958 0.307870 0.028125 0.056481
0 0.363021 0.398148 0.020833 0.059259
0 0.858073 0.723611 0.039062 0.047222
0 0.285417 0.058333 0.021875 0.062963
0 0.650000 0.746759 0.028125 0.071296
0 0.551042 0.743981 0.026042 0.060185
0 0.597917 0.817130 0.019792 0.073148
0 0.690625 0.202778 0.034375 0.044444
0 0.956250 0.698611 0.037500 0.037963
0 0.270833 0.037500 0.026042 0.062037
0 0.812240 0.113426 0.029687 0.058333
0 0.083333 0.496296 0.022917 0.066667
0 0.789844 0.661574 0.028646 0.058333
0 0.748177 0.045370 0.022396 0.066667
0 0.196354 0.494444 0.022917 0.064815
0 0.170052 0.581481 0.028646 0.055556
0 0.870833 0.645370 0.025000 0.059259
0 0.721615 0.094444 0.024479 0.057407
0 0.064062 0.359259 0.030208 0.064815
0 0.836719 0.817130 0.026562 0.067593
0 0.599740 0.211574 0.026562 0.063889
0 0.678906 0.821759 0.019271 0.069444
0 0.477865 0.720833 0.034896 0.045370
0 0.777083 0.530556 0.037500 0.044444
0 0.425521 0.839352 0.028125 0.052778
0 0.902604 0.449074 0.038542 0.038889
0 0.374740 0.191667 0.038021 0.038889
0 0.802604 0.753241 0.026042 0.067593
0 0.243750 0.347222 0.020833 0.068519
0 0.984115 0.571759 0.029687 0.054630
0 0.214583 0.324537 0.019792 0.069444
0 0.374219 0.243981 0.025521 0.073148
0 0.190104 0.352315 0.034375 0.047222
0 0.377344 0.148611 0.036979 0.047222
0 0.059375 0.497222 0.027083 0.066667
0 0.159635 0.626389 0.035937 0.050926
0 0.797917 0.386111 0.018750 0.059259
0 0.852865 0.281019 0.021354 0.063889
0 0.461458 0.477778 0.028125 0.055556
0 0.130729 0.520370 0.041667 0.044444
0 0.630469 0.049537 0.029687 0.054630
0 0.839323 0.626389 0.036979 0.037963
0 0.665625 0.045370 0.022917 0.061111
0 0.771094 0.323148 0.031771 0.042593
0 0.382031 0.822685 0.027604 0.063889
0 0.863802 0.415278 0.039062 0.036111
0 0.174479 0.722222 0.032292 0.048148
0 0.723958 0.035648 0.019792 0.063889
0 0.459115 0.865741 0.027604 0.061111
0 0.808854 0.595370 0.020833 0.066667
0 0.255469 0.706481 0.039062 0.042593
0 0.542708 0.853704 0.020833 0.074074
0 0.605208 0.887500 0.029167 0.065741
0 0.107292 0.627778 0.023958 0.070370
0 0.136458 0.587500 0.022917 0.065741
0 0.365625 0.850926 0.030208 0.055556
0 0.953906 0.543519 0.035937 0.051852
0 0.148958 0.258333 0.032292 0.062963
0 0.441667 0.725000 0.030208 0.062963
0 0.406510 0.653704 0.035937 0.035185
0 0.035677 0.666667 0.025521 0.072222
0 0.742969 0.876852 0.033854 0.038889
0 0.301823 0.078241 0.019271 0.067593
0 0.346354 0.808333 0.020833 0.066667
0 0.322135 0.062963 0.021354 0.064815
0 0.452865 0.774074 0.025521 0.064815
0 0.951042 0.238426 0.021875 0.063889
0 0.109635 0.274074 0.039062 0.042593
0 0.708854 0.812963 0.036458 0.044444
0 0.934896 0.057407 0.027083 0.051852
0 0.888542 0.816204 0.035417 0.052778
0 0.067187 0.555556 0.041667 0.055556
0 0.854688 0.168981 0.026042 0.060185
0 0.105469 0.319907 0.035937 0.058333
0 0.976823 0.295833 0.030729 0.060185
0 0.150000 0.113889 0.023958 0.075926
0 0.276042 0.224537 0.036458 0.063889
0 0.930469 0.750463 0.025521 0.062037
0 0.188542 0.420370 0.035417 0.046296
0 0.706250 0.853241 0.035417 0.039815
0 0.037500 0.762963 0.028125 0.072222
0 0.633594 0.109259 0.033854 0.046296
0 0.344792 0.112500 0.021875 0.067593
0 0.509896 0.150926 0.025000 0.081481
0 0.882552 0.701389 0.042188 0.050926
0 0.166927 0.458333 0.036979 0.038889
0 0.071354 0.704630 0.030208 0.062963
0 0.628125 0.726389 0.021875 0.063889
0 0.847396 0.209722 0.028125 0.058333
0 0.172396 0.490278 0.032292 0.052778
0 0.540104 0.115741 0.034375 0.042593
0 0.914323 0.267593 0.022396 0.061111
0 0.291146 0.285648 0.041667 0.039815
0 0.717708 0.417593 0.036458 0.044444
0 0.902083 0.200926 0.031250 0.053704
0 0.192969 0.179630 0.027604 0.070370
0 0.755990 0.169444 0.038021 0.040741
0 0.567187 0.031481 0.030208 0.055556
0 0.100260 0.174537 0.024479 0.060185
0 0.193229 0.043981 0.036458 0.054630
0 0.410938 0.025926 0.026042 0.050000
0 0.859115 0.480556 0.032813 0.061111
0 0.153646 0.360648 0.025000 0.063889
0 0.614583 0.819907 0.019792 0.063889
0 0.970313 0.197222 0.036458 0.040741
0 0.784896 0.901389 0.037500 0.036111
0 0.264583 0.672222 0.040625 0.033333
0 0.081250 0.328704 0.030208 0.062963
0 0.983073 0.451852 0.031771 0.053704
0 0.804688 0.334259 0.032292 0.061111
0 0.950000 0.492130 0.031250 0.041667
0 0.055208 0.781481 0.027083 0.070370
0 0.884896 0.227778 0.036458 0.035185
0 0.469010 0.782407 0.018229 0.068519
0 0.125781 0.740741 0.024479 0.068519
0 0.470052 0.378704 0.023438 0.050000
0 0.236979 0.170833 0.022917 0.058333
0 0.020573 0.343056 0.039062 0.049074
0 0.945573 0.122685 0.036979 0.032407
0 0.908073 0.365278 0.041146 0.049074
0 0.964063 0.788426 0.036458 0.043519
0 0.944531 0.178241 0.036979 0.052778
0 0.017969 0.303704 0.034896 0.042593
0 0.759896 0.262037 0.037500 0.040741
0 0.216927 0.381481 0.038021 0.037037
0 0.865104 0.366667 0.040625 0.038889
0 0.878646 0.118056 0.034375 0.039815
0 0.383854 0.037963 0.038542 0.037037
0 0.343490 0.898148 0.040104 0.037037
0 0.405990 0.131944 0.031771 0.039815
0 0.121615 0.027315 0.031771 0.052778
0 0.080729 0.847685 0.039583 0.045370
0 0.575521 0.922222 0.034375 0.042593
0 0.846875 0.100463 0.034375 0.039815
0 0.973437 0.106019 0.037500 0.028704
0 0.893750 0.288426 0.038542 0.047222
0 0.147135 0.799074 0.032813 0.057407
0 0.221354 0.224074 0.030208 0.077778
0 0.803385 0.254630 0.040104 0.048148
0 0.201563 0.860648 0.035417 0.058333
0 0.157552 0.831019 0.043229 0.036111
0 0.103646 0.904167 0.035417 0.054630
0 0.127604 0.873611 0.023958 0.063889
0 0.962760 0.067593 0.026562 0.040741
0 0.739844 0.911574 0.039062 0.030556
0 0.763021 0.692593 0.020833 0.046296
0 0.992188 0.804630 0.015625 0.061111
0 0.077865 0.016204 0.036979 0.030556
0 0.177604 0.025000 0.033333 0.046296
0 0.080208 0.875926 0.037500 0.037037
0 0.028906 0.881481 0.044271 0.050000
0 0.293229 0.249537 0.033333 0.041667
0 0.029167 0.048148 0.035417 0.037037
0 0.200781 0.955093 0.034896 0.063889
0 0.904167 0.011111 0.025000 0.020370
0 0.045573 0.840741 0.034896 0.057407
0 0.029167 0.623148 0.029167 0.035185
0 0.515885 0.957870 0.030729 0.067593
0 0.481250 0.956944 0.019792 0.069444
0 0.807292 0.923148 0.027083 0.044444
0 0.008594 0.175926 0.016146 0.031481
0 0.110677 0.945833 0.043229 0.047222
0 0.976823 0.069907 0.022396 0.026852
0 0.689583 0.982870 0.036458 0.032407
0 0.105990 0.020833 0.026562 0.039815
0 0.429167 0.950926 0.027083 0.074074
0 0.014583 0.894444 0.028125 0.038889
0 0.947135 0.938426 0.040104 0.043519
0 0.988542 0.854167 0.022917 0.076852
0 0.242188 0.954167 0.029167 0.076852
0 0.006250 0.450000 0.011458 0.037037
0 0.812240 0.949074 0.022396 0.042593
0 0.132552 0.980556 0.034896 0.037037
0 0.656510 0.973611 0.028646 0.043519
0 0.992188 0.804630 0.015625 0.061111
0 0.015625 0.966667 0.030208 0.057407
0 0.450000 0.975463 0.027083 0.030556
0 0.992188 0.804630 0.015625 0.061111
0 0.439583 0.305556 0.034375 0.035185
0 0.491146 0.211111 0.035417 0.061111
0 0.472396 0.251852 0.031250 0.059259
0 0.475781 0.299537 0.023438 0.069444
0 0.491667 0.287037 0.023958 0.070370
0 0.508854 0.295370 0.022917 0.048148
0 0.515365 0.247685 0.033854 0.054630
0 0.531250 0.284722 0.034375 0.052778
0 0.525260 0.347685 0.039062 0.043519
0 0.553646 0.325463 0.036458 0.036111
0 0.548698 0.180556 0.023438 0.072222
0 0.573698 0.176852 0.027604 0.053704
0 0.575000 0.214352 0.032292 0.043519
0 0.562760 0.234722 0.031771 0.052778
0 0.556771 0.268519 0.018750 0.064815
0 0.541406 0.249074 0.018229 0.066667
0 0.479167 0.067593 0.019792 0.064815
0 0.491406 0.046296 0.027604 0.051852
0 0.518490 0.056481 0.032813 0.044444
0 0.507552 0.093519 0.038021 0.037037
0 0.523438 0.031019 0.033333 0.037963
0 0.542969 0.020833 0.017188 0.039815
0 0.502083 0.013426 0.035417 0.025000
0 0.741927 0.127315 0.029687 0.041667
0 0.500521 0.168056 0.017708 0.054630
0 0.519271 0.168056 0.018750 0.065741
0 0.437500 0.760185 0.020833 0.038889
0 0.682031 0.160648 0.034896 0.050926
0 0.851302 0.337500 0.034896 0.050926
0 0.933073 0.252778 0.020313 0.057407
0 0.991406 0.222222 0.016146 0.053704
0 0.994531 0.312037 0.010937 0.075926
0 0.867188 0.068981 0.046875 0.037963
0 0.878385 0.970833 0.016146 0.012037
0 0.992188 0.804630 0.015625 0.061111
0 0.399740 0.777778 0.035937 0.042593
