0 0.258073 0.200463 0.019271 0.069444
0 0.291146 0.131481 0.019792 0.064815
0 0.177083 0.447222 0.032292 0.057407
0 0.417187 0.146296 0.018750 0.066667
0 0.514062 0.522685 0.030208 0.054630
0 0.607292 0.322222 0.023958 0.064815
0 0.218750 0.500926 0.030208 0.057407
0 0.307031 0.709259 0.035937 0.050000
0 0.225521 0.140278 0.027083 0.062037
0 0.269531 0.728241 0.021354 0.065741
0 0.467969 0.392593 0.027604 0.051852
0 0.244531 0.556019 0.027604 0.056481
0 0.297396 0.402315 0.030208 0.058333
0 0.400260 0.867593 0.029687 0.059259
0 0.303906 0.240278 0.038021 0.039815
0 0.655469 0.783333 0.027604 0.059259
0 0.572917 0.410185 0.023958 0.066667
0 0.558854 0.478704 0.031250 0.059259
0 0.357812 0.500000 0.021875 0.066667
0 0.600000 0.088426 0.017708 0.065741
0 0.546615 0.362037 0.020313 0.064815
0 0.628646 0.774074 0.023958 0.062963
0 0.219531 0.753241 0.021354 0.065741
0 0.076823 0.738426 0.034896 0.049074
0 0.663802 0.723611 0.026562 0.060185
0 0.259896 0.464815 0.026042 0.062963
0 0.131250 0.476389 0.036458 0.039815
0 0.445573 0.333333 0.035937 0.042593
0 0.233594 0.308333 0.025521 0.061111
0 0.501302 0.886574 0.031771 0.050926
0 0.347396 0.722685 0.021875 0.063889
0 0.655208 0.445833 0.025000 0.062037
0 0.193229 0.647685 0.036458 0.041667
0 0.576823 0.129630 0.020313 0.064815
0 0.339062 0.433333 0.033333 0.051852
0 0.390104 0.204630 0.019792 0.062963
0 0.244271 0.645370 0.029167 0.066667
0 0.499219 0.325926 0.023438 0.057407
0 0.151823 0.691204 0.031771 0.065741
0 0.569531 0.326389 0.028646 0.056481
0 0.474219 0.822685 0.022396 0.060185
0 0.229167 0.442130 0.028125 0.062037
0 0.109635 0.775000 0.029687 0.062963
0 0.319792 0.100463 0.026042 0.063889
0 0.533854 0.230093 0.021875 0.063889
0 0.543490 0.089815 0.021354 0.062963
0 0.404427 0.789352 0.022396 0.063889
0 0.204167 0.449074 0.023958 0.062963
0 0.505469 0.677778 0.022396 0.064815
0 0.199740 0.802778 0.021354 0.062963
0 0.795052 0.850000 0.025521 0.057407
0 0.367969 0.766667 0.033854 0.038889
0 0.370052 0.579167 0.022396 0.063889
0 0.754427 0.753704 0.033854 0.040741
0 0.179427 0.261111 0.027604 0.062963
0 0.271354 0.548148 0.020833 0.062963
0 0.592448 0.811111 0.032813 0.048148
0 0.453385 0.680093 0.028646 0.060185
0 0.661719 0.080556 0.024479 0.064815
0 0.641927 0.307870 0.022396 0.062037
0 0.269792 0.413426 0.032292 0.063889
0 0.412500 0.548148 0.032292 0.068519
0 0.590625 0.615741 0.031250 0.055556
0 0.514844 0.184722 0.018229 0.063889
0 0.392188 0.416667 0.037500 0.037037
0 0.687760 0.863426 0.027604 0.056481
0 0.692187 0.473148 0.034375 0.040741
0 0.403906 0.678241 0.031771 0.050926
0 0.842969 0.597222 0.029687 0.044444
0 0.314583 0.164352 0.021875 0.067593
0 0.529427 0.718056 0.033854 0.039815
0 0.723958 0.367593 0.033333 0.048148
0 0.334115 0.483796 0.023438 0.062037
0 0.355208 0.195370 0.026042 0.070370
0 0.325521 0.378704 0.035417 0.038889
0 0.907552 0.478704 0.020313 0.070370
0 0.686719 0.364815 0.024479 0.062963
0 0.596875 0.764352 0.023958 0.056481
0 0.688281 0.656481 0.032813 0.040741
0 0.444271 0.773611 0.032292 0.052778
0 0.051302 0.663426 0.038021 0.047222
0 0.579688 0.844444 0.033333 0.050000
0 0.875521 0.731481 0.029167 0.057407
0 0.292708 0.511111 0.020833 0.066667
0 0.159896 0.306019 0.022917 0.058333
0 0.296615 0.347222 0.036979 0.037037
0 0.706250 0.428704 0.037500 0.040741
0 0.259375 0.305556 0.029167 0.059259
0 0.364583 0.145370 0.029167 0.061111
0 0.825521 0.489815 0.026042 0.066667
0 0.145052 0.792593 0.034896 0.061111
0 0.766146 0.308333 0.019792 0.066667
0 0.250000 0.370833 0.038542 0.039815
0 0.754167 0.864815 0.034375 0.037037
0 0.494010 0.536111 0.025521 0.062963
0 0.675521 0.594907 0.025000 0.063889
0 0.305990 0.768056 0.034896 0.032407
0 0.791146 0.281481 0.027083 0.062963
0 0.512760 0.792130 0.031771 0.050926
0 0.236979 0.704630 0.041667 0.035185
0 0.179167 0.360648 0.031250 0.043519
0 0.480208 0.724537 0.019792 0.063889
0 0.724219 0.284722 0.020313 0.063889
0 0.744531 0.500000 0.031771 0.062963
0 0.533854 0.633333 0.035417 0.044444
0 0.807031 0.749074 0.021354 0.059259
0 0.710677 0.609722 0.035937 0.060185
0 0.399740 0.719907 0.033854 0.056481
0 0.808333 0.605556 0.020833 0.061111
0 0.432292 0.221296 0.021875 0.066667
0 0.207813 0.101389 0.036458 0.041667
0 0.965885 0.784259 0.034896 0.042593
0 0.780469 0.555556 0.035937 0.042593
0 0.377865 0.720370 0.022396 0.062963
0 0.963281 0.424074 0.020313 0.062963
0 0.875260 0.509259 0.036979 0.037037
0 0.451042 0.894444 0.035417 0.044444
0 0.166146 0.555093 0.028125 0.065741
0 0.778646 0.674074 0.025000 0.059259
0 0.146094 0.878704 0.035937 0.055556
0 0.815104 0.872222 0.028125 0.059259
0 0.407031 0.104167 0.030729 0.054630
0 0.224740 0.875000 0.021354 0.061111
0 0.517969 0.829630 0.031771 0.050000
0 0.884896 0.787963 0.035417 0.033333
0 0.800781 0.201852 0.029687 0.055556
0 0.099219 0.461111 0.023438 0.068519
0 0.876302 0.866667 0.028646 0.059259
0 0.918229 0.382870 0.019792 0.063889
0 0.783333 0.608796 0.023958 0.062037
0 0.738021 0.252778 0.022917 0.062963
0 0.698958 0.777315 0.035417 0.056481
0 0.841667 0.742130 0.018750 0.058333
0 0.284115 0.068519 0.033854 0.038889
0 0.744531 0.581944 0.033854 0.058333
0 0.322135 0.206944 0.040104 0.037963
0 0.230729 0.055556 0.036458 0.046296
0 0.800521 0.092593 0.023958 0.062963
0 0.383073 0.061574 0.031771 0.060185
0 0.773698 0.511111 0.030729 0.064815
0 0.705729 0.327778 0.025000 0.059259
0 0.940625 0.406944 0.029167 0.056481
0 0.234375 0.825926 0.029167 0.057407
0 0.680990 0.209722 0.033854 0.037963
0 0.727344 0.198148 0.026562 0.057407
0 0.763542 0.095370 0.020833 0.062963
0 0.642969 0.482870 0.036979 0.034259
0 0.222917 0.651852 0.023958 0.062963
0 0.878646 0.459722 0.032292 0.058333
0 0.811198 0.131019 0.020313 0.056481
0 0.827865 0.273611 0.022396 0.069444
0 0.564583 0.869907 0.031250 0.052778
0 0.386458 0.456019 0.030208 0.034259
0 0.758594 0.908333 0.032813 0.040741
0 0.454948 0.189352 0.036979 0.041667
0 0.497135 0.075000 0.034896 0.037037
0 0.744792 0.643981 0.036458 0.043519
0 0.917448 0.570370 0.025521 0.066667
0 0.888802 0.411111 0.033854 0.048148
0 0.422917 0.669907 0.025000 0.060185
0 0.558333 0.053241 0.032292 0.060185
0 0.353385 0.080556 0.030729 0.059259
0 0.703906 0.162963 0.032813 0.055556
0 0.967708 0.832407 0.025000 0.059259
0 0.886979 0.309722 0.026042 0.050926
0 0.939063 0.679630 0.034375 0.044444
0 0.439583 0.731481 0.037500 0.048148
0 0.917188 0.337037 0.035417 0.038889
0 0.907031 0.178241 0.027604 0.063889
0 0.168490 0.893981 0.025521 0.054630
0 0.251042 0.845833 0.026042 0.060185
0 0.536198 0.415741 0.023438 0.057407
0 0.325260 0.548148 0.023438 0.064815
0 0.621875 0.047685 0.033333 0.039815
0 0.461979 0.273611 0.028125 0.037963
0 0.926562 0.750926 0.026042 0.044444
0 0.939583 0.724074 0.035417 0.037037
0 0.727344 0.665741 0.032813 0.033333
0 0.890885 0.352315 0.020313 0.056481
0 0.866406 0.341667 0.025521 0.061111
0 0.838802 0.542130 0.035937 0.039815
0 0.412500 0.234722 0.036458 0.036111
0 0.650000 0.922685 0.033333 0.058333
0 0.955729 0.873611 0.033333 0.037963
0 0.091406 0.548611 0.039062 0.039815
0 0.341927 0.124074 0.038021 0.046296
0 0.757552 0.252315 0.026562 0.047222
0 0.273958 0.896296 0.022917 0.061111
0 0.981250 0.909259 0.025000 0.051852
0 0.837760 0.062500 0.030729 0.047222
0 0.277083 0.602315 0.035417 0.041667
0 0.140885 0.085185 0.039062 0.051852
0 0.721354 0.025463 0.016667 0.047222
0 0.622917 0.914352 0.036458 0.054630
0 0.863021 0.029167 0.022917 0.052778
0 0.054948 0.558796 0.038021 0.058333
0 0.013281 0.308796 0.025521 0.060185
0 0.035156 0.896296 0.041146 0.044444
0 0.897396 0.919907 0.027083 0.060185
0 0.325000 0.048611 0.039583 0.034259
0 0.933333 0.871759 0.022917 0.047222
0 0.042708 0.271296 0.030208 0.059259
0 0.856250 0.098611 0.038542 0.037963
0 0.980208 0.209259 0.035417 0.037037
0 0.338021 0.276389 0.025000 0.075000
0 0.673177 0.905093 0.029687 0.032407
0 0.601302 0.883333 0.030729 0.037037
0 0.283854 0.016667 0.019792 0.031481
0 0.600781 0.016204 0.025521 0.030556
0 0.975781 0.119444 0.034896 0.042593
0 0.751823 0.956019 0.033854 0.036111
0 0.579167 0.724074 0.029167 0.037037
0 0.846875 0.938426 0.032292 0.058333
0 0.133854 0.581019 0.037500 0.050926
0 0.732812 0.944907 0.029167 0.071296
0 0.994010 0.321759 0.011979 0.060185
0 0.011719 0.867593 0.022396 0.048148
0 0.441667 0.081019 0.025000 0.028704
0 0.616667 0.954167 0.033333 0.037963
0 0.635156 0.615278 0.025521 0.047222
0 0.921615 0.897222 0.032813 0.029630
0 0.848437 0.013426 0.016667 0.025000
0 0.006771 0.764352 0.012500 0.043519
0 0.218750 0.011574 0.027083 0.021296
0 0.996094 0.418519 0.007812 0.031481
0 0.383854 0.554630 0.017708 0.037037
0 0.008073 0.228704 0.015104 0.062963
0 0.980729 0.972685 0.036458 0.028704
0 0.861198 0.159259 0.014063 0.027778
0 0.260937 0.905093 0.023958 0.039815
0 0.760677 0.011574 0.016146 0.021296
0 0.545573 0.883333 0.027604 0.046296
0 0.608073 0.979630 0.024479 0.037037
0 0.036458 0.968056 0.035417 0.056481
0 0.036719 0.216204 0.027604 0.056481
0 0.081510 0.969444 0.030729 0.024074
0 0.409375 0.942593 0.027083 0.062963
0 0.143229 0.986574 0.041667 0.026852
0 0.513021 0.967593 0.034375 0.027778
0 0.340365 0.974074 0.028646 0.027778
0 0.778125 0.972685 0.015625 0.021296
0 0.570573 0.975000 0.032813 0.044444
0 0.423958 0.975000 0.041667 0.044444
0 0.048698 0.502315 0.038021 0.049074
0 0.005729 0.370833 0.010417 0.037963
0 0.458073 0.141667 0.022396 0.055556
0 0.479167 0.158333 0.017708 0.070370
0 0.526302 0.109722 0.016146 0.071296
0 0.537500 0.177315 0.025000 0.047222
0 0.552344 0.196296 0.018229 0.051852
0 0.548438 0.236574 0.014583 0.028704
0 0.632552 0.081019 0.032813 0.032407
0 0.644271 0.128704 0.018750 0.062963
0 0.671615 0.139352 0.018229 0.067593
0 0.631250 0.175463 0.016667 0.065741
0 0.648438 0.243981 0.019792 0.054630
0 0.672396 0.280556 0.015625 0.068519
0 0.691667 0.302315 0.022917 0.047222
0 0.656250 0.044907 0.016667 0.037963
0 0.673438 0.432407 0.021875 0.061111
0 0.696094 0.706019 0.019271 0.056481
0 0.717448 0.716667 0.036979 0.057407
0 0.725260 0.750000 0.018229 0.062963
0 0.785937 0.791667 0.026042 0.055556
0 0.799479 0.705556 0.020833 0.057407
0 0.993490 0.859259 0.013021 0.035185
0 0.723698 0.908333 0.038021 0.038889
0 0.995573 0.909259 0.008854 0.048148
0 0.810937 0.543519 0.029167 0.033333
0 0.312500 0.004630 0.015625 0.007407
0 0.113021 0.748611 0.013542 0.002778
0 0.124479 0.716667 0.037500 0.066667
0 0.045573 0.950926 0.030729 0.050000
