0 0.232292 0.197685 0.022917 0.067593
0 0.374740 0.425463 0.030729 0.056481
0 0.218229 0.547222 0.032292 0.057407
0 0.173958 0.476852 0.036458 0.046296
0 0.326823 0.112037 0.022396 0.066667
0 0.532552 0.381481 0.024479 0.062963
0 0.359115 0.368981 0.023438 0.062037
0 0.365625 0.575000 0.034375 0.053704
0 0.109375 0.371296 0.034375 0.066667
0 0.234115 0.411111 0.020313 0.062963
0 0.382812 0.325000 0.026042 0.066667
0 0.390885 0.230093 0.029687 0.060185
0 0.148438 0.232870 0.036458 0.045370
0 0.168490 0.741204 0.030729 0.056481
0 0.517708 0.163889 0.027083 0.061111
0 0.300260 0.515278 0.028646 0.062037
0 0.743750 0.781019 0.025000 0.063889
0 0.446354 0.088426 0.026042 0.060185
0 0.523177 0.561574 0.028646 0.054630
0 0.408333 0.126389 0.027083 0.065741
0 0.536979 0.491204 0.034375 0.045370
0 0.774479 0.846759 0.023958 0.062037
0 0.423698 0.240741 0.024479 0.066667
0 0.155990 0.682870 0.022396 0.067593
0 0.262500 0.224537 0.028125 0.069444
0 0.429688 0.337037 0.018750 0.070370
0 0.527604 0.116204 0.029167 0.062037
0 0.091406 0.729630 0.035937 0.048148
0 0.231250 0.457407 0.037500 0.037037
0 0.608594 0.568056 0.028646 0.052778
0 0.390625 0.075000 0.031250 0.053704
0 0.277344 0.355556 0.022396 0.062963
0 0.538802 0.632407 0.029687 0.051852
0 0.126562 0.326389 0.028125 0.071296
0 0.340625 0.174537 0.021875 0.062037
0 0.370052 0.506481 0.036979 0.040741
0 0.281250 0.292130 0.035417 0.039815
0 0.242708 0.360185 0.035417 0.044444
0 0.415104 0.754167 0.022917 0.067593
0 0.628125 0.677778 0.035417 0.050000
0 0.589063 0.624074 0.020833 0.061111
0 0.479948 0.558796 0.021354 0.063889
0 0.187500 0.161111 0.037500 0.038889
0 0.111198 0.607407 0.034896 0.062963
0 0.284896 0.557407 0.018750 0.066667
0 0.740885 0.715741 0.030729 0.053704
0 0.481510 0.661111 0.019271 0.064815
0 0.343750 0.773611 0.036458 0.043519
0 0.215365 0.633333 0.035937 0.048148
0 0.875781 0.544444 0.030729 0.050000
0 0.474219 0.291667 0.021354 0.062963
0 0.985677 0.656481 0.027604 0.062963
0 0.173698 0.399074 0.036979 0.037037
0 0.979167 0.593519 0.033333 0.050000
0 0.331250 0.361574 0.037500 0.045370
0 0.408333 0.581944 0.037500 0.043519
0 0.578385 0.546296 0.021354 0.064815
0 0.532031 0.270370 0.036979 0.037037
0 0.532813 0.449537 0.033333 0.036111
0 0.709115 0.468519 0.036979 0.042593
0 0.160677 0.544907 0.038021 0.043519
0 0.335677 0.539815 0.019271 0.062963
0 0.692969 0.396759 0.033854 0.034259
0 0.944010 0.574537 0.032813 0.045370
0 0.631510 0.164352 0.025521 0.063889
0 0.627865 0.851389 0.022396 0.052778
0 0.711979 0.097685 0.018750 0.065741
0 0.920052 0.331944 0.020313 0.063889
0 0.925000 0.631019 0.027083 0.062037
0 0.783854 0.741204 0.027083 0.060185
0 0.564844 0.159722 0.033854 0.054630
0 0.478385 0.431944 0.034896 0.043519
0 0.786719 0.538889 0.030729 0.055556
0 0.075260 0.438889 0.038021 0.040741
0 0.517188 0.691204 0.022917 0.065741
0 0.600260 0.078241 0.023438 0.058333
0 0.673958 0.600463 0.025000 0.054630
0 0.295833 0.368981 0.026042 0.069444
0 0.872135 0.831481 0.028646 0.059259
0 0.592708 0.263889 0.018750 0.066667
0 0.598698 0.710648 0.022396 0.060185
0 0.458333 0.521759 0.032292 0.047222
0 0.731510 0.251389 0.028646 0.063889
0 0.099219 0.796296 0.024479 0.068519
0 0.450260 0.269444 0.018229 0.066667
0 0.663281 0.165278 0.030729 0.060185
0 0.353646 0.086574 0.031250 0.052778
0 0.452083 0.704167 0.017708 0.063889
0 0.742969 0.107407 0.022396 0.061111
0 0.567187 0.207407 0.035417 0.042593
0 0.093229 0.662963 0.039583 0.038889
0 0.953646 0.639815 0.026042 0.055556
0 0.694010 0.819444 0.021354 0.070370
0 0.527604 0.755556 0.033333 0.040741
0 0.311198 0.259722 0.031771 0.052778
0 0.470833 0.230556 0.035417 0.037037
0 0.482292 0.087037 0.032292 0.051852
0 0.927865 0.838426 0.030729 0.049074
0 0.746354 0.465278 0.035417 0.041667
0 0.740104 0.583796 0.027083 0.054630
0 0.426042 0.686111 0.017708 0.064815
0 0.916667 0.383796 0.030208 0.054630
0 0.917188 0.212963 0.022917 0.064815
0 0.938281 0.527315 0.022396 0.063889
0 0.320573 0.512963 0.022396 0.068519
0 0.070833 0.619907 0.039583 0.043519
0 0.670573 0.112500 0.026562 0.060185
0 0.592448 0.387963 0.030729 0.048148
0 0.760938 0.106944 0.023958 0.063889
0 0.570573 0.783796 0.023438 0.067593
0 0.890365 0.656481 0.022396 0.066667
0 0.304167 0.125000 0.040625 0.044444
0 0.633073 0.480556 0.036979 0.044444
0 0.499740 0.413889 0.032813 0.046296
0 0.942448 0.188889 0.023438 0.064815
0 0.503125 0.582407 0.018750 0.064815
0 0.850260 0.200000 0.033854 0.037037
0 0.739583 0.547685 0.031250 0.047222
0 0.908073 0.456019 0.025521 0.062037
0 0.749740 0.878704 0.039062 0.037037
0 0.492188 0.044444 0.031250 0.046296
0 0.469271 0.187500 0.034375 0.039815
0 0.660937 0.398611 0.021875 0.065741
0 0.485677 0.493981 0.035937 0.041667
0 0.863542 0.902315 0.027083 0.049074
0 0.968490 0.423611 0.033854 0.045370
0 0.071094 0.317130 0.023438 0.073148
0 0.889323 0.487500 0.035937 0.034259
0 0.882552 0.144907 0.028646 0.058333
0 0.262240 0.165741 0.040104 0.040741
0 0.346875 0.272222 0.018750 0.064815
0 0.577865 0.664352 0.033854 0.041667
0 0.808854 0.241204 0.032292 0.050926
0 0.643229 0.305093 0.036458 0.036111
0 0.868750 0.382407 0.029167 0.055556
0 0.407031 0.839815 0.020313 0.064815
0 0.818229 0.884722 0.018750 0.060185
0 0.660417 0.905093 0.031250 0.054630
0 0.168229 0.842593 0.022917 0.064815
0 0.363021 0.697222 0.031250 0.059259
0 0.405990 0.660648 0.019271 0.063889
0 0.936719 0.680556 0.042188 0.033333
0 0.967708 0.787037 0.034375 0.035185
0 0.246094 0.084259 0.040104 0.050000
0 0.879167 0.419907 0.027083 0.062037
0 0.624219 0.420370 0.021354 0.062963
0 0.825000 0.554167 0.036458 0.047222
0 0.965625 0.376852 0.031250 0.050000
0 0.670052 0.248611 0.029687 0.050926
0 0.773698 0.657407 0.022396 0.066667
0 0.954688 0.828241 0.022917 0.056481
0 0.616927 0.393981 0.025521 0.054630
0 0.746615 0.053704 0.029687 0.048148
0 0.671094 0.285185 0.034896 0.046296
0 0.318750 0.183796 0.034375 0.045370
0 0.823958 0.434259 0.035417 0.042593
0 0.714063 0.662500 0.030208 0.039815
0 0.941667 0.722685 0.022917 0.058333
0 0.851302 0.437963 0.021354 0.062963
0 0.813021 0.099074 0.029167 0.053704
0 0.138281 0.614815 0.027604 0.066667
0 0.841927 0.087500 0.035937 0.050926
0 0.681250 0.642130 0.021875 0.056481
0 0.075000 0.571759 0.039583 0.037963
0 0.595313 0.130556 0.035417 0.048148
0 0.283854 0.092593 0.038542 0.037037
0 0.900260 0.341667 0.019271 0.066667
0 0.833594 0.716204 0.022396 0.065741
0 0.068490 0.497222 0.029687 0.070370
0 0.759896 0.165278 0.032292 0.043519
0 0.485417 0.898611 0.027083 0.062037
0 0.042969 0.776852 0.031771 0.070370
0 0.358073 0.130556 0.038021 0.042593
0 0.733594 0.321296 0.029687 0.061111
0 0.382552 0.035648 0.038021 0.039815
0 0.782292 0.253704 0.021875 0.068519
0 0.387240 0.670370 0.021354 0.066667
0 0.788802 0.125000 0.033854 0.044444
0 0.889062 0.731944 0.021875 0.065741
0 0.703385 0.582870 0.032813 0.047222
0 0.864583 0.337963 0.035417 0.038889
0 0.914844 0.741204 0.022396 0.065741
0 0.072135 0.232407 0.033854 0.061111
0 0.831771 0.857407 0.022917 0.062963
0 0.854948 0.650000 0.029687 0.059259
0 0.254167 0.650000 0.020833 0.068519
0 0.143490 0.116667 0.042188 0.050000
0 0.369271 0.621296 0.031250 0.031481
0 0.624219 0.032407 0.034896 0.044444
0 0.707812 0.636574 0.030208 0.041667
0 0.098698 0.157407 0.041146 0.062963
0 0.986198 0.294444 0.026562 0.044444
0 0.720833 0.211111 0.019792 0.064815
0 0.795833 0.683796 0.034375 0.034259
0 0.834635 0.053241 0.034896 0.034259
0 0.086198 0.508333 0.030729 0.066667
0 0.811719 0.350463 0.034896 0.050926
0 0.191667 0.097685 0.026042 0.052778
0 0.338281 0.221759 0.033854 0.041667
0 0.126042 0.150000 0.028125 0.057407
0 0.570052 0.252778 0.020313 0.062963
0 0.733594 0.508796 0.036979 0.034259
0 0.250260 0.532407 0.020313 0.051852
0 0.417969 0.038889 0.022396 0.072222
0 0.055469 0.167130 0.033854 0.067593
0 0.233333 0.826389 0.030208 0.050926
0 0.873177 0.303241 0.029687 0.043519
0 0.550521 0.727315 0.042708 0.050926
0 0.060156 0.850463 0.035937 0.062037
0 0.512760 0.890278 0.023438 0.054630
0 0.454167 0.891204 0.027083 0.052778
0 0.850260 0.743981 0.024479 0.034259
0 0.498437 0.692593 0.018750 0.072222
0 0.191146 0.769907 0.026042 0.067593
0 0.718750 0.939815 0.028125 0.066667
0 0.579688 0.722222 0.029167 0.040741
0 0.014583 0.360185 0.028125 0.038889
0 0.989323 0.518519 0.020313 0.061111
0 0.330208 0.712963 0.017708 0.044444
0 0.927604 0.913426 0.023958 0.054630
0 0.008854 0.539352 0.016667 0.052778
0 0.257031 0.029167 0.038021 0.037963
0 0.752604 0.266204 0.016667 0.039815
0 0.889323 0.943981 0.020313 0.062037
0 0.767188 0.927778 0.032292 0.046296
0 0.784896 0.015741 0.023958 0.029630
0 0.019010 0.254167 0.034896 0.036111
0 0.345052 0.443519 0.017188 0.038889
0 0.839583 0.014352 0.033333 0.026852
0 0.294271 0.912500 0.036458 0.034259
0 0.169010 0.906481 0.031771 0.055556
0 0.767448 0.966667 0.029687 0.051852
0 0.082812 0.859259 0.020833 0.059259
0 0.552083 0.873611 0.031250 0.026852
0 0.398958 0.407407 0.017708 0.037037
0 0.982552 0.236574 0.033854 0.075000
0 0.569010 0.932870 0.032813 0.043519
0 0.747917 0.965741 0.034375 0.059259
0 0.007292 0.459722 0.013542 0.037963
0 0.986979 0.036111 0.022917 0.059259
0 0.946875 0.945833 0.023958 0.050926
0 0.384375 0.553704 0.016667 0.040741
0 0.985677 0.964815 0.023438 0.050000
0 0.950781 0.976389 0.028646 0.034259
0 0.392448 0.937037 0.023438 0.064815
0 0.464844 0.827778 0.038021 0.061111
0 0.041146 0.207407 0.025000 0.037037
0 0.043750 0.975926 0.031250 0.035185
0 0.454427 0.977778 0.041146 0.033333
0 0.035156 0.347222 0.018229 0.029630
0 0.006250 0.978704 0.011458 0.033333
0 0.601302 0.900000 0.019271 0.035185
0 0.303125 0.970833 0.038542 0.043519
0 0.008073 0.870370 0.015104 0.050000
0 0.659896 0.965741 0.022917 0.012963
0 0.415104 0.962500 0.028125 0.036111
0 0.643750 0.415741 0.016667 0.068519
0 0.639323 0.119907 0.022396 0.071296
0 0.718490 0.014815 0.020313 0.027778
0 0.759375 0.010648 0.021875 0.019444
0 0.696354 0.285648 0.030208 0.058333
0 0.701042 0.231944 0.034375 0.065741
0 0.654948 0.550000 0.034896 0.051852
0 0.670052 0.507407 0.036979 0.038889
0 0.698698 0.526389 0.035937 0.069444
0 0.989844 0.438889 0.020313 0.068519
0 0.172396 0.822222 0.107292 0.053704
0 0.849479 0.975463 0.038542 0.028704
