0 0.190885 0.528704 0.030729 0.057407
0 0.376563 0.452778 0.029167 0.061111
0 0.266406 0.536574 0.036979 0.041667
0 0.343229 0.451852 0.021875 0.062963
0 0.622656 0.507870 0.029687 0.056481
0 0.259375 0.351852 0.036458 0.050000
0 0.275000 0.582870 0.035417 0.045370
0 0.161979 0.458333 0.030208 0.066667
0 0.126042 0.459722 0.033333 0.060185
0 0.564063 0.470833 0.034375 0.056481
0 0.645573 0.461111 0.030729 0.057407
0 0.567708 0.632870 0.030208 0.056481
0 0.461458 0.639352 0.023958 0.065741
0 0.394271 0.500000 0.035417 0.040741
0 0.609115 0.290278 0.024479 0.063889
0 0.438542 0.214815 0.031250 0.051852
0 0.292448 0.312037 0.027604 0.064815
0 0.421354 0.560648 0.029167 0.054630
0 0.313021 0.537963 0.034375 0.044444
0 0.408333 0.267130 0.021875 0.065741
0 0.076823 0.531019 0.040104 0.045370
0 0.399740 0.412500 0.035937 0.037963
0 0.146875 0.549074 0.035417 0.044444
0 0.570573 0.324537 0.030729 0.060185
0 0.218750 0.415741 0.041667 0.035185
0 0.287240 0.212500 0.033854 0.060185
0 0.371615 0.358796 0.038021 0.036111
0 0.358594 0.319444 0.034896 0.048148
0 0.587760 0.379630 0.032813 0.048148
0 0.452083 0.571296 0.027083 0.061111
0 0.356771 0.186111 0.026042 0.066667
0 0.063542 0.487963 0.042708 0.046296
0 0.084896 0.430093 0.036458 0.052778
0 0.387500 0.197222 0.026042 0.068519
0 0.535417 0.556481 0.035417 0.042593
0 0.480469 0.419907 0.034896 0.045370
0 0.662760 0.598148 0.026562 0.057407
0 0.289844 0.465741 0.021354 0.066667
0 0.112500 0.578704 0.032292 0.053704
0 0.537500 0.475000 0.022917 0.070370
0 0.451562 0.473148 0.037500 0.038889
0 0.297135 0.161111 0.020313 0.068519
0 0.398958 0.623148 0.036458 0.035185
0 0.613802 0.673148 0.035937 0.040741
0 0.607552 0.731944 0.035937 0.036111
0 0.228385 0.749537 0.026562 0.065741
0 0.446094 0.340741 0.035937 0.040741
0 0.228385 0.364815 0.019271 0.062963
0 0.486458 0.604167 0.019792 0.069444
0 0.163542 0.382870 0.026042 0.063889
0 0.495312 0.395370 0.032292 0.055556
0 0.100521 0.341204 0.023958 0.073148
0 0.120052 0.411111 0.040104 0.050000
0 0.370833 0.283333 0.032292 0.044444
0 0.442448 0.125000 0.031771 0.051852
0 0.187500 0.115278 0.025000 0.069444
0 0.282292 0.138426 0.022917 0.063889
0 0.615625 0.423148 0.029167 0.044444
0 0.238802 0.232407 0.036979 0.055556
0 0.264062 0.471296 0.020833 0.072222
0 0.139844 0.156944 0.020313 0.071296
0 0.090104 0.630093 0.042708 0.045370
0 0.128125 0.352315 0.022917 0.071296
0 0.020833 0.528241 0.040625 0.049074
0 0.279948 0.778241 0.033854 0.065741
0 0.492448 0.540741 0.024479 0.066667
0 0.136719 0.583796 0.023438 0.063889
0 0.677344 0.348148 0.023438 0.070370
0 0.641406 0.381481 0.022396 0.061111
0 0.585156 0.743981 0.025521 0.069444
0 0.252083 0.182407 0.040625 0.042593
0 0.314583 0.387963 0.021875 0.068519
0 0.083854 0.354630 0.027083 0.062963
0 0.505469 0.458796 0.026562 0.062037
0 0.711719 0.542593 0.033854 0.051852
0 0.546615 0.250926 0.022396 0.068519
0 0.610156 0.231019 0.031771 0.052778
0 0.644792 0.186574 0.019792 0.067593
0 0.352344 0.066667 0.032813 0.055556
0 0.665104 0.286574 0.032292 0.047222
0 0.584635 0.084722 0.021354 0.062037
0 0.662760 0.218519 0.020313 0.064815
0 0.026302 0.225463 0.026562 0.065741
0 0.542708 0.349074 0.027083 0.064815
0 0.148177 0.119907 0.024479 0.076852
0 0.284896 0.731481 0.032292 0.064815
0 0.689583 0.166204 0.025000 0.063889
0 0.073177 0.692593 0.042188 0.059259
0 0.621875 0.645370 0.035417 0.037037
0 0.682813 0.404630 0.035417 0.038889
0 0.038021 0.417593 0.043750 0.037037
0 0.523698 0.683796 0.028646 0.067593
0 0.174740 0.052315 0.027604 0.062037
0 0.656510 0.115278 0.029687 0.056481
0 0.113281 0.131019 0.024479 0.054630
0 0.202083 0.375000 0.034375 0.055556
0 0.283073 0.070370 0.023438 0.068519
0 0.072396 0.843519 0.036458 0.051852
0 0.451302 0.722222 0.022396 0.059259
0 0.148438 0.300926 0.039583 0.038889
0 0.124740 0.774537 0.040104 0.043519
0 0.063281 0.168519 0.034896 0.055556
0 0.319010 0.052778 0.028646 0.066667
0 0.342187 0.658333 0.039583 0.035185
0 0.702344 0.485185 0.033854 0.038889
0 0.056510 0.744444 0.027604 0.072222
0 0.013542 0.365741 0.025000 0.066667
0 0.197135 0.793519 0.040104 0.044444
0 0.506250 0.250000 0.021875 0.066667
0 0.495833 0.849537 0.037500 0.041667
0 0.420312 0.827315 0.029167 0.060185
0 0.670573 0.072685 0.026562 0.058333
0 0.475260 0.037500 0.032813 0.052778
0 0.734115 0.425463 0.034896 0.039815
0 0.141406 0.701852 0.022396 0.068519
0 0.386198 0.049074 0.029687 0.061111
0 0.173437 0.666667 0.042708 0.038889
0 0.545573 0.051389 0.025521 0.060185
0 0.965625 0.449537 0.034375 0.063889
0 0.423958 0.891667 0.033333 0.053704
0 0.064062 0.330093 0.023958 0.069444
0 0.774219 0.474537 0.021354 0.071296
0 0.351042 0.540278 0.026042 0.047222
0 0.736458 0.295370 0.034375 0.042593
0 0.536719 0.839815 0.033854 0.046296
0 0.144531 0.643981 0.036979 0.039815
0 0.810156 0.493519 0.024479 0.066667
0 0.013281 0.474537 0.025521 0.063889
0 0.418490 0.046759 0.022396 0.065741
0 0.579948 0.801389 0.034896 0.043519
0 0.747396 0.473148 0.035417 0.040741
0 0.257812 0.860185 0.036458 0.044444
0 0.253906 0.092593 0.022396 0.062963
0 0.015365 0.295833 0.029687 0.073148
0 0.138281 0.517593 0.029687 0.055556
0 0.749740 0.097685 0.035937 0.049074
0 0.777604 0.290741 0.037500 0.040741
0 0.170573 0.700463 0.040104 0.037963
0 0.801042 0.068056 0.029167 0.056481
0 0.773698 0.165741 0.021354 0.061111
0 0.613802 0.591204 0.019271 0.063889
0 0.764583 0.245370 0.026042 0.057407
0 0.854688 0.195833 0.026042 0.069444
0 0.929427 0.411574 0.035937 0.049074
0 0.865885 0.346759 0.031771 0.058333
0 0.038542 0.662963 0.032292 0.066667
0 0.897135 0.305093 0.023438 0.067593
0 0.986979 0.329167 0.025000 0.062037
0 0.727344 0.242593 0.030729 0.053704
0 0.814583 0.274074 0.031250 0.062963
0 0.345833 0.838426 0.032292 0.063889
0 0.120313 0.236111 0.042708 0.044444
0 0.984115 0.219444 0.029687 0.042593
0 0.905469 0.439352 0.023438 0.065741
0 0.801823 0.345370 0.034896 0.048148
0 0.571094 0.862500 0.020313 0.071296
0 0.199740 0.873148 0.034896 0.046296
0 0.548177 0.896759 0.020313 0.062037
0 0.221875 0.623611 0.026042 0.073148
0 0.694531 0.830093 0.026562 0.052778
0 0.447917 0.838889 0.038542 0.037037
0 0.831771 0.142130 0.017708 0.067593
0 0.522656 0.250000 0.017188 0.068519
0 0.258594 0.818981 0.039062 0.047222
0 0.372396 0.029630 0.027083 0.057407
0 0.859896 0.490741 0.032292 0.061111
0 0.013021 0.724074 0.025000 0.062963
0 0.725260 0.194907 0.039062 0.039815
0 0.202344 0.713426 0.038021 0.034259
0 0.529948 0.618056 0.018229 0.069444
0 0.796094 0.201852 0.021354 0.068519
0 0.773177 0.687963 0.035937 0.035185
0 0.728906 0.120833 0.033854 0.034259
0 0.879948 0.241204 0.022396 0.069444
0 0.228385 0.823611 0.029687 0.071296
0 0.123958 0.837500 0.022917 0.069444
0 0.699740 0.261574 0.027604 0.065741
0 0.875781 0.093981 0.022396 0.063889
0 0.405469 0.776389 0.020313 0.063889
0 0.218490 0.688426 0.040104 0.062037
0 0.339583 0.751389 0.028125 0.065741
0 0.429948 0.395833 0.016146 0.052778
0 0.937240 0.303241 0.024479 0.067593
0 0.506510 0.143056 0.019271 0.067593
0 0.767969 0.074074 0.033854 0.046296
0 0.496875 0.897222 0.036458 0.042593
0 0.599479 0.572685 0.020833 0.056481
0 0.251302 0.898611 0.033854 0.037963
0 0.897135 0.509259 0.043229 0.075926
0 0.950260 0.687500 0.025521 0.067593
0 0.757552 0.645370 0.031771 0.048148
0 0.321615 0.429167 0.021354 0.054630
0 0.896615 0.157407 0.023438 0.068519
0 0.220573 0.542593 0.026562 0.042593
0 0.565365 0.025926 0.020313 0.050000
0 0.864583 0.736574 0.030208 0.056481
0 0.285156 0.875463 0.023438 0.062037
0 0.927865 0.754630 0.023438 0.064815
0 0.860938 0.302315 0.031250 0.039815
0 0.963281 0.157870 0.036979 0.054630
0 0.698958 0.096296 0.018750 0.072222
0 0.853385 0.556481 0.036979 0.061111
0 0.853385 0.638889 0.034896 0.057407
0 0.905990 0.620833 0.023438 0.063889
0 0.923958 0.251852 0.038542 0.037037
0 0.010417 0.130556 0.019792 0.059259
0 0.967969 0.043981 0.032813 0.063889
0 0.176302 0.881944 0.034896 0.045370
0 0.887760 0.675926 0.042188 0.040741
0 0.923958 0.043519 0.029167 0.059259
0 0.141927 0.910185 0.021354 0.068519
0 0.460938 0.877778 0.035417 0.046296
0 0.177865 0.835185 0.039062 0.048148
0 0.764323 0.201389 0.038021 0.043519
0 0.401042 0.109722 0.020833 0.073148
0 0.984896 0.702315 0.030208 0.060185
0 0.284115 0.018056 0.028646 0.034259
0 0.269531 0.927778 0.029687 0.048148
0 0.053646 0.864815 0.043750 0.064815
0 0.931250 0.156944 0.032292 0.073148
0 0.012760 0.846759 0.024479 0.062037
0 0.983073 0.263426 0.028646 0.043519
0 0.658073 0.022222 0.033854 0.042593
0 0.976302 0.099074 0.032813 0.072222
0 0.034375 0.848611 0.029167 0.062037
0 0.986458 0.833796 0.027083 0.060185
0 0.947917 0.043056 0.022917 0.063889
0 0.512760 0.933796 0.030729 0.039815
0 0.486458 0.936574 0.018750 0.067593
0 0.817187 0.739352 0.023958 0.065741
0 0.013802 0.050000 0.026562 0.048148
0 0.047396 0.052315 0.042708 0.058333
0 0.340104 0.893056 0.032292 0.062037
0 0.227604 0.935648 0.035417 0.043519
0 0.391406 0.960648 0.032813 0.054630
0 0.154427 0.017130 0.026562 0.032407
0 0.368490 0.952778 0.024479 0.066667
0 0.588021 0.930093 0.018750 0.065741
0 0.420052 0.961574 0.022396 0.058333
0 0.020313 0.935185 0.039583 0.037037
0 0.795573 0.746296 0.028646 0.029630
0 0.307031 0.943981 0.025521 0.067593
0 0.083854 0.011111 0.041667 0.020370
0 0.495052 0.963889 0.030729 0.064815
0 0.947396 0.981944 0.031250 0.034259
0 0.234896 0.125000 0.021875 0.085185
0 0.254427 0.137500 0.036979 0.039815
0 0.336979 0.162037 0.039583 0.040741
0 0.303385 0.073611 0.026562 0.078704
0 0.485677 0.074074 0.039062 0.046296
0 0.508073 0.080556 0.027604 0.075926
0 0.584896 0.151389 0.021875 0.067593
0 0.570052 0.174074 0.027604 0.064815
0 0.548958 0.147685 0.015625 0.065741
0 0.559375 0.106019 0.023958 0.047222
0 0.558333 0.215278 0.031250 0.062037
0 0.394271 0.135648 0.025000 0.036111
0 0.404948 0.187500 0.028646 0.054630
0 0.473438 0.217593 0.033333 0.055556
0 0.495312 0.193056 0.019792 0.065741
0 0.458333 0.171759 0.041667 0.043519
0 0.426302 0.158333 0.020313 0.070370
0 0.447917 0.044907 0.027083 0.073148
0 0.457031 0.384722 0.039062 0.047222
0 0.505729 0.358333 0.028125 0.064815
0 0.472917 0.509722 0.043750 0.062037
0 0.353906 0.246296 0.025521 0.044444
0 0.532552 0.066667 0.024479 0.064815
0 0.258073 0.977778 0.030729 0.044444
0 0.151042 0.981019 0.032292 0.034259
0 0.079427 0.968981 0.032813 0.062037
0 0.518750 0.168981 0.026042 0.062037
0 0.801042 0.012963 0.030208 0.024074
0 0.989583 0.980093 0.020833 0.030556
0 0.508854 0.482407 0.019792 0.057407
