0 0.387453125 0.5099814814814815 0.025953124999999962 0.05935185185185177
0 0.6279322916666668 0.5286481481481482 0.028104166666666687 0.06320370370370369
0 0.15197916666666667 0.35547222222222224 0.025510416666666678 0.06575925925925924
0 0.4650885416666667 0.4056018518518519 0.03372395833333333 0.048398148148148135
0 0.6284166666666666 0.3131481481481481 0.025328125000000055 0.0629351851851852
0 0.6513697916666668 0.3532962962962963 0.028062500000000056 0.0621203703703704
0 0.4995104166666666 0.4713518518518518 0.021776041666666638 0.07101851851851851
0 0.385984375 0.8007777777777778 0.036562500000000026 0.04259259259259259
0 0.35278125 0.5117222222222222 0.03768749999999995 0.04527777777777786
0 0.408203125 0.4644074074074074 0.020291666666666687 0.06499999999999999
0 0.3752447916666667 0.3739166666666667 0.033265624999999945 0.05951851851851849
0 0.35546875 0.4583333333333333 0.021041666666666715 0.06862962962962958
0 0.2951666666666667 0.29709259259259263 0.029416666666666678 0.06488888888888893
0 0.4516614583333334 0.5516481481481481 0.023145833333333362 0.06613888888888894
0 0.6767604166666668 0.41167592592592595 0.029036458333333334 0.060379629629629665
0 0.432375 0.59375 0.019760416666666693 0.06879629629629626
0 0.5771510416666668 0.35915740740740737 0.031020833333333307 0.0602777777777778
0 0.416015625 0.41862037037037036 0.03573437499999995 0.03916666666666663
0 0.4067395833333334 0.28385185185185186 0.028593750000000046 0.06537962962962965
0 0.6401354166666666 0.1149074074074074 0.02052083333333338 0.07112962962962963
0 0.3122552083333333 0.5316851851851853 0.04025520833333331 0.04598148148148156
0 0.7260729166666666 0.6354166666666666 0.03125 0.057398148148148156
0 0.4916979166666666 0.755638888888889 0.030442708333333356 0.05587962962962954
0 0.30176041666666664 0.44249074074074074 0.03533854166666662 0.05045370370370371
0 0.399171875 0.6588518518518518 0.029874999999999947 0.05924074074074076
0 0.2658697916666667 0.16569444444444442 0.03476041666666667 0.05951851851851849
0 0.4555677083333334 0.6614629629629629 0.034182291666666725 0.04980555555555552
0 0.20178125 0.5338518518518518 0.03561458333333333 0.05045370370370371
0 0.5502916666666666 0.3969166666666667 0.024046875000000037 0.06700000000000002
0 0.2893072916666667 0.5429722222222222 0.03533854166666662 0.05074999999999995
0 0.379640625 0.2975277777777778 0.023604166666666634 0.07286111111111106
0 0.2009270833333333 0.4578981481481481 0.03125 0.054120370370370416
0 0.4357916666666667 0.21766666666666667 0.03494270833333329 0.04774074074074074
0 0.5073229166666666 0.5351574074074075 0.03649999999999996 0.037055555555555536
0 0.4545885416666666 0.10090740740740742 0.02517708333333329 0.05762037037037036
0 0.6787135416666668 0.7070277777777778 0.03338541666666662 0.05083333333333342
0 0.1588125 0.4056018518518519 0.03515625 0.04885185185185184
0 0.2575677083333333 0.4544259259259259 0.03643750000000002 0.04519444444444439
0 0.24011458333333333 0.17524074074074072 0.03802604166666666 0.049314814814814804
0 0.4748541666666667 0.7122407407407407 0.033140625000000055 0.055666666666666566
0 0.08361979166666668 0.4978333333333333 0.021578125000000004 0.06586111111111105
0 0.7026354166666666 0.09234259259259259 0.021239583333333437 0.06775925925925926
0 0.08831770833333333 0.36241666666666666 0.02790624999999999 0.07470370370370366
0 0.13183854166666667 0.7087685185185185 0.039182291666666674 0.041018518518518475
0 0.4223645833333334 0.7061666666666666 0.03079166666666661 0.056314814814814755
0 0.62109375 0.6883703703703704 0.023515625000000047 0.062611111111111
0 0.16394270833333333 0.5208333333333334 0.039640625000000006 0.052407407407407326
0 0.09979166666666667 0.17838888888888887 0.024473958333333337 0.06293518518518516
0 0.24377604166666667 0.28732407407407407 0.029479166666666678 0.0654814814814815
0 0.14953645833333334 0.11447222222222221 0.021864583333333344 0.0769351851851852
0 0.24890104166666666 0.5720462962962962 0.030213541666666663 0.05772222222222215
0 0.21008333333333334 0.5776944444444444 0.04077083333333332 0.03895370370370364
0 0.7709947916666666 0.3183611111111111 0.026765624999999935 0.057509259259259274
0 0.6787135416666668 0.1618888888888889 0.030916666666666735 0.05805555555555555
0 0.779296875 0.5143240740740741 0.024994791666666554 0.06282407407407399
0 0.4006354166666667 0.1360648148148148 0.023697916666666666 0.06646296296296295
0 0.5859375 0.8038240740740741 0.027635416666666638 0.059953703703703703
0 0.2827135416666666 0.05452777777777778 0.023557291666666678 0.06428703703703705
0 0.44238541666666664 0.03976851851851852 0.030958333333333362 0.06016666666666666
0 0.2932135416666667 0.8038240740740741 0.03768749999999995 0.04820370370370365
0 0.5571302083333334 0.7656296296296297 0.03423958333333322 0.05045370370370371
0 0.541015625 0.2569444444444444 0.028104166666666687 0.06500000000000002
0 0.8139635416666666 0.16710185185185186 0.023958333333333335 0.06737962962962961
0 0.495359375 0.6267407407407407 0.022932291666666653 0.06439814814814811
0 0.3322760416666667 0.14051851851851851 0.024994791666666672 0.06526851851851853
0 0.5170885416666666 0.852 0.029312499999999984 0.06223148148148151
0 0.8608385416666666 0.5225740740740741 0.03671354166666655 0.0371388888888888
0 0.6318385416666668 0.4782962962962962 0.03839062500000002 0.04234259259259261
0 0.16980208333333333 0.11143518518518518 0.02059895833333331 0.07031481481481482
0 0.67578125 0.2788611111111111 0.0343020833333334 0.049314814814814804
0 0.5283229166666666 0.1270648148148148 0.027479166666666662 0.06428703703703705
0 0.4624010416666666 0.06293518518518518 0.019010416666666665 0.06369444444444447
0 0.16369791666666667 0.4600740740740741 0.037473958333333356 0.03916666666666663
0 0.09271354166666666 0.5924444444444444 0.026505208333333325 0.07194444444444449
0 0.5278333333333334 0.6241296296296296 0.022843750000000006 0.06749074074074084
0 0.37402604166666664 0.18674074074074073 0.03802604166666666 0.04765740740740743
0 0.4826666666666667 0.04375925925925925 0.026963541666666656 0.06168518518518519
0 0.16394270833333333 0.19 0.038697916666666644 0.04391666666666667
0 0.279296875 0.13291666666666668 0.02365104166666671 0.06927777777777777
0 0.11859375 0.33246296296296296 0.03506250000000001 0.057509259259259274
0 0.1379375 0.4665833333333333 0.030213541666666663 0.060601851851851844
0 0.23840104166666667 0.5247407407407407 0.022244791666666687 0.061685185185185086
0 0.8803697916666666 0.5473055555555556 0.02801562499999998 0.05222222222222231
0 0.4467760416666666 0.8159722222222222 0.02908333333333329 0.06597222222222222
0 0.912109375 0.6740462962962963 0.025619791666666693 0.06684259259259265
0 0.23352083333333334 0.3524351851851852 0.02908333333333335 0.06320370370370369
0 0.7631822916666666 0.8485277777777778 0.03506250000000009 0.04885185185185184
0 0.06359895833333333 0.5447037037037037 0.025666666666666667 0.06439814814814811
0 0.6391614583333334 0.8815092592592593 0.023192708333333437 0.06320370370370369
0 0.8046875 0.41775 0.019166666666666762 0.0628240740740741
0 0.44238541666666664 0.3183611111111111 0.03860416666666673 0.034583333333333355
0 0.18152083333333333 0.4205740740740741 0.038697916666666644 0.041018518518518475
0 0.30957291666666664 0.40429629629629626 0.022322916666666616 0.0628240740740741
0 0.5590833333333334 0.11187037037037037 0.03253125000000002 0.05729629629629629
0 0.07781770833333333 0.40017592592592593 0.025270833333333333 0.06965740740740742
0 0.147828125 0.7890648148148148 0.037598958333333314 0.05485185185185186
0 0.794921875 0.5846388888888888 0.021364583333333322 0.06390740740740739
0 0.41796875 0.7682314814814816 0.043947916666666725 0.042666666666666596
0 0.337890625 0.35959259259259263 0.0390625 0.036
0 0.3217760416666666 0.28840740740740745 0.039796875000000044 0.04131481481481482
0 0.5815416666666666 0.8710925925925925 0.03173958333333336 0.05083333333333342
0 0.7456041666666666 0.13389814814814816 0.03033333333333322 0.044925925925925925
0 0.3166510416666667 0.6545185185185185 0.023999999999999962 0.06575925925925924
0 0.7006822916666666 0.5798611111111112 0.03839062500000002 0.05837962962962959
0 0.11615104166666666 0.5811666666666666 0.02456770833333334 0.07128703703703705
0 0.19677604166666668 0.7408888888888888 0.021864583333333344 0.065861111111111
0 0.2458489583333333 0.05772222222222222 0.034822916666666676 0.05132407407407408
0 0.104859375 0.2773425925925926 0.04016145833333334 0.038574074074074045
0 0.677734375 0.7903611111111112 0.0343020833333334 0.041722222222222174
0 0.9409166666666666 0.7278611111111112 0.027906249999999962 0.05083333333333342
0 0.6684583333333334 0.573787037037037 0.019838541666666744 0.06282407407407399
0 0.09076041666666666 0.10427777777777779 0.027479166666666662 0.06879629629629631
0 0.6186510416666666 0.7816851851851853 0.026916666666666582 0.05652777777777773
0 0.609375 0.8059907407407407 0.023286458333333353 0.06223148148148151
0 0.8740260416666668 0.43034259259259255 0.03661979166666664 0.05462962962962963
0 0.2463385416666667 0.4058148148148148 0.025223958333333307 0.06439814814814811
0 0.29590104166666664 0.8941018518518519 0.03555208333333333 0.04031481481481478
0 0.293703125 0.23003703703703704 0.024385416666666635 0.073462962962963
0 0.15905729166666666 0.7482685185185185 0.04400520833333334 0.0393055555555556
0 0.7353541666666668 0.8489629629629629 0.032229166666666725 0.062009259259259285
0 0.3254375 0.06293518518518518 0.027437500000000035 0.06016666666666668
0 0.943359375 0.3732685185185185 0.03854166666666667 0.04391666666666662
0 0.6127916666666666 0.08881481481481482 0.017578125 0.06037962962962964
0 0.11517187499999999 0.08913888888888888 0.025619791666666666 0.07085185185185186
0 0.548828125 0.7291666666666666 0.035489583333333324 0.0393055555555556
0 0.45801041666666664 0.15787962962962962 0.038755208333333374 0.03754629629629631
0 0.8129895833333334 0.1149074074074074 0.03079166666666661 0.05707407407407406
0 0.2653802083333333 0.5828981481481481 0.02947916666666665 0.050370370370370454
0 0.7255885416666668 0.2638888888888889 0.03781249999999995 0.048398148148148135
0 0.11083854166666667 0.5203981481481481 0.03259374999999999 0.06109259259259261
0 0.666015625 0.046064814814814815 0.02169791666666659 0.06428703703703705
0 0.533203125 0.08137962962962964 0.03726041666666665 0.03930555555555557
0 0.18933333333333333 0.3506944444444444 0.03338541666666668 0.04180555555555553
0 0.10760416666666667 0.7660555555555556 0.02399999999999999 0.06889814814814822
0 0.76171875 0.6467037037037038 0.03573437500000007 0.05924074074074076
0 0.5092760416666666 0.8958333333333334 0.03823958333333337 0.040768518518518496
0 0.5380885416666668 0.8923611111111112 0.019239583333333362 0.059953703703703703
0 0.5380885416666668 0.040768518518518516 0.036776041666666676 0.037194444444444454
0 0.16894791666666667 0.8046851851851852 0.028166666666666687 0.06352777777777768
0 0.9526354166666666 0.5894074074074074 0.03839062500000002 0.04234259259259261
0 0.8393541666666666 0.1062314814814815 0.030671874999999935 0.055555555555555566
0 0.4477552083333334 0.7161481481481482 0.018296875000000056 0.06320370370370369
0 0.8515625 0.34179629629629626 0.031984374999999926 0.044435185185185196
0 0.8569322916666666 0.2858055555555556 0.027114583333333307 0.06130555555555559
0 0.9814479166666668 0.7703981481481481 0.03402604166666663 0.05045370370370371
0 0.8247083333333334 0.712675925925926 0.03689583333333341 0.055666666666666566
0 0.9829114583333334 0.29383333333333334 0.026765624999999935 0.06380555555555553
0 0.9609375 0.2871111111111111 0.02169791666666659 0.06390740740740739
0 0.8056666666666668 0.33485185185185184 0.02418750000000003 0.06711111111111112
0 0.9140625 0.5989629629629629 0.038328125000000074 0.044324074074073974
0 0.8666979166666666 0.07579629629629629 0.03167708333333342 0.04622222222222222
0 0.05261458333333333 0.4058148148148148 0.029479166666666664 0.06087037037037038
0 0.3491197916666666 0.8619814814814816 0.019942708333333316 0.06597222222222222
0 0.859375 0.4796018518518519 0.03582812499999998 0.05631481481481481
0 0.16369791666666667 0.8454907407407407 0.04168749999999998 0.03836111111111117
0 0.8828125 0.6996574074074075 0.03964062500000007 0.05718518518518518
0 0.14709375 0.2675740740740741 0.026552083333333344 0.073462962962963
0 0.716796875 0.41926851851851854 0.03671354166666655 0.05026851851851848
0 0.063046875 0.22049074074074074 0.03460937500000001 0.035453703703703696
0 0.13159375 0.519962962962963 0.03927604166666668 0.047120370370370465
0 0.13513020833333333 0.5863703703703703 0.02049479166666668 0.06955555555555545
0 0.8544947916666668 0.16275925925925927 0.021333333333333353 0.06109259259259261
0 0.6240260416666668 0.7491296296296296 0.03448437500000002 0.04250925925925934
0 0.7485364583333334 0.04562962962962963 0.023026041666666684 0.06722222222222221
0 0.935546875 0.05962037037037037 0.025619791666666693 0.05281481481481481
0 0.8256822916666666 0.5659722222222222 0.03044270833333324 0.038055555555555474
0 0.5336927083333334 0.8125 0.019239583333333362 0.07031481481481487
0 0.8369166666666668 0.4068981481481481 0.04046874999999991 0.04367592592592589
0 0.8872083333333334 0.19943518518518516 0.0379635416666666 0.04758333333333332
0 0.5771510416666668 0.8446203703703704 0.03253125000000002 0.044324074074073974
0 0.9150416666666668 0.2795185185185185 0.02215624999999998 0.0602777777777778
0 0.26465104166666664 0.3964814814814815 0.048765624999999965 0.040064814814814796
0 0.5166041666666666 0.3812962962962963 0.03601041666666672 0.05229629629629631
0 0.6396510416666668 0.8151018518518518 0.024140624999999954 0.07373148148148158
0 0.155515625 0.8771666666666667 0.04418750000000002 0.038712962962962914
0 0.9301770833333334 0.21907407407407406 0.03253125000000002 0.045981481481481505
0 0.9067395833333334 0.2174444444444444 0.03216666666666678 0.06087037037037035
0 0.970703125 0.5303796296296296 0.024656250000000077 0.07128703703703705
0 0.9854166666666667 0.6333333333333333 0.029166666666666667 0.05185185185185185
0 0.724609375 0.03697222222222222 0.01971354166666662 0.0639074074074074
0 0.951171875 0.4891481481481481 0.03021354166666678 0.04212962962962963
0 0.017302083333333333 0.724388888888889 0.03390625 0.04283333333333333
0 0.8666979166666666 0.3676203703703703 0.04168749999999998 0.04196296296296301
0 0.8266614583333334 0.5941851851851853 0.03161458333333324 0.03792592592592596
0 0.7978541666666668 0.7092037037037038 0.026609375000000077 0.06982407407407415
0 0.039276041666666664 0.6605925925925926 0.02893229166666667 0.07047222222222213
0 0.052125 0.775611111111111 0.029541666666666667 0.06955555555555566
0 0.12658854166666667 0.2328518518518518 0.028703125000000006 0.04720370370370369
0 0.3188489583333334 0.030546296296296297 0.03677604166666661 0.046416666666666676
0 0.7602552083333334 0.26172222222222224 0.03738541666666677 0.04052777777777776
0 0.80078125 0.9036481481481482 0.0323489583333334 0.04155555555555566
0 0.9858385416666666 0.19194444444444445 0.028322916666666722 0.04335185185185184
0 0.794921875 0.2599814814814815 0.032411458333333344 0.04259259259259259
0 0.783203125 0.8719629629629629 0.03408854166666657 0.03762037037037047
0 0.020567708333333334 0.3142407407407407 0.03527604166666667 0.05783333333333337
0 0.9638697916666668 0.6922777777777778 0.032229166666666725 0.056638888888888954
0 0.8793958333333334 0.09923148148148149 0.026505208333333266 0.0461388888888889
0 0.7163072916666666 0.8328981481481481 0.024843749999999904 0.06836111111111104
0 0.9086927083333334 0.3654537037037037 0.04092187500000009 0.05026851851851848
0 0.6254895833333334 0.928824074074074 0.022890624999999904 0.06130555555555548
0 0.3852552083333334 0.03247222222222222 0.03768749999999995 0.05075
0 0.9482447916666668 0.19064814814814815 0.03448437500000002 0.03954629629629628
0 0.7412135416666668 0.9157962962962962 0.03567708333333333 0.03425925925925926
0 0.8833020833333334 0.28385185185185186 0.041135416666666674 0.051435185185185146
0 0.9672864583333334 0.05848148148148148 0.03823958333333337 0.04730555555555556
0 0.5131822916666666 0.956601851851852 0.03173958333333336 0.056638888888888954
0 0.2072760416666667 0.040388888888888884 0.04370312499999998 0.0423425925925926
0 0.020963541666666665 0.8307314814814816 0.029541666666666667 0.06439814814814811
0 0.5454114583333334 0.9418425925925926 0.026109375000000056 0.058592592592592675
0 0.275390625 0.9357685185185186 0.032468749999999984 0.05300925925925937
0 0.767578125 0.6974814814814815 0.02447395833333322 0.03545370370370367
0 0.397078125 0.9207222222222222 0.04410937500000003 0.03361111111111107
0 0.9809114583333333 0.7860555555555556 0.03817708333333343 0.043999999999999984
0 0.9794947916666668 0.9027777777777778 0.03366145833333339 0.04424074074074071
0 0.2807604166666666 0.6419259259259259 0.022109375000000025 0.04502777777777788
0 0.6557604166666666 0.9366296296296296 0.03469791666666661 0.04212962962962963
0 0.05023437500000001 0.8485277777777778 0.03661979166666667 0.06673148148148142
0 0.9711927083333334 0.11664814814814815 0.03994791666666657 0.04923148148148147
0 0.16565104166666667 0.5720462962962962 0.04760937499999998 0.06076851851851862
0 0.03143229166666667 0.6228333333333333 0.032776041666666665 0.03328703703703708
0 0.009192708333333332 0.5585925925925925 0.017578125 0.06825000000000003
0 0.9930625000000001 0.806425925925926 0.013869791666666723 0.06352777777777768
0 0.024 0.46049999999999996 0.02641145833333334 0.05199999999999997
0 0.11859375 0.02013888888888889 0.02474999999999999 0.03900925925925926
0 0.2670885416666666 0.017657407407407406 0.03506249999999997 0.03531481481481481
0 0.13928125 0.01893518518518518 0.025083333333333315 0.03713888888888889
0 0.10931249999999999 0.9609351851851852 0.03582812500000001 0.06982407407407404
0 0.07794270833333333 0.01686111111111111 0.037109375 0.033472222222222216
0 0.029645833333333333 0.04812037037037037 0.036161458333333334 0.037138888888888895
0 0.473875 0.9505185185185184 0.023375000000000055 0.06646296296296304
0 0.4379895833333334 0.7621574074074075 0.03567708333333333 0.035398148148148165
0 0.008812500000000001 0.17687037037037037 0.016921875000000006 0.0319814814814815
0 0.904296875 0.011314814814814817 0.025130208333333334 0.02262037037037037
0 0.900390625 0.8016481481481481 0.019791666666666666 0.025879629629629673
0 0.014234374999999999 0.9157962962962962 0.028468749999999998 0.04685185185185177
0 0.015604166666666667 0.980037037037037 0.030500000000000003 0.03425925925925926
0 0.6528333333333334 0.973962962962963 0.03964062500000007 0.047583333333333214
0 0.07684375 0.7552129629629629 0.016786458333333344 0.029268518518518426
0 0.4372552083333333 0.9809074074074076 0.021364583333333322 0.027944444444444293
0 0.982421875 0.9661481481481482 0.03353645833333327 0.053009259259259256
0 0.4433125 0.26511111111111113 0.03143229166666662 0.06539814814814815
0 0.4671822916666667 0.2086574074074074 0.02964583333333337 0.05529629629629627
0 0.4998697916666667 0.21458333333333332 0.03598437499999996 0.04179629629629628
0 0.47316145833333334 0.296212962962963 0.019807291666666654 0.06424074074074074
0 0.48475 0.26799074074074075 0.03466666666666664 0.049324074074074055
0 0.5151510416666667 0.25249074074074074 0.031692708333333285 0.05706481481481481
0 0.5295833333333333 0.2959814814814815 0.03163020833333334 0.05812962962962961
0 0.5133385416666667 0.3206296296296296 0.021328125000000024 0.07362962962962961
0 0.5537135416666668 0.3280185185185185 0.02879166666666677 0.05602777777777777
0 0.5580364583333334 0.2702777777777778 0.022781249999999885 0.07010185185185186
0 0.5742135416666667 0.23295370370370372 0.028989583333333256 0.06304629629629627
0 0.541796875 0.20337962962962963 0.03704166666666661 0.03487037037037039
0 0.5737552083333333 0.17925925925925926 0.028854166666666715 0.052120370370370386
0 0.599140625 0.21375925925925926 0.03565625000000002 0.04789814814814816
0 0.6111927083333334 0.2634722222222222 0.03004166666666658 0.05648148148148148
0 0.6319895833333333 0.23377777777777778 0.03915624999999991 0.04356481481481483
0 0.6170677083333334 0.1686851851851852 0.03466666666666664 0.03593518518518519
0 0.5078229166666667 0.13899074074074075 0.021791666666666622 0.06315740740740738
0 0.49884375 0.16774999999999998 0.021260416666666632 0.06011111111111113
0 0.5194114583333334 0.16657407407407407 0.01921354166666672 0.06339814814814812
0 0.6349270833333333 0.18558333333333335 0.03552604166666669 0.05495370370370373
0 0.660578125 0.22660185185185183 0.016968749999999963 0.06791666666666664
0 0.67659375 0.2155185185185185 0.02020833333333343 0.07256481481481482
0 0.7080208333333334 0.16099074074074074 0.03552604166666669 0.06987037037037035
0 0.5354583333333333 0.01250925925925926 0.03466666666666664 0.02501851851851852
0 0.4750729166666667 0.36017592592592595 0.041864583333333275 0.041500000000000044
0 0.6003281250000001 0.5723518518518519 0.026942708333333343 0.07070370370370362
0 0.3942864583333333 0.9835092592592594 0.027374999999999972 0.0322777777777779
0 0.45525000000000004 0.8741203703703704 0.03026562499999995 0.02284259259259266
0 0.4222239583333333 0.8738240740740741 0.02788541666666665 0.025990740740740682
0 0.14045833333333332 0.9670185185185186 0.044921875 0.06428703703703699
0 0.853515625 0.9704907407407408 0.04193229166666678 0.05576851851851854
0 0.9301770833333334 0.9696203703703704 0.027328124999999894 0.009388888888888771
0 0.991515625 0.2375648148148148 0.016968749999999963 0.04664814814814815
0 0.964046875 0.1487777777777778 0.0178958333333334 0.0595462962962963
0 0.9924375 0.11600925925925927 0.015119791666666771 0.05802777777777777
0 0.9539895833333334 0.2534814814814815 0.0003124999999999526 0.003305555555555602
0 0.9516614583333334 0.2463148148148148 0.021453125000000028 0.0602777777777778
0 0.21446874999999999 0.3743888888888889 0.02915625000000001 0.045259259259259256
0 0.22651041666666666 0.42370370370370375 0.025890625000000018 0.07001851851851852
0 0.9750989583333334 0.6688333333333334 0.03817708333333343 0.043999999999999984
0 0.932609375 0.25362962962962965 0.016692708333333427 0.04669444444444443
0 0.366453125 0.9340277777777778 0.03896874999999997 0.033611111111111175
0 0.186453125 0.5964722222222223 0.01820833333333335 0.045685185185185107