0 0.442708 0.834259 0.027083 0.064815
0 0.706771 0.464352 0.032292 0.054630
0 0.343229 0.642593 0.023958 0.062963
0 0.412240 0.789352 0.029687 0.056481
0 0.251302 0.647222 0.021354 0.066667
0 0.402865 0.710185 0.022396 0.061111
0 0.394792 0.397685 0.022917 0.060185
0 0.471094 0.316667 0.027604 0.064815
0 0.259635 0.224537 0.019271 0.073148
0 0.608594 0.314352 0.028646 0.063889
0 0.546615 0.324074 0.024479 0.061111
0 0.421615 0.607407 0.021354 0.059259
0 0.106250 0.515741 0.025000 0.064815
0 0.306771 0.199537 0.026042 0.062037
0 0.297135 0.745833 0.028646 0.060185
0 0.425781 0.354167 0.020313 0.067593
0 0.276042 0.539815 0.018750 0.061111
0 0.529948 0.108796 0.019271 0.067593
0 0.672656 0.709259 0.024479 0.057407
0 0.849740 0.603241 0.029687 0.063889
0 0.261458 0.469444 0.028125 0.064815
0 0.764062 0.475463 0.028125 0.062037
0 0.360417 0.363426 0.028125 0.050926
0 0.132292 0.790741 0.034375 0.055556
0 0.566667 0.777315 0.033333 0.052778
0 0.342187 0.546296 0.032292 0.050000
0 0.501563 0.366204 0.020833 0.069444
0 0.553385 0.372685 0.023438 0.060185
0 0.413802 0.243056 0.020313 0.071296
0 0.760417 0.548148 0.030208 0.051852
0 0.454688 0.680093 0.021875 0.060185
0 0.268750 0.669907 0.022917 0.065741
0 0.916667 0.575000 0.026042 0.062963
0 0.216406 0.692593 0.023438 0.062963
0 0.766406 0.306944 0.021354 0.067593
0 0.129167 0.331481 0.025000 0.068519
0 0.105990 0.445370 0.032813 0.061111
0 0.353125 0.461574 0.018750 0.060185
0 0.166406 0.552778 0.035937 0.053704
0 0.338281 0.377315 0.020313 0.060185
0 0.359635 0.256944 0.028646 0.058333
0 0.187760 0.762037 0.026562 0.066667
0 0.647135 0.368056 0.038021 0.036111
0 0.908073 0.479630 0.020313 0.066667
0 0.392969 0.196759 0.026562 0.058333
0 0.726823 0.314352 0.020313 0.067593
0 0.476823 0.555093 0.020313 0.065741
0 0.282031 0.218519 0.028646 0.068519
0 0.497656 0.546759 0.022396 0.062037
0 0.338021 0.277315 0.025000 0.067593
0 0.738021 0.573611 0.026042 0.063889
0 0.765885 0.629167 0.027604 0.065741
0 0.317188 0.651389 0.020833 0.069444
0 0.676042 0.634722 0.021875 0.065741
0 0.374740 0.621296 0.033854 0.050000
0 0.635156 0.563889 0.033854 0.038889
0 0.279167 0.137963 0.019792 0.062963
0 0.420573 0.146296 0.023438 0.061111
0 0.079167 0.471296 0.032292 0.059259
0 0.310417 0.513889 0.017708 0.068519
0 0.054427 0.506481 0.028646 0.064815
0 0.591146 0.613889 0.033333 0.050000
0 0.650521 0.606019 0.033333 0.037963
0 0.966406 0.652315 0.026562 0.062037
0 0.332552 0.487500 0.018229 0.060185
0 0.540885 0.528241 0.036979 0.041667
0 0.504167 0.226852 0.035417 0.055556
0 0.753125 0.396759 0.025000 0.067593
0 0.829427 0.536574 0.030729 0.045370
0 0.253906 0.582407 0.021354 0.057407
0 0.533073 0.632870 0.035937 0.043519
0 0.625000 0.195370 0.020833 0.064815
0 0.427865 0.410648 0.032813 0.043519
0 0.134375 0.627778 0.033333 0.059259
0 0.789844 0.332870 0.026562 0.069444
0 0.730208 0.363889 0.030208 0.055556
0 0.367708 0.595370 0.032292 0.055556
0 0.824219 0.489815 0.020313 0.068519
0 0.817969 0.801389 0.032813 0.052778
0 0.411458 0.538889 0.027083 0.070370
0 0.029427 0.532870 0.029687 0.065741
0 0.147656 0.594444 0.028646 0.066667
0 0.869010 0.506944 0.020313 0.062037
0 0.447396 0.073148 0.019792 0.061111
0 0.785937 0.163426 0.030208 0.054630
0 0.626563 0.512963 0.031250 0.042593
0 0.642448 0.805556 0.034896 0.053704
0 0.821615 0.147685 0.032813 0.050926
0 0.459896 0.134259 0.032292 0.057407
0 0.720833 0.791204 0.036458 0.054630
0 0.787760 0.684259 0.029687 0.062963
0 0.186198 0.648611 0.043229 0.034259
0 0.889844 0.408333 0.035937 0.046296
0 0.525260 0.413889 0.018229 0.070370
0 0.573958 0.056019 0.022917 0.062037
0 0.142187 0.222222 0.031250 0.057407
0 0.803385 0.380556 0.024479 0.062963
0 0.232292 0.444907 0.023958 0.049074
0 0.332292 0.195370 0.030208 0.061111
0 0.725260 0.845370 0.021354 0.061111
0 0.738542 0.243981 0.023958 0.062037
0 0.296354 0.674537 0.030208 0.054630
0 0.471354 0.075463 0.026042 0.058333
0 0.680208 0.764815 0.028125 0.046296
0 0.911719 0.187963 0.023438 0.066667
0 0.689583 0.363426 0.017708 0.065741
0 0.669531 0.420370 0.033854 0.035185
0 0.780729 0.903241 0.027083 0.056481
0 0.711198 0.192130 0.019271 0.071296
0 0.413802 0.447222 0.032813 0.040741
0 0.583594 0.222222 0.019271 0.070370
0 0.250781 0.369444 0.035937 0.040741
0 0.779167 0.512037 0.022917 0.070370
0 0.491927 0.292593 0.039062 0.059259
0 0.386719 0.467130 0.026562 0.047222
0 0.387240 0.060648 0.017188 0.060185
0 0.859115 0.413889 0.035937 0.051852
0 0.944010 0.357407 0.032813 0.051852
0 0.269271 0.838426 0.035417 0.052778
0 0.135937 0.414815 0.042708 0.038889
0 0.744271 0.885185 0.028125 0.061111
0 0.494010 0.097685 0.031771 0.050926
0 0.790365 0.125463 0.034896 0.045370
0 0.831771 0.682870 0.029167 0.060185
0 0.389583 0.665278 0.037500 0.036111
0 0.627083 0.850463 0.022917 0.060185
0 0.456771 0.190278 0.039583 0.045370
0 0.741927 0.719907 0.034896 0.036111
0 0.982031 0.601852 0.032813 0.061111
0 0.230208 0.337500 0.040625 0.043519
0 0.660937 0.082407 0.029167 0.055556
0 0.337500 0.160185 0.037500 0.050000
0 0.522656 0.876852 0.031771 0.059259
0 0.793750 0.758333 0.029167 0.050000
0 0.467708 0.780556 0.036458 0.057407
0 0.885938 0.543056 0.021875 0.063889
0 0.738542 0.043519 0.018750 0.064815
0 0.880990 0.758333 0.036979 0.037037
0 0.749740 0.755556 0.032813 0.044444
0 0.569010 0.172222 0.028646 0.048148
0 0.679427 0.210648 0.033854 0.043519
0 0.129427 0.383333 0.043229 0.037037
0 0.658594 0.168056 0.022396 0.067593
0 0.729427 0.419444 0.036979 0.037037
0 0.153385 0.694444 0.023438 0.066667
0 0.159375 0.309722 0.035417 0.050926
0 0.055990 0.721296 0.026562 0.062963
0 0.806250 0.047685 0.032292 0.056481
0 0.726823 0.663889 0.035937 0.040741
0 0.616406 0.118981 0.028646 0.049074
0 0.923177 0.856019 0.034896 0.060185
0 0.273438 0.590741 0.020833 0.048148
0 0.150260 0.847222 0.036979 0.038889
0 0.420052 0.064815 0.032813 0.053704
0 0.874740 0.352315 0.032813 0.050926
0 0.707031 0.835185 0.021354 0.059259
0 0.945052 0.407870 0.027604 0.054630
0 0.687240 0.087500 0.030729 0.045370
0 0.825521 0.192593 0.036458 0.044444
0 0.552865 0.214815 0.022396 0.066667
0 0.935677 0.729167 0.034896 0.036111
0 0.506771 0.169907 0.032292 0.041667
0 0.548958 0.037963 0.026042 0.061111
0 0.916146 0.770370 0.033333 0.040741
0 0.882552 0.290741 0.027604 0.055556
0 0.474219 0.830093 0.019271 0.062037
0 0.893750 0.351852 0.028125 0.061111
0 0.869531 0.302315 0.024479 0.052778
0 0.716667 0.114815 0.034375 0.044444
0 0.964583 0.423611 0.022917 0.062037
0 0.686719 0.128241 0.032813 0.045370
0 0.923177 0.699074 0.036979 0.037037
0 0.821615 0.737500 0.033854 0.047222
0 0.160938 0.797222 0.020833 0.066667
0 0.835156 0.066667 0.031771 0.046296
0 0.253385 0.874074 0.040104 0.037037
0 0.372917 0.141204 0.035417 0.037963
0 0.715365 0.066667 0.031771 0.042593
0 0.872135 0.214352 0.041146 0.034259
0 0.948438 0.593056 0.026042 0.060185
0 0.759896 0.805093 0.019792 0.060185
0 0.817708 0.873148 0.022917 0.064815
0 0.844010 0.743519 0.032813 0.037037
0 0.610156 0.858333 0.018229 0.061111
0 0.602604 0.812037 0.033333 0.037037
0 0.233594 0.819444 0.031771 0.051852
0 0.842969 0.087963 0.038021 0.037037
0 0.938542 0.796296 0.029167 0.062963
0 0.943490 0.093981 0.030729 0.060185
0 0.308073 0.043519 0.028646 0.059259
0 0.517708 0.532407 0.027083 0.050000
0 0.705208 0.895370 0.031250 0.053704
0 0.577083 0.856481 0.016667 0.061111
0 0.828385 0.248148 0.041146 0.038889
0 0.109375 0.161111 0.035417 0.046296
0 0.884115 0.048148 0.032813 0.053704
0 0.984635 0.671296 0.029687 0.040741
0 0.365104 0.885185 0.033333 0.051852
0 0.857292 0.022685 0.037500 0.043519
0 0.131771 0.667130 0.027083 0.052778
0 0.065885 0.842130 0.032813 0.034259
0 0.965104 0.106481 0.022917 0.064815
0 0.447135 0.896296 0.033854 0.038889
0 0.306250 0.096759 0.029167 0.058333
0 0.722396 0.025463 0.016667 0.045370
0 0.592448 0.882870 0.018229 0.050926
0 0.487500 0.876389 0.033333 0.063889
0 0.647656 0.017130 0.029687 0.032407
0 0.888021 0.895370 0.043750 0.053704
0 0.035937 0.267130 0.022917 0.065741
0 0.806771 0.943056 0.020833 0.065741
0 0.885938 0.122685 0.020833 0.037963
0 0.579167 0.722222 0.029167 0.037037
0 0.557813 0.866204 0.019792 0.054630
0 0.125521 0.903241 0.034375 0.039815
0 0.754687 0.950000 0.035417 0.050000
0 0.606250 0.938426 0.033333 0.045370
0 0.995052 0.318056 0.008854 0.058333
0 0.977865 0.935185 0.036979 0.042593
0 0.250781 0.525000 0.020313 0.040741
0 0.384896 0.554630 0.017708 0.046296
0 0.654687 0.912037 0.034375 0.035185
0 0.759896 0.012500 0.016667 0.023148
0 0.132031 0.456481 0.019271 0.038889
0 0.204687 0.430093 0.019792 0.028704
0 0.125781 0.587963 0.018229 0.031481
0 0.770312 0.963889 0.036458 0.050000
0 0.040885 0.208333 0.023438 0.037037
0 0.009115 0.120833 0.017188 0.032407
0 0.898177 0.941667 0.040104 0.048148
0 0.016146 0.256944 0.016667 0.028704
0 0.039323 0.982407 0.034896 0.035185
0 0.127604 0.934722 0.035417 0.030556
0 0.072396 0.588889 0.016667 0.027778
0 0.971354 0.974074 0.035417 0.035185
0 0.413021 0.955093 0.032292 0.054630
0 0.108594 0.107870 0.021354 0.037963
0 0.991667 0.245833 0.016667 0.063889
0 0.078385 0.968056 0.026562 0.021296
0 0.315104 0.969907 0.025000 0.045370
0 0.629687 0.971759 0.023958 0.056481
0 0.570052 0.961574 0.040104 0.062037
0 0.711458 0.967593 0.019792 0.016667
0 0.240104 0.975000 0.032292 0.029630
0 0.914583 0.973611 0.035417 0.036111
0 0.008854 0.871296 0.016667 0.051852
0 0.004948 0.358333 0.008854 0.037037
0 0.319792 0.110648 0.031250 0.054630
0 0.290885 0.520370 0.023438 0.074074
0 0.291667 0.460648 0.028125 0.063889
0 0.598698 0.072222 0.024479 0.074074
0 0.633594 0.067593 0.019271 0.064815
0 0.691146 0.029630 0.025000 0.057407
0 0.643750 0.128704 0.021875 0.066667
0 0.648958 0.239352 0.020833 0.067593
0 0.636979 0.304167 0.020833 0.075000
0 0.654427 0.317130 0.032813 0.058333
0 0.666667 0.272222 0.027083 0.059259
0 0.683073 0.303704 0.026562 0.064815
0 0.757031 0.243056 0.017188 0.036111
0 0.869792 0.673611 0.019792 0.075000
0 0.888802 0.684722 0.027604 0.060185
0 0.707812 0.695833 0.021875 0.058333
0 0.827083 0.013426 0.032292 0.025000
