0 0.207552 0.564352 0.031771 0.060185
0 0.425781 0.308796 0.030729 0.056481
0 0.339323 0.434722 0.031771 0.062037
0 0.200000 0.370833 0.033333 0.054630
0 0.321615 0.368981 0.035937 0.047222
0 0.623437 0.506481 0.019792 0.061111
0 0.312240 0.505556 0.034896 0.051852
0 0.495573 0.478704 0.036979 0.050000
0 0.192708 0.445833 0.029167 0.063889
0 0.244010 0.364352 0.026562 0.060185
0 0.594531 0.510648 0.028646 0.058333
0 0.417708 0.492593 0.020833 0.064815
0 0.130469 0.333796 0.024479 0.067593
0 0.219010 0.394444 0.030729 0.055556
0 0.396094 0.379630 0.035937 0.042593
0 0.455469 0.301852 0.023438 0.068519
0 0.498437 0.214815 0.020833 0.062963
0 0.585156 0.763426 0.029687 0.052778
0 0.397396 0.198148 0.021875 0.072222
0 0.659896 0.219444 0.019792 0.062963
0 0.276042 0.677778 0.030208 0.057407
0 0.304427 0.678704 0.031771 0.053704
0 0.280729 0.114815 0.021875 0.070370
0 0.465885 0.206944 0.021354 0.052778
0 0.396615 0.341667 0.035937 0.040741
0 0.258073 0.626389 0.028646 0.065741
0 0.201823 0.287037 0.026562 0.059259
0 0.595313 0.860648 0.035417 0.050926
0 0.645833 0.552778 0.017708 0.064815
0 0.436719 0.144444 0.019271 0.068519
0 0.340104 0.353241 0.033333 0.052778
0 0.534635 0.440741 0.030729 0.051852
0 0.420573 0.795370 0.027604 0.059259
0 0.524479 0.200000 0.023958 0.059259
0 0.388021 0.840278 0.031250 0.054630
0 0.448958 0.364352 0.033333 0.045370
0 0.421354 0.735185 0.019792 0.062963
0 0.592448 0.278704 0.019271 0.064815
0 0.309375 0.195370 0.031250 0.062963
0 0.645312 0.881481 0.034375 0.057407
0 0.717448 0.418519 0.031771 0.046296
0 0.163542 0.391204 0.026042 0.065741
0 0.619271 0.411111 0.031250 0.055556
0 0.433073 0.675463 0.032813 0.050926
0 0.705729 0.161574 0.022917 0.062037
0 0.369010 0.065278 0.027604 0.058333
0 0.341406 0.488889 0.036979 0.035185
0 0.600260 0.570370 0.021354 0.051852
0 0.157292 0.500926 0.022917 0.068519
0 0.238542 0.711111 0.025000 0.066667
0 0.334115 0.203241 0.021354 0.062037
0 0.378385 0.264352 0.040104 0.043519
0 0.660937 0.268519 0.033333 0.040741
0 0.491406 0.413889 0.024479 0.057407
0 0.358854 0.187500 0.022917 0.071296
0 0.467708 0.131481 0.027083 0.064815
0 0.497656 0.325463 0.031771 0.052778
0 0.548958 0.666204 0.035417 0.037963
0 0.515365 0.708333 0.032813 0.044444
0 0.454167 0.550000 0.017708 0.061111
0 0.714583 0.270370 0.021875 0.066667
0 0.216146 0.470370 0.025000 0.068519
0 0.144271 0.218981 0.031250 0.050926
0 0.599740 0.139352 0.020313 0.067593
0 0.375000 0.728241 0.036458 0.056481
0 0.236458 0.549074 0.022917 0.068519
0 0.325000 0.552778 0.038542 0.035185
0 0.478906 0.267593 0.034896 0.038889
0 0.479167 0.353241 0.019792 0.062037
0 0.266667 0.068056 0.021875 0.063889
0 0.488802 0.742130 0.033854 0.050926
0 0.626042 0.359259 0.032292 0.050000
0 0.498437 0.563426 0.017708 0.065741
0 0.678385 0.171296 0.030729 0.051852
0 0.552865 0.584259 0.021354 0.064815
0 0.886458 0.437037 0.028125 0.059259
0 0.263542 0.356019 0.030208 0.067593
0 0.237500 0.304167 0.036458 0.047222
0 0.873437 0.226852 0.020833 0.064815
0 0.522135 0.553241 0.027604 0.062037
0 0.187240 0.496296 0.034896 0.035185
0 0.920052 0.631944 0.032813 0.039815
0 0.511979 0.387963 0.017708 0.066667
0 0.861719 0.541667 0.036979 0.035185
0 0.570833 0.362500 0.017708 0.065741
0 0.279687 0.419444 0.028125 0.062963
0 0.763542 0.505556 0.035417 0.050000
0 0.504167 0.069444 0.017708 0.062963
0 0.259635 0.436111 0.028646 0.059259
0 0.238802 0.439352 0.031771 0.052778
0 0.762500 0.090741 0.018750 0.064815
0 0.669271 0.776389 0.020833 0.062037
0 0.101042 0.591667 0.023958 0.072222
0 0.516927 0.756944 0.020313 0.063889
0 0.687240 0.063426 0.018229 0.065741
0 0.134375 0.518519 0.022917 0.070370
0 0.065104 0.253704 0.045833 0.048148
0 0.458333 0.647685 0.017708 0.062037
0 0.385156 0.683796 0.038021 0.039815
0 0.327344 0.651389 0.022396 0.062037
0 0.451562 0.110648 0.020833 0.065741
0 0.800000 0.534722 0.036458 0.037963
0 0.190104 0.232870 0.035417 0.060185
0 0.293229 0.467593 0.037500 0.035185
0 0.242188 0.095833 0.022917 0.073148
0 0.074219 0.312500 0.043229 0.049074
0 0.584115 0.438426 0.031771 0.049074
0 0.020313 0.567130 0.037500 0.052778
0 0.521354 0.268981 0.036458 0.037963
0 0.576302 0.204630 0.040104 0.038889
0 0.736719 0.172685 0.020313 0.065741
0 0.878646 0.651852 0.034375 0.046296
0 0.088802 0.537500 0.036979 0.050926
0 0.262760 0.572685 0.033854 0.041667
0 0.171615 0.611111 0.025521 0.066667
0 0.147135 0.371759 0.022396 0.063889
0 0.027865 0.340278 0.035937 0.052778
0 0.850000 0.395833 0.022917 0.063889
0 0.485156 0.655556 0.033854 0.053704
0 0.960156 0.597222 0.025521 0.064815
0 0.289583 0.031944 0.025000 0.062037
0 0.021875 0.515741 0.040625 0.038889
0 0.146094 0.118519 0.028646 0.070370
0 0.097656 0.379630 0.029687 0.064815
0 0.343229 0.675463 0.021875 0.058333
0 0.223698 0.068519 0.036979 0.053704
0 0.725781 0.826389 0.019271 0.058333
0 0.578906 0.575926 0.019271 0.062963
0 0.658073 0.681019 0.019271 0.060185
0 0.699479 0.514352 0.038542 0.036111
0 0.673177 0.488889 0.031771 0.031481
0 0.881771 0.695370 0.039583 0.037037
0 0.470833 0.694907 0.019792 0.063889
0 0.768229 0.876389 0.022917 0.063889
0 0.385677 0.030556 0.034896 0.046296
0 0.435937 0.883796 0.036458 0.052778
0 0.740365 0.349074 0.038021 0.040741
0 0.911198 0.220833 0.021354 0.062037
0 0.161458 0.752778 0.035417 0.051852
0 0.878646 0.374537 0.025000 0.062037
0 0.258594 0.543519 0.034896 0.040741
0 0.328385 0.038426 0.023438 0.067593
0 0.423698 0.075463 0.035937 0.043519
0 0.859635 0.480093 0.032813 0.056481
0 0.938542 0.311574 0.025000 0.060185
0 0.987500 0.178704 0.023958 0.064815
0 0.907031 0.364815 0.032813 0.057407
0 0.931771 0.515741 0.027083 0.061111
0 0.122656 0.600926 0.023438 0.072222
0 0.966146 0.256481 0.028125 0.061111
0 0.080208 0.200463 0.028125 0.071296
0 0.951823 0.491667 0.029687 0.040741
0 0.924479 0.720370 0.026042 0.059259
0 0.745833 0.045833 0.018750 0.067593
0 0.758594 0.259722 0.036979 0.043519
0 0.775521 0.388889 0.034375 0.044444
0 0.576823 0.147685 0.020313 0.050926
0 0.931250 0.191204 0.028125 0.056481
0 0.096875 0.114815 0.037500 0.061111
0 0.907031 0.282407 0.026562 0.061111
0 0.189323 0.728241 0.027604 0.071296
0 0.727344 0.042593 0.017188 0.061111
0 0.976302 0.304630 0.031771 0.061111
0 0.830469 0.262500 0.033854 0.049074
0 0.847396 0.331481 0.036458 0.042593
0 0.953385 0.214352 0.026562 0.062037
0 0.258073 0.729630 0.040104 0.046296
0 0.405729 0.053241 0.036458 0.037963
0 0.238542 0.865278 0.023958 0.060185
0 0.204687 0.136111 0.041667 0.053704
0 0.508333 0.650926 0.034375 0.042593
0 0.462500 0.760185 0.019792 0.062963
0 0.540104 0.036111 0.035417 0.038889
0 0.057552 0.055093 0.035937 0.065741
0 0.744271 0.133796 0.030208 0.049074
0 0.966667 0.068981 0.032292 0.050926
0 0.283333 0.822685 0.039583 0.039815
0 0.917708 0.102778 0.026042 0.055556
0 0.923958 0.034259 0.019792 0.062963
0 0.132552 0.720833 0.038021 0.036111
0 0.781510 0.600926 0.032813 0.031481
0 0.870573 0.149537 0.030729 0.060185
0 0.048958 0.588426 0.029167 0.075000
0 0.139583 0.050000 0.037500 0.051852
0 0.843750 0.243519 0.036458 0.051852
0 0.012500 0.436111 0.023958 0.051852
0 0.044010 0.826389 0.040104 0.062037
0 0.084635 0.360185 0.044271 0.046296
0 0.026562 0.675000 0.029167 0.068519
0 0.106771 0.848611 0.039583 0.060185
0 0.235677 0.021759 0.034896 0.041667
0 0.220052 0.824074 0.042188 0.038889
0 0.087240 0.784722 0.033854 0.067593
0 0.778906 0.630556 0.020313 0.046296
0 0.930990 0.251389 0.022396 0.050926
0 0.271094 0.880093 0.035937 0.058333
0 0.970052 0.120833 0.026562 0.047222
0 0.836719 0.137963 0.021354 0.064815
0 0.931250 0.149074 0.039583 0.040741
0 0.144792 0.881944 0.034375 0.050926
0 0.665365 0.026852 0.017188 0.051852
0 0.984115 0.831481 0.030729 0.035185
0 0.735677 0.100926 0.038021 0.042593
0 0.017448 0.720833 0.027604 0.069444
0 0.880469 0.100926 0.023438 0.050000
0 0.024740 0.609259 0.035937 0.051852
0 0.176563 0.544907 0.029167 0.063889
0 0.180990 0.857407 0.044271 0.046296
0 0.314844 0.798611 0.025521 0.067593
0 0.232813 0.787963 0.042708 0.035185
0 0.063281 0.477778 0.028646 0.033333
0 0.795573 0.680556 0.022396 0.064815
0 0.884635 0.031019 0.032813 0.045370
0 0.820052 0.070370 0.033854 0.038889
0 0.417708 0.869444 0.039583 0.057407
0 0.809896 0.160185 0.032292 0.050000
0 0.861198 0.057407 0.033854 0.050000
0 0.104427 0.887037 0.045312 0.046296
0 0.333594 0.139815 0.014063 0.044444
0 0.026042 0.147685 0.045833 0.047222
0 0.052865 0.685648 0.041146 0.063889
0 0.458854 0.454630 0.025000 0.027778
0 0.806510 0.125926 0.034896 0.042593
0 0.128646 0.917593 0.038542 0.055556
0 0.183854 0.888426 0.040625 0.041667
0 0.028646 0.051852 0.034375 0.044444
0 0.846354 0.088889 0.026042 0.044444
0 0.217969 0.865741 0.023438 0.050000
0 0.393229 0.930556 0.034375 0.037037
0 0.600521 0.931481 0.020833 0.062963
0 0.980469 0.891667 0.036979 0.050000
0 0.192708 0.927315 0.037500 0.054630
0 0.479167 0.939815 0.035417 0.033333
0 0.071354 0.012963 0.040625 0.024074
0 0.775000 0.317593 0.021875 0.027778
0 0.008594 0.175000 0.016146 0.033333
0 0.851823 0.821296 0.020313 0.027778
0 0.455729 0.898148 0.027083 0.050000
0 0.179688 0.961574 0.038542 0.052778
0 0.845052 0.958796 0.031771 0.056481
0 0.077344 0.602315 0.025521 0.028704
0 0.801042 0.715741 0.030208 0.037037
0 0.077083 0.939352 0.037500 0.050926
0 0.871354 0.980093 0.037500 0.030556
0 0.054688 0.981944 0.038542 0.036111
0 0.813802 0.978704 0.035937 0.027778
0 0.008073 0.795833 0.015104 0.063889
0 0.673438 0.943981 0.022917 0.067593
0 0.105729 0.975926 0.041667 0.044444
0 0.153906 0.971759 0.043229 0.054630
0 0.558333 0.091204 0.014583 0.026852
0 0.500260 0.117130 0.029687 0.067593
0 0.489583 0.151389 0.028125 0.069444
0 0.429948 0.636111 0.039062 0.037037
0 0.442969 0.596759 0.041146 0.043519
0 0.479948 0.614352 0.035937 0.041667
0 0.528646 0.616667 0.026042 0.053704
0 0.553125 0.490741 0.032292 0.059259
0 0.520312 0.503241 0.026042 0.045370
0 0.429167 0.409259 0.015625 0.027778
0 0.526302 0.347222 0.019271 0.061111
0 0.541146 0.372685 0.019792 0.058333
0 0.554167 0.310648 0.022917 0.052778
0 0.589583 0.373611 0.020833 0.062037
0 0.564583 0.244444 0.032292 0.037037
0 0.617969 0.309259 0.033854 0.050000
0 0.643490 0.315741 0.026562 0.062963
0 0.648177 0.393981 0.023438 0.071296
0 0.992188 0.231944 0.015625 0.025000
0 0.987760 0.977778 0.023438 0.027778
0 0.257292 0.975000 0.043750 0.050000
0 0.115365 0.273148 0.018229 0.022222
