0 0.521615 0.492593 0.028646 0.055556
0 0.370573 0.386574 0.024479 0.063889
0 0.363021 0.600000 0.025000 0.066667
0 0.272917 0.178704 0.022917 0.068519
0 0.191667 0.432870 0.027083 0.060185
0 0.472656 0.715741 0.029687 0.059259
0 0.205208 0.618056 0.033333 0.049074
0 0.362500 0.686574 0.026042 0.067593
0 0.318750 0.458333 0.031250 0.050000
0 0.461979 0.763426 0.027083 0.063889
0 0.509375 0.626852 0.022917 0.062963
0 0.468490 0.516667 0.032813 0.040741
0 0.354948 0.312500 0.032813 0.050926
0 0.160677 0.616204 0.033854 0.052778
0 0.233854 0.657870 0.023958 0.062037
0 0.661458 0.769907 0.031250 0.052778
0 0.282552 0.110185 0.024479 0.068519
0 0.319010 0.669907 0.035937 0.043519
0 0.319531 0.517593 0.031771 0.048148
0 0.114323 0.714815 0.032813 0.066667
0 0.248438 0.469907 0.038542 0.037963
0 0.466146 0.573611 0.028125 0.062037
0 0.104167 0.358796 0.023958 0.069444
0 0.665885 0.330093 0.024479 0.062037
0 0.113542 0.541204 0.026042 0.062037
0 0.622917 0.614815 0.032292 0.037037
0 0.273698 0.409722 0.020313 0.067593
0 0.305990 0.321759 0.019271 0.067593
0 0.689063 0.707407 0.026042 0.068519
0 0.607552 0.711574 0.035937 0.043519
0 0.050781 0.433796 0.025521 0.069444
0 0.147135 0.724537 0.034896 0.058333
0 0.551042 0.804630 0.030208 0.055556
0 0.490104 0.402778 0.028125 0.062963
0 0.135417 0.462037 0.025000 0.061111
0 0.427604 0.679630 0.033333 0.046296
0 0.589583 0.784722 0.020833 0.067593
0 0.355990 0.800000 0.024479 0.062963
0 0.445312 0.187037 0.025000 0.064815
0 0.383073 0.034722 0.023438 0.063889
0 0.381771 0.261111 0.028125 0.064815
0 0.080729 0.495833 0.021875 0.065741
0 0.089583 0.296296 0.033333 0.061111
0 0.457813 0.654630 0.020833 0.062963
0 0.427083 0.400000 0.035417 0.050000
0 0.263802 0.842130 0.034896 0.058333
0 0.235937 0.856481 0.031250 0.061111
0 0.562760 0.592130 0.019271 0.067593
0 0.138802 0.521759 0.020313 0.062037
0 0.506510 0.855556 0.028646 0.057407
0 0.398698 0.534722 0.019271 0.065741
0 0.602865 0.654630 0.033854 0.040741
0 0.429948 0.635648 0.034896 0.032407
0 0.144531 0.342130 0.021354 0.071296
0 0.265104 0.578241 0.030208 0.043519
0 0.720573 0.807407 0.029687 0.055556
0 0.692969 0.357407 0.031771 0.059259
0 0.430729 0.756944 0.020833 0.067593
0 0.707292 0.233796 0.023958 0.067593
0 0.209375 0.575926 0.036458 0.044444
0 0.570312 0.352778 0.031250 0.059259
0 0.511979 0.800000 0.032292 0.044444
0 0.357552 0.169907 0.020313 0.060185
0 0.918490 0.500926 0.035937 0.057407
0 0.350781 0.461111 0.018229 0.062963
0 0.045833 0.532407 0.036458 0.057407
0 0.681510 0.111111 0.022396 0.061111
0 0.552083 0.246296 0.025000 0.062963
0 0.527083 0.623148 0.020833 0.064815
0 0.641406 0.348148 0.023438 0.062963
0 0.135417 0.585648 0.021875 0.065741
0 0.334375 0.606019 0.041667 0.034259
0 0.150521 0.227778 0.025000 0.075926
0 0.428646 0.359259 0.035417 0.048148
0 0.088542 0.196759 0.026042 0.060185
0 0.292187 0.418056 0.019792 0.063889
0 0.073438 0.344907 0.038542 0.045370
0 0.072396 0.402315 0.038542 0.050926
0 0.600781 0.569907 0.022396 0.052778
0 0.223958 0.783333 0.026042 0.066667
0 0.108594 0.439352 0.033854 0.054630
0 0.553125 0.526852 0.031250 0.044444
0 0.836198 0.247222 0.024479 0.062963
0 0.020573 0.419444 0.035937 0.053704
0 0.881510 0.644907 0.035937 0.050926
0 0.295312 0.699074 0.027083 0.064815
0 0.314323 0.193056 0.032813 0.039815
0 0.023698 0.321296 0.034896 0.053704
0 0.288542 0.636574 0.035417 0.039815
0 0.421094 0.095833 0.020313 0.050926
0 0.885417 0.695833 0.038542 0.054630
0 0.527604 0.725926 0.025000 0.066667
0 0.293229 0.280093 0.033333 0.052778
0 0.236458 0.541204 0.032292 0.037963
0 0.257812 0.635648 0.035417 0.039815
0 0.416146 0.823611 0.018750 0.063889
0 0.951562 0.631944 0.036458 0.052778
0 0.078646 0.824537 0.030208 0.067593
0 0.572917 0.414815 0.034375 0.040741
0 0.716146 0.388426 0.036458 0.041667
0 0.150000 0.111111 0.023958 0.072222
0 0.116406 0.187500 0.040104 0.043519
0 0.032552 0.679167 0.031771 0.067593
0 0.520833 0.387963 0.017708 0.064815
0 0.538281 0.390278 0.020313 0.062037
0 0.944531 0.104167 0.024479 0.062037
0 0.709635 0.101389 0.020313 0.065741
0 0.195573 0.808333 0.024479 0.066667
0 0.122917 0.080093 0.030208 0.062037
0 0.872396 0.602778 0.035417 0.048148
0 0.599219 0.367593 0.023438 0.064815
0 0.497656 0.267593 0.031771 0.057407
0 0.100781 0.589815 0.020313 0.066667
0 0.055990 0.723148 0.025521 0.070370
0 0.283073 0.035185 0.025521 0.064815
0 0.832812 0.159722 0.019792 0.069444
0 0.060677 0.571759 0.040104 0.056481
0 0.879427 0.766667 0.038021 0.050000
0 0.341927 0.071759 0.033854 0.047222
0 0.874219 0.372685 0.033854 0.060185
0 0.946094 0.704167 0.032813 0.052778
0 0.726823 0.111574 0.022396 0.069444
0 0.497135 0.048611 0.018229 0.063889
0 0.614844 0.068056 0.035937 0.041667
0 0.835677 0.777778 0.020313 0.059259
0 0.935677 0.064815 0.027604 0.057407
0 0.949479 0.568519 0.038542 0.046296
0 0.251302 0.411574 0.029687 0.062037
0 0.716667 0.420370 0.035417 0.037037
0 0.228385 0.260648 0.038021 0.052778
0 0.835677 0.624074 0.026562 0.066667
0 0.791406 0.162500 0.022396 0.065741
0 0.250781 0.805093 0.039062 0.037963
0 0.223438 0.510648 0.041667 0.034259
0 0.725260 0.039815 0.022396 0.066667
0 0.235937 0.305556 0.039583 0.044444
0 0.064062 0.157870 0.023958 0.069444
0 0.935417 0.188889 0.020833 0.070370
0 0.263542 0.028241 0.021875 0.054630
0 0.588021 0.287963 0.036458 0.042593
0 0.908594 0.362963 0.032813 0.061111
0 0.493490 0.675926 0.033854 0.033333
0 0.692448 0.825000 0.026562 0.059259
0 0.037760 0.373148 0.028646 0.068519
0 0.919792 0.203704 0.022917 0.066667
0 0.315625 0.110648 0.038542 0.043519
0 0.509896 0.729167 0.020833 0.060185
0 0.984896 0.511574 0.030208 0.063889
0 0.211198 0.862963 0.023438 0.059259
0 0.869531 0.557407 0.034896 0.035185
0 0.018229 0.768056 0.035417 0.050926
0 0.766927 0.536111 0.035937 0.050000
0 0.811719 0.163426 0.026562 0.065741
0 0.790625 0.278241 0.037500 0.056481
0 0.552083 0.909259 0.029167 0.057407
0 0.975781 0.682870 0.025521 0.067593
0 0.428125 0.060185 0.040625 0.042593
0 0.929948 0.329630 0.026562 0.066667
0 0.522135 0.103241 0.038021 0.047222
0 0.854688 0.684259 0.021875 0.066667
0 0.031510 0.268056 0.038021 0.043519
0 0.746875 0.033796 0.019792 0.065741
0 0.796094 0.692593 0.021354 0.068519
0 0.030729 0.617593 0.022917 0.064815
0 0.010677 0.665278 0.020313 0.067593
0 0.980729 0.779167 0.037500 0.043519
0 0.085156 0.587500 0.026562 0.058333
0 0.818490 0.366204 0.036979 0.039815
0 0.889062 0.302315 0.031250 0.062037
0 0.209635 0.028704 0.024479 0.055556
0 0.860156 0.481019 0.032813 0.062037
0 0.659115 0.028241 0.022396 0.054630
0 0.026042 0.174537 0.041667 0.039815
0 0.190104 0.254167 0.039583 0.047222
0 0.972396 0.230093 0.020833 0.054630
0 0.884115 0.107870 0.034896 0.058333
0 0.846094 0.378241 0.021354 0.063889
0 0.663802 0.697222 0.017188 0.068519
0 0.950781 0.489352 0.034896 0.047222
0 0.155990 0.843519 0.040104 0.051852
0 0.801562 0.075926 0.038542 0.037037
0 0.706250 0.849537 0.033333 0.039815
0 0.857812 0.117593 0.023958 0.061111
0 0.699479 0.046759 0.036458 0.043519
0 0.891406 0.729630 0.032813 0.050000
0 0.353646 0.019907 0.038542 0.036111
0 0.777604 0.232407 0.037500 0.044444
0 0.952865 0.206481 0.024479 0.062963
0 0.971875 0.314815 0.034375 0.059259
0 0.971354 0.823611 0.039583 0.032407
0 0.821615 0.438889 0.035937 0.038889
0 0.940104 0.277778 0.035417 0.055556
0 0.042188 0.819444 0.045833 0.062963
0 0.733594 0.896296 0.018229 0.062963
0 0.804427 0.118056 0.039062 0.034259
0 0.018750 0.828241 0.036458 0.062037
0 0.891406 0.256019 0.044271 0.043519
0 0.432812 0.860185 0.018750 0.053704
0 0.570573 0.028704 0.017188 0.055556
0 0.751823 0.261111 0.044271 0.051852
0 0.868490 0.070833 0.029687 0.039815
0 0.400781 0.020833 0.030729 0.039815
0 0.745833 0.131481 0.022917 0.038889
0 0.502604 0.924074 0.035417 0.048148
0 0.877344 0.023148 0.024479 0.044444
0 0.763281 0.391204 0.016146 0.045370
0 0.972396 0.128704 0.032292 0.051852
0 0.850521 0.338426 0.033333 0.041667
0 0.260156 0.923611 0.022396 0.063889
0 0.689844 0.897222 0.023438 0.055556
0 0.072917 0.872685 0.035417 0.078704
0 0.675000 0.875926 0.038542 0.044444
0 0.670573 0.903241 0.027604 0.058333
0 0.012500 0.128241 0.023958 0.032407
0 0.540104 0.969907 0.035417 0.037963
0 0.994010 0.222685 0.011979 0.052778
0 0.617969 0.960185 0.035937 0.050000
0 0.332552 0.956944 0.035937 0.030556
0 0.905729 0.021296 0.028125 0.040741
0 0.474479 0.012963 0.026042 0.024074
0 0.452344 0.925926 0.030729 0.044444
0 0.546615 0.936574 0.030729 0.047222
0 0.634896 0.939352 0.029167 0.037963
0 0.494792 0.960185 0.034375 0.055556
0 0.028906 0.050463 0.033854 0.041667
0 0.408594 0.956944 0.033854 0.026852
0 0.992708 0.891204 0.014583 0.036111
0 0.771615 0.678704 0.020313 0.040741
0 0.076302 0.015278 0.039062 0.028704
0 0.711719 0.935185 0.032813 0.038889
0 0.261979 0.980093 0.036458 0.030556
0 0.460938 0.875000 0.027083 0.031481
0 0.053125 0.979630 0.037500 0.037037
0 0.028385 0.957870 0.042188 0.043519
0 0.838542 0.937037 0.037500 0.037037
0 0.214844 0.206944 0.017188 0.026852
0 0.980208 0.070370 0.013542 0.018519
