0 0.255859375 0.5607638888888888 0.0330810546875 0.056098090277777776
0 0.315185546875 0.5698784722222222 0.0263519287109375 0.07194010416666667
0 0.5703125 0.3224826388888889 0.0304412841796875 0.0615234375
0 0.295166015625 0.4600694444444444 0.0192718505859375 0.06575520833333333
0 0.53662109375 0.5564236111111112 0.035064697265625 0.043267144097222224
0 0.46142578125 0.6375868055555556 0.0256195068359375 0.06526692708333333
0 0.33349609375 0.6671006944444444 0.0250396728515625 0.068359375
0 0.46875 0.69921875 0.0278472900390625 0.0615234375
0 0.27490234375 0.5811631944444444 0.0236053466796875 0.0661349826388889
0 0.385009765625 0.42578125 0.025665283203125 0.06293402777777778
0 0.323486328125 0.23697916666666666 0.036163330078125 0.057183159722222224
0 0.399169921875 0.73046875 0.0360107421875 0.051812065972222224
0 0.34521484375 0.4303385416666667 0.0305633544921875 0.059516059027777776
0 0.458740234375 0.58203125 0.0318603515625 0.053412543402777776
0 0.30810546875 0.6475694444444444 0.0215301513671875 0.06190321180555555
0 0.425048828125 0.4661458333333333 0.03265380859375 0.047119140625
0 0.24365234375 0.3841145833333333 0.0202484130859375 0.06401909722222222
0 0.33935546875 0.7552083333333334 0.02484130859375 0.06353081597222222
0 0.2274169921875 0.3480902777777778 0.0255126953125 0.061089409722222224
0 0.451904296875 0.044514973958333336 0.022674560546875 0.06450737847222222
0 0.392578125 0.5703125 0.0187225341796875 0.06559244791666667
0 0.67236328125 0.7039930555555556 0.03314208984375 0.05270724826388889
0 0.3994140625 0.6236979166666666 0.03704833984375 0.03477647569444445
0 0.1480712890625 0.1179470486111111 0.02532958984375 0.07682291666666667
0 0.149169921875 0.6536458333333334 0.03460693359375 0.050455729166666664
0 0.297607421875 0.14539930555555555 0.01983642578125 0.06944444444444445
0 0.314453125 0.3869357638888889 0.0216217041015625 0.06537543402777778
0 0.43115234375 0.5963541666666666 0.0208892822265625 0.06212022569444445
0 0.52099609375 0.68359375 0.0227203369140625 0.06477864583333333
0 0.58984375 0.2406684027777778 0.029754638671875 0.056966145833333336
0 0.56103515625 0.4774305555555556 0.0261993408203125 0.06722005208333333
0 0.66650390625 0.7942708333333334 0.0310821533203125 0.05251736111111111
0 0.324951171875 0.17100694444444445 0.02685546875 0.0636935763888889
0 0.436767578125 0.21354166666666666 0.030914306640625 0.051025390625
0 0.270751953125 0.3546006944444444 0.0233306884765625 0.06673177083333333
0 0.54736328125 0.24717881944444445 0.0194244384765625 0.06928168402777778
0 0.61474609375 0.7703993055555556 0.03607177734375 0.04014756944444445
0 0.470458984375 0.8059895833333334 0.042572021484375 0.039469401041666664
0 0.5400390625 0.3480902777777778 0.023468017578125 0.05995008680555555
0 0.289306640625 0.7560763888888888 0.026611328125 0.06575520833333333
0 0.2001953125 0.6067708333333334 0.040924072265625 0.03634982638888889
0 0.52978515625 0.6193576388888888 0.0182952880859375 0.06635199652777778
0 0.462158203125 0.3170572916666667 0.0266571044921875 0.06293402777777778
0 0.4873046875 0.5442708333333334 0.034759521484375 0.04527452256944445
0 0.31787109375 0.053521050347222224 0.0257568359375 0.06586371527777778
0 0.52587890625 0.7356770833333334 0.028167724609375 0.05577256944444445
0 0.244873046875 0.0632052951388889 0.0255126953125 0.06624348958333333
0 0.58349609375 0.15538194444444445 0.0233306884765625 0.06380208333333333
0 0.61328125 0.6749131944444444 0.034881591796875 0.044596354166666664
0 0.11968994140625 0.4735243055555556 0.03326416015625 0.05870225694444445
0 0.384765625 0.044677734375 0.0289764404296875 0.060492621527777776
0 0.1668701171875 0.4761284722222222 0.042572021484375 0.05075412326388889
0 0.048492431640625 0.3411458333333333 0.0265045166015625 0.06966145833333333
0 0.67724609375 0.5394965277777778 0.03271484375 0.04342990451388889
0 0.15478515625 0.8394097222222222 0.027435302734375 0.06450737847222222
0 0.1868896484375 0.1162109375 0.0240478515625 0.0703125
0 0.43798828125 0.1557074652777778 0.03521728515625 0.04391818576388889
0 0.47216796875 0.045355902777777776 0.0207672119140625 0.06260850694444445
0 0.17578125 0.4390190972222222 0.038543701171875 0.057942708333333336
0 0.53173828125 0.4657118055555556 0.027801513671875 0.06282552083333333
0 0.2420654296875 0.5230034722222222 0.0217742919921875 0.06222873263888889
0 0.4052734375 0.06597222222222222 0.021484375 0.06391059027777778
0 0.12322998046875 0.8133680555555556 0.0263519287109375 0.06890190972222222
0 0.273681640625 0.1677517361111111 0.0323486328125 0.0537109375
0 0.70947265625 0.3617621527777778 0.02880859375 0.05848524305555555
0 0.66357421875 0.6002604166666666 0.0230712890625 0.060980902777777776
0 0.299560546875 0.07524956597222222 0.018829345703125 0.06510416666666667
0 0.1890869140625 0.7747395833333334 0.029144287109375 0.06499565972222222
0 0.4833984375 0.8689236111111112 0.03582763671875 0.04812282986111111
0 0.278076171875 0.03271484375 0.0223236083984375 0.06222873263888889
0 0.3701171875 0.5460069444444444 0.029205322265625 0.04147677951388889
0 0.367431640625 0.8897569444444444 0.027435302734375 0.056206597222222224
0 0.265869140625 0.7816840277777778 0.02630615234375 0.06646050347222222
0 0.131103515625 0.7834201388888888 0.0230255126953125 0.0724826388888889
0 0.54296875 0.4129774305555556 0.033843994140625 0.040771484375
0 0.50634765625 0.2508680555555556 0.0217742919921875 0.06646050347222222
0 0.623046875 0.10335286458333333 0.03173828125 0.06027560763888889
0 0.23193359375 0.10877821180555555 0.03912353515625 0.05300564236111111
0 0.484375 0.18001302083333334 0.022247314453125 0.06944444444444445
0 0.06488037109375 0.6254340277777778 0.03460693359375 0.06526692708333333
0 0.348388671875 0.07899305555555555 0.03521728515625 0.05056423611111111
0 0.662109375 0.2179904513888889 0.0192413330078125 0.0673828125
0 0.634765625 0.4500868055555556 0.033966064453125 0.04443359375
0 0.09185791015625 0.3841145833333333 0.0240936279296875 0.07373046875
0 0.603515625 0.6137152777777778 0.0184783935546875 0.0720486111111111
0 0.347412109375 0.12163628472222222 0.03594970703125 0.04359266493055555
0 0.6708984375 0.2975260416666667 0.030670166015625 0.05848524305555555
0 0.748046875 0.4717881944444444 0.03436279296875 0.04196506076388889
0 0.290283203125 0.8415798611111112 0.0289306640625 0.06461588541666667
0 0.187744140625 0.2981770833333333 0.03033447265625 0.05837673611111111
0 0.1175537109375 0.4123263888888889 0.038543701171875 0.049886067708333336
0 0.465087890625 0.4205729166666667 0.0200958251953125 0.06499565972222222
0 0.40625 0.77734375 0.019378662109375 0.06477864583333333
0 0.151611328125 0.7317708333333334 0.03424072265625 0.060980902777777776
0 0.56787109375 0.17317708333333334 0.0224609375 0.06526692708333333
0 0.360595703125 0.3170572916666667 0.03656005859375 0.033284505208333336
0 0.71337890625 0.4704861111111111 0.027435302734375 0.0627170138888889
0 0.1834716796875 0.8511284722222222 0.035491943359375 0.06027560763888889
0 0.08477783203125 0.55078125 0.033905029296875 0.0615234375
0 0.6748046875 0.4331597222222222 0.034759521484375 0.04147677951388889
0 0.1409912109375 0.1548394097222222 0.0225372314453125 0.07275390625
0 0.448974609375 0.8415798611111112 0.03759765625 0.03762478298611111
0 0.66650390625 0.07752821180555555 0.027008056640625 0.0556640625
0 0.50048828125 0.6996527777777778 0.0229339599609375 0.05859375
0 0.74365234375 0.53125 0.0306243896484375 0.047309027777777776
0 0.90576171875 0.4379340277777778 0.0225372314453125 0.06401909722222222
0 0.5234375 0.2482638888888889 0.0173797607421875 0.06982421875
0 0.5390625 0.5082465277777778 0.033203125 0.04307725694444445
0 0.505859375 0.14127604166666666 0.01898193359375 0.06548394097222222
0 0.68310546875 0.4774305555555556 0.0204925537109375 0.0627170138888889
0 0.200439453125 0.4227430555555556 0.04132080078125 0.03355577256944445
0 0.11029052734375 0.3376736111111111 0.0274810791015625 0.06526692708333333
0 0.25537109375 0.1488715277777778 0.03216552734375 0.04212782118055555
0 0.020843505859375 0.3715277777777778 0.0289306640625 0.06944444444444445
0 0.90576171875 0.6202256944444444 0.0224609375 0.06353081597222222
0 0.61376953125 0.051025390625 0.035614013671875 0.042046440972222224
0 0.658203125 0.4796006944444444 0.034881591796875 0.04334852430555555
0 0.406982421875 0.8797743055555556 0.034942626953125 0.036431206597222224
0 0.1719970703125 0.051432291666666664 0.03448486328125 0.056966145833333336
0 0.0802001953125 0.5846354166666666 0.037384033203125 0.0615234375
0 0.25 0.9019097222222222 0.03228759765625 0.05211046006944445
0 0.327880859375 0.029622395833333332 0.0364990234375 0.058159722222222224
0 0.9033203125 0.4947916666666667 0.028167724609375 0.057074652777777776
0 0.50732421875 0.5147569444444444 0.038116455078125 0.03526475694444445
0 0.03302001953125 0.3012152777777778 0.0253753662109375 0.0673828125
0 0.79248046875 0.5859375 0.0226287841796875 0.06982421875
0 0.1392822265625 0.5208333333333334 0.029754638671875 0.05848524305555555
0 0.053314208984375 0.4978298611111111 0.041473388671875 0.052408854166666664
0 0.021331787109375 0.5342881944444444 0.02947998046875 0.0695529513888889
0 0.1190185546875 0.7018229166666666 0.03985595703125 0.05015733506944445
0 0.321044921875 0.4303385416666667 0.0202484130859375 0.051812065972222224
0 0.016021728515625 0.4752604166666667 0.0276336669921875 0.06412760416666667
0 0.52099609375 0.8984375 0.033599853515625 0.051812065972222224
0 0.8603515625 0.4908854166666667 0.030792236328125 0.059244791666666664
0 0.81884765625 0.4396701388888889 0.0215301513671875 0.062337239583333336
0 0.86572265625 0.3485243055555556 0.033203125 0.05984157986111111
0 0.88525390625 0.5967881944444444 0.024993896484375 0.061197916666666664
0 0.2152099609375 0.8897569444444444 0.033203125 0.049506293402777776
0 0.11126708984375 0.1410590277777778 0.0299835205078125 0.07020399305555555
0 0.95458984375 0.4346788194444444 0.04052734375 0.029839409722222224
0 0.10968017578125 0.5633680555555556 0.027069091796875 0.06787109375
0 0.038330078125 0.4188368055555556 0.04443359375 0.035942925347222224
0 0.039703369140625 0.6657986111111112 0.03216552734375 0.06966145833333333
0 0.73388671875 0.2536892361111111 0.0181884765625 0.059136284722222224
0 0.701171875 0.1570095486111111 0.02838134765625 0.056640625
0 0.69970703125 0.0968967013888889 0.0186920166015625 0.06852213541666667
0 0.2039794921875 0.7009548611111112 0.04302978515625 0.032416449652777776
0 0.0938720703125 0.6171875 0.045257568359375 0.04527452256944445
0 0.77392578125 0.16796875 0.0228424072265625 0.06260850694444445
0 0.08050537109375 0.2862413194444444 0.03192138671875 0.07259114583333333
0 0.85400390625 0.5633680555555556 0.0179901123046875 0.05653211805555555
0 0.229736328125 0.7760416666666666 0.038116455078125 0.051920572916666664
0 0.58251953125 0.82421875 0.0241851806640625 0.06749131944444445
0 0.76953125 0.3363715277777778 0.0247039794921875 0.06222873263888889
0 0.139404296875 0.5881076388888888 0.0300445556640625 0.0720486111111111
0 0.91064453125 0.3810763888888889 0.040924072265625 0.033610026041666664
0 0.97509765625 0.1130642361111111 0.0221099853515625 0.05007595486111111
0 0.724609375 0.08447265625 0.0300445556640625 0.054741753472222224
0 0.01107025146484375 0.13151041666666666 0.02191162109375 0.07112630208333333
0 0.83203125 0.142578125 0.018402099609375 0.06439887152777778
0 0.8388671875 0.6501736111111112 0.03179931640625 0.051432291666666664
0 0.658203125 0.022705078125 0.03326416015625 0.04307725694444445
0 0.169921875 0.7890625 0.034088134765625 0.05211046006944445
0 0.79443359375 0.2358940972222222 0.022796630859375 0.06391059027777778
0 0.98779296875 0.4678819444444444 0.023956298828125 0.04432508680555555
0 0.93408203125 0.2541232638888889 0.027374267578125 0.06141493055555555
0 0.2425537109375 0.8181423611111112 0.0271759033203125 0.06510416666666667
0 0.8310546875 0.3639322916666667 0.03265380859375 0.05859375
0 0.92822265625 0.7560763888888888 0.02337646484375 0.06477864583333333
0 0.9853515625 0.6059027777777778 0.028594970703125 0.03968641493055555
0 0.85546875 0.1957465277777778 0.02508544921875 0.06797960069444445
0 0.9150390625 0.2921006944444444 0.03155517578125 0.052001953125
0 0.97021484375 0.3311631944444444 0.0302734375 0.05870225694444445
0 0.76513671875 0.24717881944444445 0.0216217041015625 0.059027777777777776
0 0.76025390625 0.2111545138888889 0.03271484375 0.04578993055555555
0 0.1649169921875 0.3791232638888889 0.030731201171875 0.06429036458333333
0 0.049041748046875 0.06005859375 0.036712646484375 0.044840494791666664
0 0.0321044921875 0.1408420138888889 0.021087646484375 0.07112630208333333
0 0.88818359375 0.6775173611111112 0.044586181640625 0.03955078125
0 0.80322265625 0.06635199652777778 0.03131103515625 0.051920572916666664
0 0.0740966796875 0.3396267361111111 0.038909912109375 0.047119140625
0 0.77197265625 0.1179470486111111 0.035064697265625 0.04747178819444445
0 0.97607421875 0.2269965277777778 0.0235137939453125 0.06499565972222222
0 0.0201416015625 0.6749131944444444 0.0256195068359375 0.06212022569444445
0 0.57275390625 0.017591688368055556 0.029815673828125 0.03445095486111111
0 0.72265625 0.1970486111111111 0.037322998046875 0.03748914930555555
0 0.72900390625 0.04006618923611111 0.0305633544921875 0.057183159722222224
0 0.84912109375 0.2947048611111111 0.035003662109375 0.04226345486111111
0 0.2119140625 0.8298611111111112 0.038970947265625 0.042914496527777776
0 0.59912109375 0.56640625 0.0201416015625 0.043267144097222224
0 0.0635986328125 0.171875 0.036224365234375 0.06901041666666667
0 0.8154296875 0.3166232638888889 0.03955078125 0.033610026041666664
0 0.88134765625 0.24110243055555555 0.0214080810546875 0.06776258680555555
0 0.8759765625 0.09456380208333333 0.021240234375 0.06450737847222222
0 0.9892578125 0.2825520833333333 0.019195556640625 0.06890190972222222
0 0.239501953125 0.23046875 0.042572021484375 0.05007595486111111
0 0.9697265625 0.7782118055555556 0.0229339599609375 0.0636935763888889
0 0.277099609375 0.9114583333333334 0.0289306640625 0.05026584201388889
0 0.9453125 0.08848741319444445 0.02288818359375 0.05984157986111111
0 0.828125 0.5577256944444444 0.026702880859375 0.03662109375
0 0.1494140625 0.4064670138888889 0.02947998046875 0.049967447916666664
0 0.9541015625 0.1743706597222222 0.026153564453125 0.06342230902777778
0 0.52099609375 0.016669379340277776 0.033599853515625 0.03184678819444445
0 0.8525390625 0.7964409722222222 0.0182952880859375 0.059244791666666664
0 0.056121826171875 0.7456597222222222 0.0311431884765625 0.07411024305555555
0 0.9619140625 0.04234483506944445 0.0276336669921875 0.05772569444444445
0 0.3115234375 0.8984375 0.03515625 0.050835503472222224
0 0.105224609375 0.0773654513888889 0.038330078125 0.040934244791666664
0 0.775390625 0.03160264756944445 0.0173797607421875 0.061089409722222224
0 0.62353515625 0.2584635416666667 0.0182952880859375 0.04578993055555555
0 0.79541015625 0.74609375 0.0276947021484375 0.030544704861111112
0 0.91796875 0.0823025173611111 0.0305633544921875 0.05859375
0 0.010677083333333334 0.40694444444444444 0.021354166666666667 0.06944444444444445
0 0.451171875 0.8815104166666666 0.037322998046875 0.032769097222222224
0 0.1976318359375 0.3767361111111111 0.037750244140625 0.06461588541666667
0 0.234375 0.7482638888888888 0.04376220703125 0.04001193576388889
0 0.387939453125 0.9470486111111112 0.027069091796875 0.06212022569444445
0 0.1700439453125 0.7122395833333334 0.0328369140625 0.04758029513888889
0 0.01898193359375 0.033040364583333336 0.03179931640625 0.05075412326388889
0 0.408935546875 0.9149305555555556 0.0261993408203125 0.04641384548611111
0 0.9890625 0.8337962962962963 0.021875 0.06759259259259259
0 0.923828125 0.040228949652777776 0.03314208984375 0.052300347222222224
0 0.015960693359375 0.2658420138888889 0.030914306640625 0.034912109375
0 0.452880859375 0.9314236111111112 0.0312042236328125 0.04275173611111111
0 0.10015869140625 0.9262152777777778 0.0233306884765625 0.06797960069444445
0 0.92138671875 0.17936197916666666 0.03759765625 0.038140190972222224
0 0.4296875 0.9418402777777778 0.0296478271484375 0.056315104166666664
0 0.055206298828125 0.8615451388888888 0.035003662109375 0.068359375
0 0.013020833333333334 0.30324074074074076 0.026041666666666668 0.06944444444444445
0 0.98291015625 0.047200520833333336 0.0302734375 0.048665364583333336
0 0.0328369140625 0.8472222222222222 0.027435302734375 0.06488715277777778
0 0.53271484375 0.9479166666666666 0.0232391357421875 0.06391059027777778
0 0.01450347900390625 0.8424479166666666 0.02801513671875 0.059733072916666664
0 0.24658203125 0.9409722222222222 0.03533935546875 0.040934244791666664
0 0.8837890625 0.5355902777777778 0.02044677734375 0.026896158854166668
0 0.4853515625 0.9574652777777778 0.0246124267578125 0.06190321180555555
0 0.260498046875 0.013210720486111112 0.021209716796875 0.025485568576388888
0 0.30126953125 0.9383680555555556 0.038818359375 0.03819444444444445
0 0.0838623046875 0.010715060763888888 0.04083251953125 0.020941840277777776
0 0.62646484375 0.9522569444444444 0.037689208984375 0.033284505208333336
0 0.07838541666666667 0.9717592592592592 0.0265625 0.05648148148148148
0 0.11419677734375 0.2740885416666667 0.01525115966796875 0.022623697916666668
0 0.8662109375 0.008619520399305556 0.035400390625 0.016669379340277776