0 0.371094 0.515278 0.026562 0.065741
0 0.529948 0.340741 0.035937 0.042593
0 0.509635 0.585648 0.024479 0.062037
0 0.647135 0.487037 0.030729 0.057407
0 0.538542 0.450000 0.030208 0.055556
0 0.619792 0.543981 0.025000 0.058333
0 0.887240 0.443056 0.025521 0.052778
0 0.409375 0.733796 0.032292 0.052778
0 0.913281 0.419444 0.030729 0.059259
0 0.655729 0.533796 0.031250 0.052778
0 0.860677 0.477778 0.034896 0.048148
0 0.536979 0.636111 0.026042 0.061111
0 0.466667 0.503704 0.030208 0.051852
0 0.471094 0.282870 0.032813 0.043519
0 0.518229 0.163426 0.026042 0.063889
0 0.258854 0.212037 0.019792 0.068519
0 0.408594 0.461574 0.020313 0.065741
0 0.308594 0.312037 0.022396 0.066667
0 0.579688 0.165741 0.022917 0.064815
0 0.621875 0.231481 0.028125 0.057407
0 0.814583 0.434259 0.021875 0.059259
0 0.622917 0.415278 0.018750 0.062037
0 0.682292 0.512963 0.022917 0.061111
0 0.395052 0.238889 0.031771 0.051852
0 0.541667 0.682407 0.025000 0.061111
0 0.529167 0.225463 0.031250 0.050926
0 0.588021 0.366667 0.017708 0.064815
0 0.554688 0.195370 0.019792 0.070370
0 0.769271 0.420370 0.026042 0.055556
0 0.604688 0.078704 0.026042 0.059259
0 0.257552 0.147222 0.029687 0.055556
0 0.526563 0.115278 0.028125 0.060185
0 0.330208 0.546296 0.028125 0.053704
0 0.823958 0.510185 0.019792 0.062963
0 0.793229 0.471296 0.033333 0.050000
0 0.308333 0.178241 0.028125 0.058333
0 0.571094 0.559259 0.039062 0.042593
0 0.636458 0.172222 0.026042 0.061111
0 0.490104 0.087500 0.023958 0.067593
0 0.631510 0.783333 0.022396 0.068519
0 0.304688 0.516204 0.026042 0.067593
0 0.492448 0.158796 0.019271 0.067593
0 0.161719 0.543056 0.031771 0.063889
0 0.299219 0.597222 0.026562 0.064815
0 0.194531 0.170370 0.028646 0.059259
0 0.432031 0.814352 0.036979 0.039815
0 0.234896 0.350000 0.027083 0.066667
0 0.341927 0.273611 0.019271 0.069444
0 0.916146 0.361111 0.025000 0.059259
0 0.664323 0.722685 0.026562 0.056481
0 0.691927 0.458333 0.035937 0.040741
0 0.744531 0.506019 0.034896 0.037963
0 0.338802 0.451852 0.029687 0.051852
0 0.494792 0.437037 0.037500 0.046296
0 0.325260 0.174074 0.019271 0.061111
0 0.628646 0.615278 0.029167 0.036111
0 0.775000 0.654167 0.019792 0.065741
0 0.675000 0.427778 0.037500 0.050000
0 0.945573 0.716667 0.027604 0.062963
0 0.643229 0.310185 0.034375 0.037037
0 0.330729 0.117130 0.029167 0.063889
0 0.481771 0.553704 0.022917 0.062963
0 0.420833 0.239815 0.030208 0.061111
0 0.741406 0.799074 0.030729 0.048148
0 0.649740 0.062500 0.018229 0.058333
0 0.530469 0.734259 0.034896 0.037037
0 0.221615 0.467130 0.031771 0.047222
0 0.709375 0.240278 0.028125 0.058333
0 0.458333 0.098148 0.020833 0.062963
0 0.775000 0.862963 0.029167 0.061111
0 0.920573 0.640278 0.020313 0.062037
0 0.661198 0.227315 0.021354 0.058333
0 0.437760 0.480093 0.035937 0.039815
0 0.595833 0.224537 0.019792 0.060185
0 0.470313 0.244444 0.034375 0.048148
0 0.269010 0.444444 0.036979 0.046296
0 0.232292 0.671296 0.031250 0.061111
0 0.589063 0.624074 0.017708 0.064815
0 0.813802 0.881944 0.028646 0.060185
0 0.415625 0.187037 0.031250 0.051852
0 0.643750 0.420833 0.016667 0.063889
0 0.579167 0.518519 0.033333 0.050000
0 0.316406 0.059722 0.025521 0.056481
0 0.212760 0.236111 0.041146 0.040741
0 0.189062 0.310648 0.041667 0.034259
0 0.783854 0.531481 0.034375 0.029630
0 0.917188 0.227315 0.027083 0.062037
0 0.449219 0.642130 0.034896 0.047222
0 0.734115 0.735185 0.033854 0.040741
0 0.482812 0.638426 0.035417 0.037963
0 0.848958 0.842593 0.036458 0.037037
0 0.453125 0.435648 0.037500 0.039815
0 0.951823 0.563889 0.036979 0.033333
0 0.941927 0.668519 0.033854 0.042593
0 0.889583 0.840741 0.034375 0.035185
0 0.733073 0.589352 0.038021 0.034259
0 0.682031 0.653704 0.020313 0.061111
0 0.348958 0.637037 0.031250 0.040741
0 0.392969 0.572685 0.028646 0.047222
0 0.796354 0.587500 0.033333 0.049074
0 0.748437 0.313426 0.031250 0.054630
0 0.691927 0.309259 0.032813 0.044444
0 0.659115 0.281481 0.034896 0.035185
0 0.347135 0.108333 0.029687 0.059259
0 0.305729 0.687963 0.019792 0.068519
0 0.449219 0.709722 0.018229 0.063889
0 0.424740 0.684259 0.017188 0.062963
0 0.897656 0.323148 0.028646 0.055556
0 0.661979 0.893519 0.023958 0.064815
0 0.440885 0.601389 0.040104 0.037963
0 0.474740 0.137037 0.027604 0.061111
0 0.716146 0.653241 0.023958 0.060185
0 0.424219 0.068981 0.033854 0.052778
0 0.507031 0.847222 0.030729 0.059259
0 0.482552 0.868519 0.033854 0.050000
0 0.752604 0.687500 0.033333 0.039815
0 0.699219 0.057870 0.026562 0.058333
0 0.691146 0.743056 0.036458 0.037963
0 0.429167 0.861574 0.030208 0.052778
0 0.859635 0.613426 0.020313 0.067593
0 0.685156 0.048148 0.024479 0.061111
0 0.114844 0.825463 0.039062 0.049074
0 0.720052 0.163426 0.034896 0.047222
0 0.482812 0.028704 0.032292 0.051852
0 0.875260 0.696296 0.036979 0.042593
0 0.561719 0.647222 0.017188 0.066667
0 0.796875 0.036111 0.018750 0.064815
0 0.730208 0.364815 0.034375 0.053704
0 0.383333 0.808333 0.031250 0.037037
0 0.702865 0.701852 0.035937 0.035185
0 0.411719 0.781944 0.034896 0.037963
0 0.390365 0.074537 0.024479 0.056481
0 0.103385 0.400463 0.040104 0.041667
0 0.104167 0.325000 0.039583 0.035185
0 0.741927 0.636111 0.022396 0.064815
0 0.860677 0.880093 0.036979 0.034259
0 0.825260 0.153241 0.038021 0.036111
0 0.865365 0.341204 0.032813 0.037963
0 0.727344 0.298148 0.023438 0.064815
0 0.777604 0.235185 0.037500 0.040741
0 0.191146 0.349074 0.030208 0.035185
0 0.078906 0.475926 0.042188 0.042593
0 0.882292 0.366667 0.039583 0.033333
0 0.700000 0.281944 0.034375 0.041667
0 0.174479 0.655556 0.036458 0.038889
0 0.053906 0.632407 0.035937 0.061111
0 0.841146 0.094444 0.033333 0.051852
0 0.811719 0.097222 0.031771 0.048148
0 0.173437 0.497222 0.027083 0.072222
0 0.740104 0.062963 0.032292 0.037037
0 0.327865 0.506944 0.019271 0.062037
0 0.825521 0.046759 0.028125 0.052778
0 0.810417 0.209722 0.037500 0.045370
0 0.566927 0.494444 0.034896 0.040741
0 0.860677 0.031481 0.021354 0.061111
0 0.398958 0.154167 0.030208 0.063889
0 0.845052 0.638426 0.019271 0.062037
0 0.793229 0.124537 0.033333 0.041667
0 0.371354 0.157870 0.028125 0.069444
0 0.253906 0.647222 0.023438 0.070370
0 0.619531 0.902315 0.036979 0.043519
0 0.761458 0.123148 0.036458 0.048148
0 0.741406 0.932407 0.028646 0.055556
0 0.361719 0.062500 0.020313 0.071296
0 0.554688 0.868056 0.025000 0.056481
0 0.902604 0.702315 0.033333 0.039815
0 0.353125 0.180556 0.025000 0.064815
0 0.670052 0.095833 0.033854 0.039815
0 0.132812 0.771759 0.025000 0.067593
0 0.465104 0.901389 0.034375 0.039815
0 0.830729 0.592593 0.021875 0.053704
0 0.155729 0.772685 0.023958 0.063889
0 0.291406 0.792593 0.036979 0.059259
0 0.877083 0.304630 0.025000 0.044444
0 0.053646 0.553704 0.031250 0.068519
0 0.959115 0.860185 0.034896 0.055556
0 0.757552 0.262500 0.035937 0.039815
0 0.344010 0.044907 0.027604 0.052778
0 0.971354 0.422685 0.040625 0.036111
0 0.067708 0.392593 0.025000 0.081481
0 0.070312 0.262963 0.028125 0.061111
0 0.309375 0.419907 0.030208 0.075000
0 0.339323 0.399537 0.030729 0.037963
0 0.080208 0.511111 0.038542 0.038889
0 0.111198 0.759722 0.032813 0.071296
0 0.851042 0.935185 0.022917 0.057407
0 0.150781 0.072222 0.039062 0.040741
0 0.985417 0.729630 0.027083 0.031481
0 0.462760 0.024074 0.033854 0.046296
0 0.041406 0.427315 0.027604 0.071296
0 0.920052 0.751389 0.028646 0.067593
0 0.629687 0.022685 0.028125 0.043519
0 0.047396 0.716667 0.041667 0.055556
0 0.844271 0.053241 0.032292 0.041667
0 0.638281 0.861574 0.019271 0.065741
0 0.163802 0.906019 0.021354 0.060185
0 0.344531 0.207407 0.035937 0.062963
0 0.986719 0.291204 0.026562 0.034259
0 0.836719 0.747685 0.034896 0.036111
0 0.105208 0.909259 0.033333 0.055556
0 0.189062 0.935185 0.033333 0.046296
0 0.935677 0.790741 0.024479 0.051852
0 0.230469 0.824074 0.036979 0.051852
0 0.711979 0.938889 0.023958 0.068519
0 0.829688 0.708796 0.028125 0.050926
0 0.937500 0.503241 0.027083 0.026852
0 0.143750 0.029630 0.038542 0.048148
0 0.944531 0.907407 0.022396 0.066667
0 0.011979 0.778241 0.022917 0.034259
0 0.146615 0.953704 0.035937 0.033333
0 0.381510 0.949074 0.033854 0.053704
0 0.888802 0.947222 0.017188 0.064815
0 0.043490 0.215741 0.023438 0.053704
0 0.083854 0.859259 0.019792 0.055556
0 0.990365 0.551852 0.018229 0.038889
0 0.578906 0.728704 0.026562 0.031481
0 0.471615 0.412963 0.018229 0.046296
0 0.101302 0.941667 0.035937 0.040741
0 0.012240 0.957870 0.023438 0.067593
0 0.319271 0.919444 0.040625 0.038889
0 0.421094 0.961574 0.034896 0.045370
0 0.399479 0.404630 0.014583 0.031481
0 0.015625 0.254167 0.030208 0.037963
0 0.060156 0.361111 0.028646 0.035185
0 0.991667 0.187037 0.015625 0.031481
0 0.975781 0.233796 0.023438 0.041667
0 0.228906 0.010185 0.035937 0.018519
0 0.012240 0.878704 0.023438 0.046296
0 0.992188 0.868981 0.015625 0.069444
0 0.048177 0.981944 0.024479 0.036111
0 0.980469 0.898148 0.024479 0.038889
0 0.995573 0.055093 0.008854 0.032407
0 0.129167 0.085185 0.016667 0.033333
0 0.762500 0.010648 0.013542 0.019444
0 0.767708 0.767593 0.017708 0.029630
0 0.338021 0.742130 0.014583 0.028704
0 0.005729 0.558796 0.010417 0.034259
0 0.679427 0.906019 0.014063 0.028704
0 0.681771 0.968981 0.032292 0.050926
0 0.770833 0.976852 0.031250 0.035185
0 0.608333 0.968981 0.027083 0.054630
0 0.563281 0.923148 0.036979 0.040741
0 0.354948 0.963889 0.033854 0.031481
0 0.985677 0.974537 0.024479 0.019444
0 0.640625 0.112500 0.019792 0.054630
0 0.668229 0.123611 0.039583 0.037963
0 0.667708 0.163889 0.036458 0.044444
0 0.710677 0.202315 0.032813 0.047222
0 0.823958 0.643981 0.022917 0.054630
0 0.993490 0.602778 0.011979 0.029630
0 0.568750 0.382870 0.015625 0.030556
0 0.660417 0.012500 0.016667 0.023148
0 0.992188 0.868981 0.015625 0.069444
