0 0.582031 0.357870 0.026562 0.062037
0 0.520833 0.318981 0.035417 0.043519
0 0.336719 0.297222 0.025521 0.061111
0 0.224479 0.183796 0.023958 0.065741
0 0.441667 0.277315 0.025000 0.060185
0 0.521875 0.252315 0.018750 0.067593
0 0.227344 0.426389 0.030729 0.058333
0 0.282813 0.537500 0.030208 0.050926
0 0.697656 0.310185 0.029687 0.059259
0 0.534635 0.517593 0.028646 0.059259
0 0.343750 0.342130 0.025000 0.056481
0 0.189844 0.183333 0.025521 0.066667
0 0.667969 0.230093 0.025521 0.060185
0 0.212240 0.531481 0.034896 0.051852
0 0.407031 0.282407 0.019271 0.066667
0 0.371354 0.680093 0.033333 0.052778
0 0.455990 0.675463 0.033854 0.045370
0 0.147396 0.124537 0.028125 0.071296
0 0.383073 0.287963 0.032813 0.057407
0 0.602083 0.314352 0.021875 0.067593
0 0.271615 0.455093 0.033854 0.052778
0 0.524740 0.655556 0.031771 0.050000
0 0.443490 0.213889 0.027604 0.061111
0 0.440885 0.586111 0.034896 0.046296
0 0.554167 0.167130 0.031250 0.047222
0 0.679427 0.685185 0.031771 0.059259
0 0.193229 0.471296 0.034375 0.040741
0 0.568750 0.251389 0.020833 0.073148
0 0.925521 0.605556 0.030208 0.055556
0 0.536979 0.451852 0.031250 0.055556
0 0.624219 0.333333 0.020313 0.068519
0 0.154167 0.362037 0.021875 0.068519
0 0.667188 0.468519 0.030208 0.046296
0 0.094010 0.201389 0.031771 0.062037
0 0.420312 0.356019 0.033333 0.049074
0 0.201563 0.571296 0.031250 0.055556
0 0.601562 0.447222 0.031250 0.050000
0 0.129427 0.190278 0.029687 0.063889
0 0.719010 0.083333 0.018229 0.066667
0 0.257031 0.262500 0.033854 0.052778
0 0.223438 0.326389 0.032292 0.058333
0 0.217969 0.362963 0.031771 0.057407
0 0.187760 0.632407 0.023438 0.057407
0 0.204687 0.084722 0.029167 0.063889
0 0.639062 0.252315 0.018750 0.062037
0 0.257031 0.615278 0.021354 0.063889
0 0.136198 0.315278 0.031771 0.060185
0 0.264062 0.573611 0.033333 0.050926
0 0.471615 0.282870 0.032813 0.045370
0 0.096875 0.379167 0.020833 0.067593
0 0.288802 0.174537 0.026562 0.069444
0 0.401042 0.579167 0.036458 0.049074
0 0.340625 0.051852 0.019792 0.068519
0 0.755208 0.248611 0.018750 0.069444
0 0.557292 0.224074 0.025000 0.061111
0 0.776823 0.100463 0.021354 0.069444
0 0.716146 0.192130 0.037500 0.041667
0 0.728125 0.410185 0.020833 0.066667
0 0.150521 0.642130 0.023958 0.058333
0 0.283073 0.813889 0.027604 0.059259
0 0.961719 0.600463 0.031771 0.049074
0 0.692187 0.631019 0.035417 0.056481
0 0.201302 0.405093 0.022396 0.062037
0 0.506250 0.389815 0.032292 0.053704
0 0.353125 0.645833 0.032292 0.043519
0 0.435677 0.710185 0.019271 0.068519
0 0.273438 0.051389 0.021875 0.065741
0 0.138542 0.401852 0.021875 0.068519
0 0.530729 0.609259 0.019792 0.066667
0 0.622135 0.574074 0.034896 0.057407
0 0.728385 0.502778 0.029687 0.061111
0 0.416667 0.075463 0.019792 0.065741
0 0.410417 0.172685 0.037500 0.049074
0 0.546615 0.542593 0.021354 0.066667
0 0.083073 0.133796 0.029687 0.065741
0 0.295312 0.577778 0.023958 0.064815
0 0.310677 0.820833 0.027604 0.063889
0 0.315365 0.081944 0.019271 0.067593
0 0.044010 0.487500 0.025521 0.067593
0 0.797135 0.636111 0.021354 0.070370
0 0.373437 0.073611 0.021875 0.065741
0 0.342969 0.184722 0.040104 0.047222
0 0.185417 0.329630 0.038542 0.051852
0 0.902604 0.661111 0.034375 0.037037
0 0.689063 0.230093 0.025000 0.058333
0 0.500781 0.731944 0.019271 0.067593
0 0.118750 0.479167 0.033333 0.060185
0 0.116667 0.399537 0.021875 0.071296
0 0.236719 0.112500 0.029687 0.065741
0 0.673438 0.797685 0.029167 0.062037
0 0.178125 0.538426 0.022917 0.076852
0 0.424479 0.825463 0.030208 0.056481
0 0.205990 0.252315 0.039062 0.041667
0 0.067448 0.528241 0.025521 0.067593
0 0.602604 0.101389 0.029167 0.058333
0 0.228385 0.054167 0.020313 0.067593
0 0.698958 0.803704 0.017708 0.068519
0 0.143750 0.685185 0.030208 0.059259
0 0.815625 0.185185 0.032292 0.051852
0 0.192448 0.731019 0.026562 0.067593
0 0.387760 0.345833 0.039062 0.037963
0 0.647917 0.172685 0.027083 0.049074
0 0.453385 0.083333 0.018229 0.062963
0 0.982292 0.457870 0.031250 0.058333
0 0.789844 0.196759 0.038021 0.045370
0 0.387500 0.826852 0.020833 0.064815
0 0.220052 0.813426 0.040104 0.037963
0 0.960677 0.344444 0.022396 0.064815
0 0.150521 0.470370 0.031250 0.057407
0 0.165885 0.748611 0.020313 0.062037
0 0.728385 0.271759 0.039062 0.034259
0 0.865885 0.391204 0.020313 0.067593
0 0.532813 0.708333 0.017708 0.068519
0 0.886458 0.185648 0.025000 0.063889
0 0.140104 0.802315 0.028125 0.063889
0 0.508594 0.596296 0.018229 0.066667
0 0.685417 0.409259 0.036458 0.055556
0 0.587500 0.566667 0.035417 0.051852
0 0.220573 0.604167 0.018229 0.063889
0 0.730208 0.565741 0.037500 0.042593
0 0.882031 0.617593 0.030729 0.051852
0 0.362760 0.802778 0.035937 0.050000
0 0.369010 0.616204 0.038021 0.036111
0 0.694792 0.143519 0.033333 0.035185
0 0.550260 0.115741 0.033854 0.040741
0 0.366406 0.855556 0.028646 0.061111
0 0.110156 0.345370 0.039062 0.044444
0 0.232292 0.275000 0.039583 0.040741
0 0.520833 0.842593 0.034375 0.037037
0 0.503906 0.430556 0.035937 0.037037
0 0.907813 0.361111 0.027083 0.062963
0 0.949479 0.229167 0.028125 0.060185
0 0.529427 0.078241 0.029687 0.037963
0 0.792708 0.725463 0.021875 0.069444
0 0.687760 0.887037 0.036979 0.038889
0 0.040104 0.556019 0.030208 0.063889
0 0.847917 0.456481 0.020833 0.062963
0 0.233073 0.612037 0.026562 0.061111
0 0.018490 0.502778 0.033854 0.057407
0 0.169531 0.668981 0.021354 0.063889
0 0.273177 0.489352 0.034896 0.039815
0 0.045052 0.402315 0.039062 0.039815
0 0.107292 0.539352 0.032292 0.060185
0 0.054427 0.191204 0.040104 0.043519
0 0.277344 0.675463 0.043229 0.034259
0 0.941146 0.493056 0.027083 0.058333
0 0.432292 0.637500 0.042708 0.039815
0 0.935937 0.318056 0.021875 0.062037
0 0.765365 0.709722 0.027604 0.067593
0 0.031771 0.695833 0.029167 0.071296
0 0.098437 0.736574 0.040625 0.054630
0 0.162240 0.822685 0.023438 0.073148
0 0.889323 0.569444 0.027604 0.062963
0 0.242708 0.463426 0.027083 0.058333
0 0.846875 0.378704 0.019792 0.064815
0 0.542708 0.921296 0.034375 0.050000
0 0.810677 0.464815 0.026562 0.059259
0 0.910677 0.535648 0.026562 0.063889
0 0.079427 0.418056 0.025521 0.062037
0 0.864323 0.521759 0.039062 0.041667
0 0.908333 0.475926 0.019792 0.064815
0 0.810677 0.810185 0.036979 0.042593
0 0.480990 0.474074 0.018229 0.059259
0 0.851302 0.759259 0.038021 0.053704
0 0.810677 0.069907 0.019271 0.069444
0 0.606771 0.061111 0.033333 0.042593
0 0.249479 0.876852 0.032292 0.061111
0 0.086198 0.680093 0.032813 0.060185
0 0.406771 0.887500 0.038542 0.043519
0 0.447396 0.156019 0.037500 0.050926
0 0.426563 0.122685 0.034375 0.039815
0 0.904167 0.288889 0.021875 0.070370
0 0.084896 0.550000 0.021875 0.068519
0 0.862500 0.619907 0.028125 0.062037
0 0.957812 0.541667 0.022917 0.062963
0 0.954167 0.458333 0.036458 0.050000
0 0.115365 0.770833 0.039062 0.049074
0 0.066406 0.648611 0.023438 0.065741
0 0.133073 0.717593 0.023438 0.064815
0 0.561198 0.055556 0.036979 0.037037
0 0.769271 0.611111 0.037500 0.037037
0 0.837500 0.632407 0.036458 0.038889
0 0.348958 0.120370 0.038542 0.044444
0 0.950000 0.067593 0.034375 0.051852
0 0.883073 0.695370 0.040104 0.042593
0 0.435156 0.425926 0.030729 0.064815
0 0.758333 0.028241 0.019792 0.054630
0 0.402344 0.447222 0.033854 0.050000
0 0.832812 0.778241 0.039583 0.041667
0 0.323177 0.241204 0.022396 0.045370
0 0.884896 0.241204 0.036458 0.049074
0 0.647135 0.022685 0.027604 0.043519
0 0.285677 0.885185 0.040104 0.037037
0 0.384635 0.026389 0.035937 0.043519
0 0.075000 0.796296 0.027083 0.072222
0 0.928906 0.256481 0.022396 0.055556
0 0.752604 0.806481 0.026042 0.066667
0 0.136979 0.862037 0.041667 0.040741
0 0.828906 0.593981 0.031771 0.039815
0 0.492708 0.908333 0.034375 0.042593
0 0.793229 0.546759 0.040625 0.056481
0 0.941146 0.716204 0.018750 0.065741
0 0.846354 0.706019 0.036458 0.058333
0 0.081771 0.061574 0.038542 0.062037
0 0.104167 0.306481 0.044792 0.044444
0 0.621094 0.757870 0.020313 0.071296
0 0.035937 0.294907 0.036458 0.058333
0 0.175781 0.018056 0.038021 0.034259
0 0.554427 0.022222 0.021354 0.042593
0 0.928125 0.030093 0.037500 0.037963
0 0.453125 0.541204 0.019792 0.047222
0 0.868750 0.482870 0.038542 0.041667
0 0.880208 0.041667 0.030208 0.062963
0 0.214323 0.771759 0.042188 0.047222
0 0.565365 0.903241 0.017188 0.065741
0 0.023698 0.358796 0.041146 0.050926
0 0.145313 0.905556 0.026042 0.066667
0 0.773958 0.838889 0.025000 0.042593
0 0.850260 0.330093 0.031771 0.058333
0 0.476823 0.837963 0.022396 0.070370
0 0.199740 0.900463 0.025521 0.067593
0 0.760938 0.522685 0.028125 0.050926
0 0.740365 0.140278 0.034896 0.054630
0 0.982812 0.783796 0.034375 0.049074
0 0.932813 0.406481 0.042708 0.044444
0 0.069010 0.022685 0.033854 0.043519
0 0.986979 0.072222 0.025000 0.051852
0 0.914844 0.097222 0.024479 0.046296
0 0.948438 0.128241 0.031250 0.058333
0 0.110156 0.892130 0.044271 0.037963
0 0.858594 0.264815 0.040104 0.044444
0 0.050260 0.361111 0.027604 0.050000
0 0.922135 0.707870 0.023438 0.043519
0 0.728906 0.028241 0.033854 0.037963
0 0.475000 0.786574 0.031250 0.056481
0 0.972917 0.127778 0.030208 0.059259
0 0.326302 0.946296 0.036979 0.048148
0 0.330990 0.761111 0.042188 0.046296
0 0.022396 0.896296 0.031250 0.037037
0 0.869010 0.088426 0.040104 0.047222
0 0.442708 0.759722 0.027083 0.030556
0 0.109896 0.943981 0.031250 0.058333
0 0.658073 0.919907 0.033854 0.041667
0 0.897656 0.928241 0.026562 0.056481
0 0.071094 0.890741 0.040104 0.046296
0 0.993750 0.299537 0.011458 0.037963
0 0.009115 0.236574 0.017188 0.039815
0 0.250781 0.948611 0.035937 0.039815
0 0.135677 0.984259 0.038021 0.031481
0 0.425000 0.978704 0.035417 0.025926
0 0.464583 0.981944 0.037500 0.036111
0 0.178125 0.980556 0.040625 0.037037
0 0.809896 0.269444 0.019792 0.037037
0 0.581771 0.961111 0.032292 0.068519
0 0.882552 0.012037 0.032813 0.022222
0 0.095573 0.981019 0.041146 0.036111
0 0.025260 0.977778 0.031771 0.029630
0 0.737240 0.975000 0.019271 0.018519
0 0.917708 0.009259 0.041667 0.016667
0 0.310417 0.170833 0.018750 0.026852
0 0.854688 0.978704 0.021875 0.027778
0 0.687760 0.979630 0.021354 0.037037
0 0.166146 0.275463 0.040625 0.037963
0 0.165625 0.248611 0.050000 0.026852
0 0.166406 0.204167 0.021354 0.058333
0 0.007552 0.556019 0.014063 0.060185
0 0.007031 0.337037 0.013021 0.048148
0 0.193229 0.060648 0.021875 0.039815
0 0.098177 0.011574 0.020313 0.021296
0 0.148698 0.009722 0.023438 0.017593
0 0.248698 0.016667 0.014063 0.022222
0 0.466927 0.043056 0.018229 0.060185
0 0.471354 0.097685 0.025000 0.037963
0 0.475260 0.009722 0.021354 0.017593
0 0.473438 0.072222 0.029167 0.035185
0 0.598437 0.018519 0.020833 0.035185
0 0.008594 0.849537 0.016146 0.045370
0 0.007292 0.782407 0.013542 0.035185
0 0.386979 0.419907 0.043750 0.039815
0 0.394792 0.385185 0.033333 0.037037
0 0.419792 0.417593 0.022917 0.044444
0 0.466406 0.457870 0.014063 0.034259
0 0.517969 0.500463 0.020313 0.041667
0 0.501563 0.461574 0.036458 0.047222
0 0.527604 0.144444 0.018750 0.062963
0 0.863542 0.551389 0.016667 0.047222
0 0.965625 0.499537 0.037500 0.036111
0 0.990625 0.209722 0.017708 0.063889
0 0.590625 0.661574 0.013542 0.023148
0 0.761198 0.559722 0.026562 0.045370
