0 0.64453125 0.4822037037037037 0.033322916666666674 0.053009259259259256
0 0.2595208333333333 0.2105 0.018796874999999987 0.0698240740740741
0 0.5952135416666666 0.457462962962963 0.02801562499999998 0.06439814814814816
0 0.6508802083333334 0.5325555555555556 0.028932291666666762 0.06098148148148139
0 0.4650885416666667 0.5065092592592593 0.03234895833333328 0.05610185185185178
0 0.9086927083333334 0.5104166666666666 0.024656250000000077 0.060379629629629665
0 0.6245104166666666 0.712675925925926 0.034364583333333344 0.04391666666666673
0 0.473390625 0.3726111111111111 0.023999999999999962 0.06342592592592593
0 0.5366197916666666 0.6384537037037037 0.024703124999999975 0.05913888888888879
0 0.3125 0.1706851851851852 0.018338541666666687 0.06879629629629631
0 0.8461927083333334 0.4835092592592593 0.03460937499999991 0.05270370370370372
0 0.4868177083333334 0.5421018518518519 0.027953125000000037 0.06016666666666668
0 0.6098645833333334 0.36588888888888893 0.03506250000000009 0.04424074074074071
0 0.23058854166666667 0.24110185185185184 0.024385416666666694 0.06684259259259262
0 0.473390625 0.20833333333333334 0.02635416666666662 0.06575925925925924
0 0.4592291666666667 0.10069444444444445 0.01843229166666672 0.06526851851851853
0 0.3435052083333333 0.21267592592592593 0.03228645833333334 0.05181481481481482
0 0.30176041666666664 0.5099814814814815 0.031203125000000043 0.0651018518518518
0 0.6508802083333334 0.3101111111111111 0.0301510416666666 0.046138888888888924
0 0.4333489583333333 0.1893425925925926 0.027437500000000035 0.06559259259259262
0 0.4848645833333334 0.4440092592592592 0.024703125000000034 0.062009259259259285
0 0.615234375 0.6345462962962962 0.022203125000000056 0.07085185185185183
0 0.3676770833333334 0.5203981481481481 0.020921875000000038 0.07031481481481487
0 0.5185572916666666 0.1645 0.026963541666666656 0.06282407407407405
0 0.21044791666666668 0.2860277777777778 0.02145312499999997 0.06798148148148145
0 0.3981927083333333 0.07975 0.021364583333333322 0.062333333333333324
0 0.6240260416666668 0.4279537037037037 0.02517708333333341 0.05566666666666667
0 0.5888697916666668 0.6254351851851853 0.019791666666666666 0.06737962962962961
0 0.442140625 0.2632407407407408 0.025375000000000016 0.06005555555555557
0 0.42871354166666664 0.37695370370370374 0.026854166666666637 0.06390740740740739
0 0.236328125 0.35850925925925925 0.027114583333333307 0.06575925925925924
0 0.3413072916666666 0.26823148148148146 0.018723958333333356 0.059953703703703703
0 0.7353541666666668 0.42209259259259263 0.03271354166666664 0.05170370370370373
0 0.6938489583333334 0.31510185185185186 0.030854166666666554 0.051509259259259255
0 0.2810052083333333 0.2311203703703704 0.025755208333333356 0.06380555555555553
0 0.7016614583333334 0.8151018518518518 0.030854166666666554 0.05351851851851848
0 0.4885260416666667 0.08815740740740742 0.018234374999999994 0.0668425925925926
0 0.8955104166666668 0.5364629629629629 0.027906249999999962 0.062009259259259285
0 0.422609375 0.23524074074074075 0.024843750000000022 0.0667314814814815
0 0.5424791666666666 0.34049074074074076 0.03079166666666661 0.058592592592592564
0 0.5688489583333334 0.5282129629629629 0.025223958333333248 0.06380555555555563
0 0.3278802083333333 0.5091111111111112 0.023770833333333387 0.06223148148148151
0 0.2653802083333333 0.4800370370370371 0.03521874999999997 0.06087037037037038
0 0.6850572916666666 0.6688333333333334 0.03359895833333345 0.039092592592592616
0 0.3286145833333334 0.11750925925925926 0.027328125000000016 0.06439814814814816
0 0.7368177083333334 0.676212962962963 0.028807291666666637 0.05686111111111119
0 0.241453125 0.3077222222222222 0.03555208333333333 0.05270370370370366
0 0.9311510416666666 0.4539907407407408 0.021286458333333275 0.06439814814814816
0 0.7724635416666668 0.5781296296296297 0.021651041666666752 0.0669999999999999
0 0.7709947916666666 0.37695370370370374 0.03283854166666676 0.03813888888888894
0 0.52734375 0.11664814814814815 0.02865624999999999 0.06293518518518518
0 0.4809583333333334 0.7834166666666667 0.03353645833333339 0.05026851851851848
0 0.4338385416666667 0.4956574074074074 0.026000000000000037 0.06662037037037041
0 0.4191875 0.04204629629629629 0.021453125000000028 0.06369444444444447
0 0.5356458333333334 0.42339814814814813 0.021864583333333344 0.06684259259259265
0 0.6396510416666668 0.11165740740740741 0.020645833333333266 0.05718518518518518
0 0.3083489583333333 0.37587037037037035 0.03677604166666661 0.05199999999999997
0 0.1224375 0.4513888888888889 0.03454687499999999 0.06500000000000004
0 0.7431666666666668 0.53125 0.035218749999999945 0.033092592592592604
0 0.7651354166666666 0.6540833333333333 0.028932291666666762 0.05674999999999997
0 0.6040052083333334 0.07426851851851851 0.026854166666666637 0.058916666666666666
0 0.7221666666666666 0.6549444444444444 0.024140624999999954 0.06152777777777782
0 0.6362291666666666 0.24262037037037035 0.01953125 0.06836111111111112
0 0.876953125 0.6393240740740741 0.029416666666666678 0.055361111111111076
0 0.9209010416666668 0.6419259259259259 0.021406249999999953 0.06477777777777781
0 0.31152604166666664 0.4364166666666667 0.03720312500000003 0.057509259259259274
0 0.19347916666666667 0.3593796296296296 0.02084374999999999 0.06684259259259265
0 0.3264166666666667 0.18674074074074073 0.018614583333333337 0.062009259259259285
0 0.8154322916666668 0.4160185185185185 0.032041666666666656 0.05433333333333329
0 0.6904322916666668 0.40755555555555556 0.03192187499999998 0.04571296296296297
0 0.5751979166666668 0.1701388888888889 0.023604166666666752 0.05962037037037036
0 0.7802760416666668 0.4895833333333333 0.023286458333333353 0.06462037037037034
0 0.7275416666666668 0.37174074074074076 0.022369791666666573 0.06342592592592593
0 0.9018541666666666 0.6532129629629629 0.023375000000000055 0.060277777777777694
0 0.5913072916666666 0.21972222222222224 0.022322916666666734 0.06635185185185183
0 0.7470729166666668 0.724824074074074 0.03649999999999996 0.04123148148148146
0 0.6850572916666666 0.5264722222222222 0.017640624999999945 0.06401851851851861
0 0.1682135416666667 0.4338148148148148 0.03555208333333333 0.05674999999999997
0 0.337890625 0.676212962962963 0.024567708333333372 0.06624074074074071
0 0.3715833333333334 0.16275925925925927 0.02897395833333339 0.06179629629629631
0 0.3464375 0.111 0.02897395833333339 0.05772222222222224
0 0.564453125 0.818138888888889 0.03573437500000007 0.05191666666666661
0 0.7270520833333334 0.1618888888888889 0.020093749999999962 0.06798148148148149
0 0.3806145833333333 0.21636111111111112 0.03689583333333329 0.04400000000000001
0 0.42090104166666664 0.11837962962962963 0.023911458333333375 0.06775925925925927
0 0.7924791666666666 0.6141481481481481 0.018125000000000096 0.06320370370370369
0 0.94140625 0.7096388888888888 0.022843750000000065 0.06982407407407415
0 0.8564479166666668 0.6341111111111112 0.021333333333333353 0.06477777777777781
0 0.5068385416666666 0.4414074074074074 0.023817708333333344 0.06152777777777782
0 0.3942864583333333 0.5004351851851853 0.03533854166666662 0.03412962962962954
0 0.8803697916666666 0.4409722222222222 0.03567708333333333 0.03805555555555558
0 0.84375 0.6731759259259259 0.018770833333333313 0.06684259259259265
0 0.6079114583333334 0.8654537037037038 0.03366145833333339 0.048398148148148135
0 0.33105729166666664 0.5473055555555556 0.03143229166666662 0.044675925925925924
0 0.2580572916666667 0.7196203703703704 0.03353645833333336 0.05620370370370375
0 0.9243177083333334 0.3849814814814815 0.027588541666666563 0.06168518518518519
0 0.5053697916666666 0.823787037037037 0.031796874999999974 0.05610185185185178
0 0.5620104166666666 0.2164722222222222 0.03607291666666678 0.038657407407407404
0 0.7133802083333334 0.761287037037037 0.019057291666666743 0.06390740740740739
0 0.6928697916666666 0.24783333333333335 0.026260416666666706 0.059027777777777776
0 0.4018541666666666 0.6731759259259259 0.019166666666666644 0.06575925925925924
0 0.6689479166666668 0.2569444444444444 0.03185937500000004 0.056749999999999995
0 0.5146510416666666 0.5789907407407406 0.019500000000000028 0.061685185185185086
0 0.6059583333333334 0.19064814814814815 0.03460937499999991 0.048314814814814824
0 0.37793229166666664 0.1212037037037037 0.01953125 0.06559259259259258
0 0.3107916666666667 0.6875 0.02517708333333329 0.0651018518518518
0 0.4865729166666667 0.7378518518518519 0.03683333333333335 0.035805555555555625
0 0.6752916666666666 0.4309907407407408 0.03616145833333325 0.04877777777777773
0 0.6489270833333334 0.0725925925925926 0.03167708333333342 0.05026851851851851
0 0.34253125 0.06060185185185185 0.01864583333333331 0.06109259259259258
0 0.6625989583333334 0.6441018518518519 0.018906250000000093 0.07139814814814806
0 0.7485364583333334 0.21744444444444444 0.018187500000000037 0.0683611111111111
0 0.841796875 0.09147222222222222 0.032411458333333344 0.05826851851851851
0 0.7294947916666668 0.2608518518518519 0.027265624999999953 0.059842592592592586
0 0.6440416666666666 0.42144444444444445 0.016843750000000077 0.06439814814814811
0 0.09668229166666667 0.3263888888888889 0.02958854166666667 0.06635185185185183
0 0.5029322916666666 0.6436666666666666 0.017244791666666613 0.06851851851851852
0 0.36328125 0.06049074074074074 0.023026041666666684 0.05772222222222222
0 0.3984375 0.17339814814814816 0.034182291666666725 0.04038888888888889
0 0.822265625 0.8003518518518519 0.03353645833333327 0.053712962962962955
0 0.448 0.7113703703703703 0.017104166666666625 0.06282407407407399
0 0.8911145833333334 0.36957407407407405 0.03942708333333324 0.03954629629629633
0 0.08959895833333334 0.3934444444444445 0.0313125 0.06168518518518519
0 0.6791979166666666 0.056861111111111105 0.03359895833333345 0.04893518518518518
0 0.921875 0.7686666666666666 0.03161458333333324 0.05083333333333342
0 0.4455572916666667 0.1576574074074074 0.032656250000000026 0.049805555555555575
0 0.8291041666666668 0.7256944444444444 0.020598958333333427 0.06787037037037033
0 0.7529322916666668 0.6063333333333334 0.020093749999999962 0.06130555555555559
0 0.9814479166666668 0.7282962962962962 0.034364583333333344 0.03976851851851856
0 0.9799791666666666 0.6302129629629629 0.03628645833333337 0.055666666666666566
0 0.04376041666666666 0.849824074074074 0.020765625000000003 0.0669999999999999
0 0.9204114583333334 0.22243518518518518 0.020796874999999916 0.06624074074074075
0 0.515625 0.4108055555555556 0.023072916666666644 0.06450925925925922
0 0.21972916666666667 0.4496574074074074 0.03384375000000001 0.04250925925925923
0 0.23864583333333333 0.6219629629629629 0.02833333333333332 0.061685185185185086
0 0.833984375 0.6015648148148148 0.024046875000000037 0.06223148148148151
0 0.744140625 0.7951388888888888 0.03167708333333342 0.04950925925925929
0 0.25390625 0.648 0.025041666666666688 0.06944444444444445
0 0.7353541666666668 0.5924444444444444 0.04092187500000009 0.04578703703703708
0 0.06646875000000001 0.3986574074074074 0.021619791666666662 0.07112962962962968
0 0.5224635416666666 0.7899351851851851 0.03527604166666662 0.04047222222222226
0 0.34082291666666664 0.7348055555555556 0.020723958333333313 0.06879629629629626
0 0.7856458333333334 0.16503703703703704 0.03927604166666659 0.0389537037037037
0 0.814453125 0.09510185185185185 0.03573437500000007 0.04774074074074076
0 0.491453125 0.15592592592592594 0.021333333333333353 0.07031481481481482
0 0.79296875 0.12521296296296294 0.03643750000000002 0.04139814814814814
0 0.76171875 0.26823148148148146 0.031369791666666674 0.044842592592592545
0 0.7646510416666668 0.04204629629629629 0.03049999999999997 0.05514814814814815
0 0.7802760416666668 0.23480555555555555 0.04068229166666673 0.04562962962962966
0 0.9870364583333333 0.5234351851851852 0.025927083333333437 0.05555555555555555
0 0.49902604166666664 0.86675 0.032468749999999956 0.05815740740740736
0 0.9830729166666666 0.29444444444444445 0.033854166666666664 0.040740740740740744
0 0.16064583333333332 0.8975740740740741 0.029312499999999984 0.04988888888888899
0 0.822265625 0.049694444444444444 0.029312500000000106 0.050564814814814805
0 0.4526354166666666 0.602 0.039427083333333356 0.04085185185185175
0 0.425046875 0.6966111111111112 0.01658854166666662 0.0651018518518518
0 0.06609895833333333 0.3031666666666667 0.025223958333333338 0.06749074074074073
0 0.393796875 0.02424074074074074 0.03634895833333331 0.04685185185185186
0 0.04016145833333333 0.7408888888888888 0.03527604166666666 0.05674999999999997
0 0.681640625 0.10449074074074073 0.03634895833333331 0.03775925925925927
0 0.8447291666666668 0.23785185185185184 0.02780208333333339 0.06813888888888892
0 0.24963541666666667 0.7712685185185185 0.033265625 0.05620370370370375
0 0.160890625 0.769962962962963 0.03994791666666669 0.03954629629629633
0 0.4741197916666666 0.6653611111111112 0.03216666666666666 0.059027777777777776
0 0.8232447916666668 0.6436666666666666 0.022416666666666647 0.05576851851851854
0 0.9848645833333334 0.8216111111111112 0.024520833333333294 0.06369444444444441
0 0.47949479166666664 0.8728333333333333 0.03234895833333328 0.04961111111111104
0 0.063234375 0.4843796296296296 0.026552083333333334 0.06889814814814817
0 0.35034375 0.6354166666666666 0.030442708333333356 0.0481203703703704
0 0.49096875 0.6822962962962963 0.018828125000000046 0.06119444444444437
0 0.96875 0.20725000000000002 0.03259374999999996 0.052898148148148146
0 0.708984375 0.08701851851851852 0.03759895833333336 0.036972222222222226
0 0.375734375 0.8967037037037038 0.023999999999999962 0.06635185185185193
0 0.014177083333333333 0.5785555555555556 0.027526041666666664 0.06352777777777768
0 0.9716822916666668 0.42512962962962964 0.032041666666666656 0.055361111111111076
0 0.156859375 0.5342870370370371 0.030958333333333303 0.07085185185185183
0 0.8989270833333334 0.33073148148148146 0.039854166666666656 0.03643518518518521
0 0.028546875000000003 0.7834166666666667 0.02224479166666667 0.06775925925925932
0 0.19763020833333333 0.09673148148148147 0.03839062500000002 0.049314814814814804
0 0.48144791666666664 0.024712962962962968 0.03469791666666673 0.044083333333333335
0 0.8657239583333334 0.34114814814814814 0.03607291666666678 0.03684259259259256
0 0.02773958333333333 0.3101111111111111 0.023817708333333337 0.06152777777777782
0 0.6391614583333334 0.8585092592592594 0.018369791666666656 0.06836111111111104
0 0.806640625 0.04006481481481482 0.03004687500000003 0.05587962962962964
0 0.8603541666666668 0.03347222222222222 0.018796875000000077 0.06450925925925927
0 0.4672864583333334 0.9097222222222222 0.03533854166666662 0.041018518518518475
0 0.8452135416666666 0.7465277777777778 0.03555208333333345 0.03784259259259249
0 0.08050520833333333 0.5134537037037037 0.039854166666666656 0.041398148148148184
0 0.6591822916666668 0.8897592592592594 0.019864583333333265 0.06613888888888894
0 0.7915052083333334 0.025203703703703704 0.03216666666666678 0.04950925925925926
0 0.6049791666666666 0.022444444444444447 0.03656249999999991 0.035805555555555556
0 0.8759791666666668 0.30642592592592593 0.02442708333333338 0.04877777777777773
0 0.853515625 0.8407129629629629 0.03628645833333337 0.04291666666666658
0 0.097046875 0.8732685185185185 0.029921874999999994 0.057620370370370384
0 0.84375 0.8941018518518519 0.03732291666666659 0.039472222222222325
0 0.338625 0.3982222222222222 0.030854166666666672 0.03559259259259254
0 0.8129895833333334 0.8802129629629629 0.025510416666666678 0.06060185185185189
0 0.31152604166666664 0.9279537037037038 0.021651041666666634 0.06428703703703699
0 0.5815416666666666 0.9114629629629629 0.02854687499999997 0.05462962962962963
0 0.93359375 0.8567685185185184 0.022463541666666722 0.06223148148148151
0 0.7036145833333334 0.016962962962962964 0.030380208333333294 0.03392592592592593
0 0.9887708333333334 0.4440092592592592 0.021406249999999953 0.05783333333333337
0 0.133421875 0.8420185185185185 0.030500000000000017 0.06673148148148142
0 0.2135 0.036787037037037035 0.0405260416666667 0.039629629629629626
0 0.3891614583333334 0.9409722222222222 0.023770833333333387 0.06597222222222222
0 0.08386458333333334 0.8611111111111112 0.02263020833333333 0.05826851851851858
0 0.19763020833333333 0.9583333333333334 0.03494270833333335 0.0411481481481482
0 0.4606927083333333 0.6432314814814816 0.0316770833333333 0.031740740740740715
0 0.23156770833333334 0.8242222222222222 0.037046875 0.059027777777777776
0 0.422609375 0.9548611111111112 0.03295833333333332 0.059518518518518596
0 0.15124479166666666 0.05056481481481481 0.031020833333333307 0.03296296296296296
0 0.3239739583333333 0.7282962962962962 0.024843750000000022 0.03878703703703713
0 0.986328125 0.25563888888888886 0.027328124999999894 0.035398148148148165
0 0.958984375 0.8741296296296296 0.037901041666666656 0.04774074074074069
0 0.39965625 0.40473148148148147 0.016984374999999947 0.03290740740740737
0 0.9375 0.9218796296296297 0.03955208333333336 0.03878703703703713
0 0.7119166666666668 0.9375 0.023770833333333265 0.06575925925925924
0 0.28784375 0.6740462962962963 0.025328125000000055 0.04598148148148156
0 0.5795885416666666 0.7296018518518519 0.025953124999999962 0.03113888888888899
0 0.9609375 0.9548611111111112 0.037901041666666656 0.04578703703703697
0 0.8188489583333334 0.9279537037037038 0.03768750000000007 0.03458333333333325
0 0.890625 0.9453148148148148 0.022718749999999944 0.06342592592592593
0 0.009635416666666667 0.9531296296296298 0.019166666666666665 0.07411111111111107
0 0.693359375 0.6024351851851851 0.022843750000000065 0.04291666666666658
0 0.5483385416666666 0.23827777777777776 0.015776041666666647 0.03222222222222221
0 0.03384375 0.2456574074074074 0.02465625 0.037759259259259235
0 0.8481458333333334 0.9418425925925926 0.03661979166666664 0.05112962962962955
0 0.5131822916666666 0.9791666666666666 0.03634895833333331 0.03452777777777775
0 0.09173437499999999 0.9826018518518519 0.028593749999999987 0.034787037037037186
0 0.65625 0.9305555555555556 0.0225833333333334 0.040611111111111126
0 0.13220312500000003 0.0847962962962963 0.019531250000000014 0.034722222222222224
0 0.775390625 0.9461851851851851 0.03634895833333331 0.04641666666666666
0 0.5984375 0.9763888888888889 0.035416666666666666 0.04722222222222222
0 0.7670885416666666 0.7686666666666666 0.018098958333333335 0.03019444444444435
0 0.5459010416666668 0.8823796296296297 0.021364583333333322 0.03285185185185187
0 0.568359375 0.3819444444444444 0.013124999999999906 0.022527777777777817
0 0.07922395833333334 0.6132777777777778 0.017776041666666666 0.027537037037037044
0 0.6806666666666668 0.9071203703703704 0.016921874999999885 0.03387962962962955
0 0.6811510416666666 0.9791666666666666 0.037109375 0.039388888888888855
0 0.46530208333333334 0.9774351851851852 0.022463541666666722 0.022351851851851734
0 0.5395520833333334 0.9782962962962962 0.018874999999999944 0.021027777777777812
0 0.06878645833333333 0.9635462962962964 0.026963541666666663 0.016101851851851735
0 0.008916666666666668 0.8710925925925925 0.017302083333333333 0.04912962962962958
0 0.006510416666666667 0.7870370370370371 0.013020833333333334 0.044444444444444446
0 0.13561979166666666 0.059027777777777776 0.02079687499999999 0.03559259259259259
0 0.97878125 0.8715277777777778 0.020562500000000008 0.06673148148148142
0 0.7501145833333334 0.06675925925925925 0.035453125000000085 0.04694444444444444
0 0.7591145833333334 0.010648148148148148 0.0234375 0.021296296296296296
0 0.6438229166666667 0.1703148148148148 0.022494791666666694 0.06247222222222225
0 0.6837968750000001 0.14723148148148146 0.04156250000000009 0.027833333333333335
0 0.7095208333333333 0.1419814814814815 0.023885416666666732 0.06306481481481482
0 0.6709375000000001 0.19442592592592592 0.032526041666666575 0.04647222222222222
0 0.7107604166666667 0.19875 0.030338541666666666 0.03958333333333333
0 0.6679322916666667 0.12450000000000001 0.03605208333333323 0.03092592592592592
0 0.9961666666666668 0.17742592592592593 0.007661458333333353 0.02660185185185187
0 0.6132083333333332 0.2566481481481482 0.019760416666666693 0.0713148148148148
0 0.709984375 0.2637222222222222 0.019656249999999886 0.06634259259259258