0 0.638802 0.425000 0.031771 0.051852
0 0.719010 0.432407 0.029687 0.059259
0 0.545052 0.426852 0.030729 0.053704
0 0.488802 0.437500 0.026562 0.056481
0 0.311198 0.484722 0.022396 0.063889
0 0.580990 0.200926 0.019271 0.066667
0 0.668229 0.444907 0.026042 0.056481
0 0.369792 0.356481 0.028125 0.068519
0 0.181250 0.390741 0.030208 0.059259
0 0.639323 0.318981 0.021354 0.065741
0 0.632552 0.631481 0.022396 0.062963
0 0.619792 0.566667 0.031250 0.055556
0 0.622917 0.808333 0.029167 0.061111
0 0.314844 0.616667 0.024479 0.066667
0 0.451302 0.428704 0.019271 0.070370
0 0.678385 0.678241 0.024479 0.063889
0 0.085156 0.309722 0.028646 0.065741
0 0.543229 0.071759 0.026042 0.058333
0 0.434896 0.382407 0.018750 0.072222
0 0.564583 0.270833 0.031250 0.041667
0 0.933854 0.438889 0.033333 0.053704
0 0.334896 0.520833 0.036458 0.034259
0 0.358854 0.208333 0.030208 0.062963
0 0.520312 0.269907 0.035417 0.036111
0 0.337760 0.352315 0.034896 0.049074
0 0.615885 0.695833 0.025521 0.063889
0 0.287500 0.553241 0.035417 0.041667
0 0.933333 0.382407 0.031250 0.055556
0 0.945052 0.498148 0.035937 0.050000
0 0.455208 0.352778 0.017708 0.068519
0 0.688802 0.178704 0.022396 0.064815
0 0.838281 0.665278 0.029687 0.052778
0 0.827344 0.542130 0.020313 0.063889
0 0.505990 0.455556 0.020313 0.062963
0 0.534896 0.738889 0.033333 0.053704
0 0.211198 0.461574 0.023438 0.065741
0 0.474740 0.702315 0.024479 0.063889
0 0.760938 0.081481 0.027083 0.064815
0 0.169531 0.681481 0.026562 0.066667
0 0.617448 0.185648 0.032813 0.050926
0 0.483073 0.596759 0.032813 0.056481
0 0.406771 0.772222 0.031250 0.062963
0 0.525000 0.626852 0.019792 0.066667
0 0.387500 0.318981 0.029167 0.054630
0 0.248958 0.385185 0.022917 0.062963
0 0.333333 0.806481 0.035417 0.062963
0 0.142187 0.375463 0.026042 0.063889
0 0.288542 0.373611 0.037500 0.047222
0 0.478125 0.185648 0.032292 0.062037
0 0.387760 0.694444 0.028646 0.064815
0 0.916667 0.577315 0.025000 0.062037
0 0.743750 0.720370 0.030208 0.057407
0 0.452083 0.660185 0.035417 0.044444
0 0.589583 0.355556 0.018750 0.070370
0 0.673958 0.835185 0.029167 0.055556
0 0.470833 0.403704 0.017708 0.064815
0 0.754687 0.239815 0.023958 0.070370
0 0.521094 0.216667 0.033854 0.040741
0 0.412240 0.237037 0.028646 0.059259
0 0.805990 0.206019 0.023438 0.065741
0 0.537240 0.184722 0.034896 0.047222
0 0.456250 0.243519 0.032292 0.051852
0 0.267969 0.515741 0.022396 0.068519
0 0.176823 0.467130 0.032813 0.054630
0 0.129948 0.124537 0.030729 0.060185
0 0.436458 0.578241 0.029167 0.060185
0 0.145573 0.453704 0.031771 0.062963
0 0.261719 0.588889 0.019271 0.072222
0 0.270052 0.425463 0.034896 0.050926
0 0.648958 0.810648 0.029167 0.058333
0 0.247135 0.730556 0.029687 0.068519
0 0.447396 0.709259 0.031250 0.053704
0 0.847917 0.456481 0.019792 0.061111
0 0.142187 0.584722 0.031250 0.067593
0 0.540104 0.542130 0.017708 0.063889
0 0.724219 0.117130 0.028646 0.065741
0 0.431250 0.762963 0.020833 0.061111
0 0.885938 0.192593 0.022917 0.064815
0 0.281510 0.456019 0.034896 0.056481
0 0.105469 0.339815 0.033854 0.053704
0 0.897135 0.650926 0.028646 0.059259
0 0.112760 0.292130 0.036979 0.060185
0 0.467969 0.763889 0.023438 0.066667
0 0.116927 0.445833 0.030729 0.063889
0 0.110677 0.850463 0.038021 0.054630
0 0.426302 0.625000 0.033854 0.046296
0 0.761458 0.523611 0.029167 0.049074
0 0.242708 0.258796 0.038542 0.047222
0 0.849479 0.381481 0.028125 0.059259
0 0.038542 0.559259 0.023958 0.070370
0 0.523177 0.115741 0.036979 0.042593
0 0.743750 0.048611 0.020833 0.065741
0 0.422656 0.532870 0.038021 0.049074
0 0.050000 0.235185 0.032292 0.061111
0 0.739583 0.168519 0.022917 0.062963
0 0.345833 0.710648 0.035417 0.049074
0 0.719010 0.603241 0.020313 0.065741
0 0.132031 0.645370 0.040104 0.057407
0 0.703906 0.649074 0.036979 0.046296
0 0.086979 0.427315 0.032292 0.065741
0 0.570833 0.506481 0.017708 0.064815
0 0.117448 0.204630 0.032813 0.062963
0 0.346354 0.747222 0.036458 0.040741
0 0.419531 0.703704 0.019271 0.064815
0 0.304948 0.412500 0.038021 0.037963
0 0.546094 0.366204 0.020313 0.065741
0 0.778646 0.836111 0.022917 0.061111
0 0.790104 0.600000 0.035417 0.044444
0 0.080469 0.185185 0.023438 0.072222
0 0.802604 0.675000 0.034375 0.040741
0 0.150260 0.112037 0.025521 0.070370
0 0.450781 0.277315 0.022396 0.060185
0 0.190885 0.749074 0.025521 0.070370
0 0.174219 0.774537 0.027604 0.062037
0 0.187240 0.862963 0.038021 0.051852
0 0.219792 0.810648 0.028125 0.067593
0 0.657031 0.225926 0.017188 0.061111
0 0.403125 0.169907 0.038542 0.039815
0 0.872135 0.608796 0.035937 0.043519
0 0.151302 0.201389 0.032813 0.056481
0 0.394531 0.273611 0.036979 0.037963
0 0.387240 0.829630 0.023438 0.070370
0 0.497917 0.391204 0.034375 0.062037
0 0.277344 0.176852 0.038021 0.038889
0 0.370833 0.493981 0.019792 0.069444
0 0.703385 0.525463 0.039062 0.034259
0 0.616146 0.037963 0.030208 0.053704
0 0.152865 0.502315 0.027604 0.067593
0 0.755990 0.570833 0.025521 0.045370
0 0.090104 0.828704 0.036458 0.059259
0 0.237240 0.439815 0.022396 0.075926
0 0.460677 0.148611 0.035937 0.049074
0 0.397656 0.104630 0.022396 0.068519
0 0.600260 0.125926 0.033854 0.050000
0 0.981250 0.513426 0.023958 0.067593
0 0.029948 0.674537 0.023438 0.071296
0 0.166927 0.283796 0.029687 0.063889
0 0.741406 0.348148 0.039062 0.040741
0 0.661458 0.177315 0.031250 0.043519
0 0.842187 0.713426 0.035417 0.039815
0 0.253646 0.212500 0.042708 0.041667
0 0.340104 0.162963 0.039583 0.048148
0 0.245312 0.307407 0.033333 0.055556
0 0.466406 0.514815 0.018229 0.059259
0 0.753125 0.806481 0.018750 0.066667
0 0.202083 0.253704 0.037500 0.044444
0 0.045052 0.155093 0.024479 0.073148
0 0.330208 0.448611 0.018750 0.069444
0 0.957292 0.779167 0.033333 0.034259
0 0.861198 0.809259 0.039062 0.046296
0 0.018490 0.562037 0.022396 0.066667
0 0.201823 0.218981 0.041146 0.034259
0 0.883594 0.543056 0.029687 0.034259
0 0.725781 0.037500 0.019271 0.065741
0 0.878646 0.458796 0.039583 0.037963
0 0.045573 0.477778 0.035937 0.062963
0 0.219531 0.289352 0.033854 0.041667
0 0.120313 0.763889 0.036458 0.064815
0 0.839063 0.047685 0.026042 0.060185
0 0.062760 0.712500 0.042188 0.041667
0 0.441146 0.050000 0.038542 0.037037
0 0.865625 0.046296 0.025000 0.061111
0 0.144531 0.792130 0.022396 0.062037
0 0.985938 0.302778 0.027083 0.051852
0 0.897656 0.305093 0.024479 0.067593
0 0.331250 0.037037 0.030208 0.061111
0 0.225781 0.870370 0.036979 0.035185
0 0.879948 0.374074 0.032813 0.055556
0 0.371354 0.646296 0.041667 0.048148
0 0.622917 0.125926 0.037500 0.053704
0 0.881510 0.696296 0.041146 0.037037
0 0.736719 0.777315 0.018229 0.063889
0 0.855208 0.104167 0.034375 0.058333
0 0.070312 0.571296 0.027083 0.075926
0 0.144271 0.170370 0.037500 0.046296
0 0.204427 0.604630 0.026562 0.064815
0 0.275781 0.753241 0.024479 0.071296
0 0.273698 0.082407 0.042188 0.035185
0 0.118490 0.506481 0.035937 0.044444
0 0.145833 0.259259 0.035417 0.064815
0 0.876563 0.233333 0.029167 0.062963
0 0.774219 0.150000 0.040104 0.037037
0 0.157292 0.874537 0.020833 0.056481
0 0.108333 0.593981 0.036458 0.052778
0 0.177083 0.544907 0.028125 0.062037
0 0.594271 0.085648 0.040625 0.041667
0 0.287500 0.030556 0.028125 0.059259
0 0.368229 0.064352 0.039583 0.039815
0 0.362760 0.821759 0.019271 0.067593
0 0.469271 0.099074 0.036458 0.048148
0 0.915885 0.708796 0.026562 0.063889
0 0.478125 0.032870 0.036458 0.045370
0 0.453646 0.547685 0.017708 0.056481
0 0.560937 0.022222 0.025000 0.042593
0 0.408594 0.813889 0.027604 0.053704
0 0.131250 0.715741 0.041667 0.040741
0 0.966927 0.067130 0.035937 0.041667
0 0.934375 0.306944 0.027083 0.056481
0 0.519271 0.502778 0.017708 0.046296
0 0.060417 0.673611 0.037500 0.043519
0 0.012240 0.457870 0.023438 0.063889
0 0.849219 0.332407 0.033854 0.040741
0 0.120313 0.805093 0.037500 0.047222
0 0.970833 0.267593 0.041667 0.048148
0 0.600781 0.574537 0.020313 0.056481
0 0.186979 0.304630 0.035417 0.053704
0 0.456510 0.624074 0.034896 0.044444
0 0.936198 0.219444 0.041146 0.044444
0 0.382292 0.027778 0.038542 0.040741
0 0.091927 0.887963 0.031771 0.055556
0 0.024479 0.101852 0.028125 0.066667
0 0.894271 0.132407 0.037500 0.057407
0 0.227083 0.052778 0.027083 0.038889
0 0.486198 0.892593 0.030729 0.059259
0 0.928385 0.664352 0.021354 0.041667
0 0.159896 0.919907 0.037500 0.056481
0 0.874219 0.319907 0.033854 0.054630
0 0.677604 0.297222 0.029167 0.038889
0 0.116406 0.390741 0.027604 0.042593
0 0.333333 0.907407 0.042708 0.035185
0 0.927865 0.029167 0.038021 0.036111
0 0.013542 0.360185 0.026042 0.044444
0 0.082292 0.044907 0.042708 0.045370
0 0.990104 0.368981 0.017708 0.062037
0 0.930990 0.162037 0.036979 0.057407
0 0.915625 0.091667 0.027083 0.042593
0 0.026823 0.045833 0.035937 0.050926
0 0.578906 0.956019 0.026562 0.067593
0 0.527344 0.946759 0.022396 0.063889
0 0.112760 0.922222 0.040104 0.031481
0 0.206510 0.021759 0.042188 0.041667
0 0.967708 0.118519 0.036458 0.046296
0 0.594531 0.964352 0.022396 0.063889
0 0.676042 0.015278 0.014583 0.028704
0 0.008854 0.764352 0.016667 0.049074
0 0.062760 0.957870 0.033854 0.060185
0 0.975260 0.146296 0.032813 0.055556
0 0.771875 0.026852 0.019792 0.035185
0 0.068750 0.013889 0.035417 0.025926
0 0.993490 0.842130 0.013021 0.062037
0 0.063021 0.920370 0.038542 0.042593
0 0.498698 0.975926 0.018229 0.042593
0 0.126042 0.969907 0.018750 0.049074
0 0.641406 0.939352 0.034896 0.037963
0 0.552344 0.917130 0.030729 0.039815
0 0.546094 0.976389 0.030729 0.047222
0 0.785937 0.921296 0.022917 0.062963
0 0.234115 0.979630 0.029687 0.025926
0 0.703646 0.763889 0.017708 0.027778
0 0.012240 0.840278 0.023438 0.076852
0 0.708594 0.969907 0.018229 0.043519
0 0.671354 0.974074 0.035417 0.048148
0 0.092969 0.498611 0.027604 0.080556
0 0.003646 0.221759 0.006250 0.039815
0 0.055990 0.622222 0.024479 0.064815
0 0.026042 0.616204 0.032292 0.049074
0 0.006771 0.601389 0.012500 0.049074
0 0.262500 0.981481 0.038542 0.033333
0 0.219792 0.402778 0.038542 0.035185
0 0.229948 0.360185 0.017188 0.059259
0 0.203646 0.365278 0.032292 0.049074
0 0.422135 0.221296 0.027604 0.074074
0 0.440625 0.185648 0.034375 0.067593
0 0.419271 0.091204 0.017708 0.043519
0 0.441667 0.101389 0.023958 0.075000
0 0.343750 0.068981 0.019792 0.056481
0 0.530990 0.050000 0.017188 0.048148
0 0.526823 0.025000 0.036979 0.040741
0 0.583073 0.053241 0.039062 0.037963
0 0.513281 0.374537 0.034896 0.071296
0 0.521615 0.339815 0.031771 0.051852
0 0.560156 0.091667 0.020313 0.031481
0 0.594531 0.012963 0.015104 0.024074
0 0.994271 0.150463 0.010417 0.032407
0 0.990365 0.209722 0.018229 0.026852
0 0.990625 0.235185 0.018750 0.022222
0 0.929167 0.243056 0.025000 0.067593
0 0.650521 0.300000 0.015625 0.055556
0 0.463802 0.454630 0.018229 0.038889
0 0.821875 0.975000 0.058333 0.046296
0 0.743490 0.975000 0.025521 0.018519
