0 0.536979 0.449074 0.025000 0.057407
0 0.579688 0.662963 0.028125 0.057407
0 0.550521 0.667130 0.026042 0.063889
0 0.469271 0.656944 0.027083 0.060185
0 0.392188 0.641204 0.031250 0.056481
0 0.327344 0.416204 0.030729 0.050926
0 0.550260 0.396759 0.023438 0.063889
0 0.161198 0.451852 0.030729 0.057407
0 0.262240 0.457870 0.027604 0.062037
0 0.303906 0.440741 0.038021 0.044444
0 0.584635 0.756944 0.026562 0.062037
0 0.498437 0.458333 0.035417 0.048148
0 0.469531 0.376852 0.023438 0.051852
0 0.716667 0.590741 0.029167 0.055556
0 0.573177 0.357870 0.019271 0.067593
0 0.199479 0.406481 0.028125 0.064815
0 0.341927 0.609259 0.022396 0.068519
0 0.420312 0.200926 0.030208 0.061111
0 0.437760 0.311574 0.036979 0.043519
0 0.492188 0.359259 0.037500 0.038889
0 0.496354 0.628241 0.020833 0.067593
0 0.136979 0.587037 0.023958 0.062963
0 0.256771 0.386111 0.036458 0.035185
0 0.185677 0.452778 0.028646 0.057407
0 0.475781 0.318056 0.031771 0.047222
0 0.098437 0.664352 0.025000 0.067593
0 0.364323 0.641204 0.025521 0.058333
0 0.202865 0.621296 0.036979 0.046296
0 0.397135 0.182407 0.034896 0.053704
0 0.208073 0.478241 0.036979 0.043519
0 0.266927 0.302315 0.036979 0.041667
0 0.353646 0.551389 0.031250 0.058333
0 0.354427 0.827778 0.027604 0.057407
0 0.803385 0.752315 0.026562 0.069444
0 0.298958 0.175000 0.029167 0.064815
0 0.174479 0.605556 0.019792 0.064815
0 0.272135 0.588889 0.019271 0.064815
0 0.479687 0.721296 0.037500 0.055556
0 0.177604 0.387037 0.021875 0.066667
0 0.248177 0.777315 0.033854 0.045370
0 0.673958 0.572222 0.021875 0.062963
0 0.772135 0.663889 0.034896 0.044444
0 0.733073 0.754630 0.022396 0.064815
0 0.649740 0.354630 0.025521 0.064815
0 0.884115 0.700000 0.036979 0.059259
0 0.933854 0.661574 0.027083 0.063889
0 0.833073 0.613889 0.022396 0.064815
0 0.194271 0.350000 0.031250 0.053704
0 0.513802 0.381944 0.035937 0.039815
0 0.296354 0.658333 0.039583 0.033333
0 0.540365 0.343981 0.035937 0.036111
0 0.907813 0.662037 0.031250 0.062963
0 0.194271 0.688889 0.035417 0.037037
0 0.068750 0.382870 0.042708 0.043519
0 0.700781 0.687037 0.035937 0.038889
0 0.266146 0.163889 0.020833 0.064815
0 0.235417 0.320370 0.036458 0.035185
0 0.621354 0.399074 0.021875 0.066667
0 0.322656 0.530093 0.033854 0.052778
0 0.407813 0.384259 0.017708 0.062963
0 0.407813 0.791667 0.040625 0.040741
0 0.177344 0.534722 0.021354 0.065741
0 0.675521 0.302315 0.034375 0.041667
0 0.092188 0.611111 0.042708 0.046296
0 0.874740 0.440278 0.024479 0.065741
0 0.302865 0.621759 0.036979 0.036111
0 0.841406 0.696759 0.026562 0.050926
0 0.671615 0.797685 0.035937 0.047222
0 0.591927 0.429630 0.034896 0.037037
0 0.207292 0.576389 0.041667 0.036111
0 0.532031 0.868056 0.038021 0.049074
0 0.096615 0.549074 0.027604 0.070370
0 0.273177 0.534722 0.040104 0.037963
0 0.229167 0.266204 0.035417 0.058333
0 0.508854 0.316204 0.034375 0.049074
0 0.186979 0.807407 0.034375 0.053704
0 0.483333 0.802315 0.037500 0.037963
0 0.643229 0.825463 0.021875 0.063889
0 0.650000 0.525000 0.027083 0.059259
0 0.450521 0.230093 0.036458 0.043519
0 0.226042 0.377315 0.019792 0.067593
0 0.594792 0.135648 0.022917 0.065741
0 0.304688 0.286574 0.040625 0.049074
0 0.569010 0.212500 0.031771 0.052778
0 0.155208 0.373611 0.025000 0.062037
0 0.836719 0.524537 0.024479 0.067593
0 0.668750 0.735185 0.035417 0.042593
0 0.529687 0.747685 0.021875 0.060185
0 0.879167 0.550463 0.028125 0.054630
0 0.423177 0.707870 0.024479 0.060185
0 0.426042 0.439815 0.027083 0.059259
0 0.400781 0.596759 0.027604 0.071296
0 0.050000 0.738426 0.033333 0.054630
0 0.630469 0.878704 0.036979 0.038889
0 0.858594 0.481944 0.032813 0.063889
0 0.690625 0.470370 0.022917 0.062963
0 0.419271 0.760648 0.033333 0.043519
0 0.791146 0.389352 0.033333 0.058333
0 0.477344 0.196759 0.019271 0.067593
0 0.915885 0.731481 0.035937 0.048148
0 0.769271 0.369444 0.032292 0.066667
0 0.873958 0.223148 0.036458 0.044444
0 0.218229 0.766204 0.030208 0.063889
0 0.119271 0.254167 0.023958 0.067593
0 0.692708 0.211111 0.036458 0.040741
0 0.308333 0.574074 0.041667 0.033333
0 0.719271 0.423611 0.038542 0.041667
0 0.054948 0.338426 0.043229 0.052778
0 0.633854 0.118981 0.033333 0.045370
0 0.053125 0.782407 0.028125 0.068519
0 0.555990 0.271296 0.020313 0.072222
0 0.258594 0.257870 0.038021 0.049074
0 0.845833 0.211111 0.035417 0.044444
0 0.622656 0.804167 0.026562 0.060185
0 0.778125 0.855093 0.038542 0.045370
0 0.899479 0.808796 0.020833 0.069444
0 0.952865 0.238889 0.021354 0.066667
0 0.684896 0.254167 0.038542 0.039815
0 0.844271 0.398611 0.032292 0.060185
0 0.026823 0.735648 0.033854 0.063889
0 0.964063 0.679630 0.032292 0.064815
0 0.427865 0.064815 0.024479 0.059259
0 0.285938 0.120833 0.039583 0.043519
0 0.852865 0.283796 0.022396 0.062037
0 0.829948 0.451389 0.023438 0.065741
0 0.035417 0.666204 0.025000 0.069444
0 0.529167 0.624537 0.019792 0.069444
0 0.600260 0.574074 0.023438 0.061111
0 0.448958 0.822685 0.038542 0.039815
0 0.261198 0.215741 0.024479 0.051852
0 0.138802 0.350000 0.027604 0.055556
0 0.159635 0.831019 0.039062 0.036111
0 0.724740 0.091667 0.022396 0.062963
0 0.447656 0.573148 0.020313 0.064815
0 0.018490 0.799074 0.034896 0.053704
0 0.400260 0.126852 0.038021 0.035185
0 0.453125 0.781944 0.036458 0.045370
0 0.710156 0.812963 0.036979 0.042593
0 0.930469 0.784259 0.038021 0.033333
0 0.970833 0.413889 0.037500 0.042593
0 0.703385 0.845370 0.043229 0.035185
0 0.367188 0.391204 0.020833 0.062037
0 0.377865 0.791667 0.018229 0.068519
0 0.891406 0.406481 0.023438 0.062963
0 0.259896 0.895833 0.037500 0.047222
0 0.136719 0.467593 0.029687 0.064815
0 0.678906 0.162963 0.036979 0.055556
0 0.232292 0.723611 0.040625 0.043519
0 0.659896 0.225926 0.017708 0.061111
0 0.814063 0.161574 0.023958 0.071296
0 0.225781 0.818056 0.022396 0.067593
0 0.923177 0.846759 0.035937 0.041667
0 0.054948 0.292130 0.029687 0.067593
0 0.148698 0.789352 0.040104 0.037963
0 0.925521 0.293519 0.036458 0.044444
0 0.014323 0.677315 0.024479 0.069444
0 0.440365 0.033333 0.032813 0.055556
0 0.080729 0.497222 0.020833 0.066667
0 0.470833 0.063426 0.017708 0.060185
0 0.898698 0.179630 0.036979 0.035185
0 0.324219 0.062037 0.039062 0.050000
0 0.242708 0.048148 0.020833 0.061111
0 0.759115 0.261574 0.038021 0.041667
0 0.809896 0.442593 0.030208 0.051852
0 0.300781 0.083333 0.020313 0.064815
0 0.549219 0.029630 0.022396 0.057407
0 0.387240 0.037037 0.034896 0.048148
0 0.850781 0.341667 0.032813 0.044444
0 0.832812 0.146759 0.018750 0.067593
0 0.081510 0.268981 0.033854 0.069444
0 0.700521 0.092130 0.021875 0.069444
0 0.242708 0.182407 0.026042 0.051852
0 0.022396 0.305093 0.036458 0.060185
0 0.643750 0.081481 0.033333 0.044444
0 0.981771 0.494907 0.034375 0.041667
0 0.867969 0.366204 0.043229 0.039815
0 0.121094 0.879630 0.026562 0.062963
0 0.039062 0.477315 0.045833 0.037963
0 0.930469 0.748148 0.034896 0.044444
0 0.445052 0.109722 0.032813 0.036111
0 0.628385 0.751389 0.033854 0.043519
0 0.584375 0.038889 0.038542 0.042593
0 0.894271 0.286111 0.037500 0.057407
0 0.092448 0.884722 0.031771 0.054630
0 0.803385 0.246759 0.029687 0.065741
0 0.816667 0.226389 0.033333 0.063889
0 0.930469 0.250926 0.022396 0.050000
0 0.665104 0.044907 0.022917 0.062037
0 0.279167 0.036111 0.025000 0.062963
0 0.909896 0.363426 0.037500 0.054630
0 0.946094 0.380556 0.039062 0.053704
0 0.100260 0.174074 0.024479 0.055556
0 0.987240 0.817593 0.024479 0.046296
0 0.192708 0.044907 0.036458 0.054630
0 0.197396 0.147685 0.036458 0.047222
0 0.196615 0.861111 0.036979 0.042593
0 0.941667 0.119444 0.028125 0.059259
0 0.951823 0.490278 0.029687 0.043519
0 0.150000 0.114352 0.025000 0.076852
0 0.242448 0.880556 0.032813 0.066667
0 0.923438 0.170370 0.035417 0.053704
0 0.934375 0.057407 0.028125 0.048148
0 0.573177 0.087037 0.023438 0.046296
0 0.764844 0.712037 0.022396 0.040741
0 0.944531 0.166204 0.021354 0.060185
0 0.625260 0.912963 0.035937 0.033333
0 0.721615 0.036111 0.019271 0.064815
0 0.196354 0.892593 0.040625 0.038889
0 0.259896 0.034259 0.020833 0.059259
0 0.746354 0.132407 0.032292 0.044444
0 0.274479 0.934259 0.034375 0.051852
0 0.988021 0.120370 0.021875 0.064815
0 0.400260 0.890278 0.034896 0.063889
0 0.748177 0.043981 0.024479 0.067593
0 0.510156 0.150926 0.021354 0.072222
0 0.809375 0.059722 0.034375 0.056481
0 0.010417 0.372222 0.019792 0.070370
0 0.747396 0.312963 0.036458 0.057407
0 0.439063 0.862500 0.037500 0.036111
0 0.978906 0.210648 0.032813 0.069444
0 0.020052 0.539815 0.039062 0.040741
0 0.971875 0.105556 0.041667 0.040741
0 0.156250 0.260648 0.036458 0.075000
0 0.342448 0.019444 0.029687 0.037037
0 0.049219 0.862037 0.027604 0.042593
0 0.964063 0.822222 0.023958 0.035185
0 0.972135 0.058333 0.025521 0.035185
0 0.423177 0.901389 0.030729 0.058333
0 0.089323 0.227315 0.043229 0.041667
0 0.653646 0.915278 0.028125 0.045370
0 0.079427 0.012963 0.038021 0.024074
0 0.045312 0.048148 0.028125 0.070370
0 0.518229 0.960648 0.023958 0.069444
0 0.578906 0.931944 0.033854 0.041667
0 0.058333 0.923148 0.041667 0.046296
0 0.025781 0.049074 0.028646 0.037037
0 0.008594 0.175463 0.016146 0.030556
0 0.903385 0.012037 0.025521 0.022222
0 0.228125 0.946759 0.039583 0.050926
0 0.118490 0.943056 0.043229 0.049074
0 0.658073 0.962963 0.028646 0.051852
0 0.485677 0.956944 0.025521 0.071296
0 0.089063 0.968056 0.027083 0.054630
0 0.014583 0.953241 0.028125 0.073148
0 0.445833 0.268981 0.045833 0.047222
0 0.483333 0.275000 0.032292 0.040741
0 0.512500 0.252778 0.041667 0.057407
0 0.528906 0.291204 0.038021 0.056481
0 0.540104 0.244907 0.022917 0.073148
0 0.345833 0.395833 0.019792 0.060185
0 0.468229 0.122685 0.021875 0.060185
0 0.488802 0.095370 0.021354 0.068519
0 0.505990 0.089815 0.036979 0.042593
0 0.492188 0.057407 0.040625 0.042593
0 0.485938 0.016204 0.039583 0.030556
0 0.517969 0.033796 0.039062 0.045370
0 0.540104 0.084259 0.034375 0.053704
0 0.541927 0.164352 0.029687 0.043519
0 0.517969 0.171296 0.017188 0.074074
0 0.559896 0.135648 0.046875 0.045370
0 0.573177 0.181944 0.033854 0.062037
0 0.561719 0.094907 0.021354 0.026852
0 0.596615 0.317593 0.022396 0.072222
0 0.620052 0.297222 0.045312 0.044444
0 0.613542 0.250000 0.017708 0.046296
0 0.854167 0.089352 0.018750 0.063889
0 0.875781 0.061111 0.028646 0.029630
0 0.991927 0.600926 0.016146 0.055556
0 0.996615 0.539815 0.006771 0.031481
0 0.441406 0.712963 0.026562 0.057407
0 0.439063 0.761111 0.026042 0.044444
0 0.622656 0.977778 0.024479 0.025926
0 0.330990 0.980556 0.025521 0.029630
0 0.451302 0.975926 0.028646 0.027778
0 0.775000 0.977778 0.039583 0.044444
0 0.918229 0.966667 0.040625 0.048148
0 0.047656 0.966667 0.024479 0.053704
0 0.134115 0.981019 0.026562 0.037963
0 0.130208 0.527315 0.044792 0.043519
0 0.130729 0.490741 0.048958 0.029630
0 0.010156 0.868056 0.019271 0.041667
0 0.993229 0.322685 0.013542 0.043519
0 0.992188 0.919444 0.015625 0.046296
0 0.992188 0.919444 0.015625 0.046296
0 0.984115 0.979630 0.031771 0.033333
0 0.498958 0.168056 0.016667 0.067593
