0 0.328385 0.430093 0.027604 0.062037
0 0.419792 0.562963 0.030208 0.046296
0 0.175521 0.545833 0.025000 0.060185
0 0.285677 0.531944 0.027604 0.058333
0 0.271615 0.604630 0.031771 0.055556
0 0.451823 0.634722 0.033854 0.050926
0 0.403906 0.451389 0.026562 0.052778
0 0.601302 0.708796 0.028646 0.063889
0 0.432812 0.703241 0.022917 0.060185
0 0.297917 0.631481 0.031250 0.062963
0 0.263281 0.694907 0.028646 0.063889
0 0.313542 0.750463 0.031250 0.058333
0 0.280990 0.306019 0.020313 0.067593
0 0.402865 0.389352 0.032813 0.045370
0 0.363542 0.346759 0.026042 0.056481
0 0.283854 0.820370 0.029167 0.057407
0 0.207552 0.508796 0.020313 0.065741
0 0.210417 0.717130 0.031250 0.058333
0 0.509635 0.738889 0.025521 0.053704
0 0.211979 0.359722 0.018750 0.062037
0 0.584375 0.491204 0.021875 0.062037
0 0.457292 0.200000 0.020833 0.062963
0 0.136198 0.583796 0.021354 0.065741
0 0.633073 0.648148 0.032813 0.044444
0 0.440625 0.497685 0.022917 0.063889
0 0.253906 0.093519 0.021354 0.061111
0 0.421615 0.779167 0.030729 0.060185
0 0.130729 0.731481 0.028125 0.064815
0 0.164323 0.384722 0.026562 0.060185
0 0.166927 0.440741 0.026562 0.057407
0 0.572917 0.678704 0.030208 0.059259
0 0.353646 0.701389 0.036458 0.037963
0 0.323698 0.559722 0.032813 0.052778
0 0.300521 0.191204 0.030208 0.062037
0 0.436458 0.176852 0.025000 0.066667
0 0.528385 0.622685 0.017188 0.067593
0 0.452344 0.811574 0.032813 0.054630
0 0.182031 0.468519 0.028646 0.053704
0 0.359115 0.156481 0.027604 0.064815
0 0.493490 0.600926 0.027604 0.057407
0 0.327083 0.242130 0.031250 0.054630
0 0.100781 0.501852 0.027604 0.066667
0 0.509896 0.806019 0.019792 0.063889
0 0.204167 0.424537 0.030208 0.060185
0 0.440365 0.138889 0.027604 0.061111
0 0.254688 0.163889 0.026042 0.066667
0 0.233073 0.131481 0.025521 0.070370
0 0.252604 0.568519 0.021875 0.064815
0 0.447917 0.570833 0.018750 0.063889
0 0.334375 0.518519 0.036458 0.048148
0 0.649219 0.353241 0.024479 0.063889
0 0.410417 0.723148 0.018750 0.062963
0 0.251302 0.839815 0.038021 0.053704
0 0.436198 0.353704 0.029687 0.053704
0 0.611719 0.194907 0.026562 0.056481
0 0.324219 0.194444 0.027604 0.061111
0 0.201042 0.815278 0.033333 0.052778
0 0.521354 0.492593 0.028125 0.062963
0 0.139844 0.515278 0.025521 0.052778
0 0.159115 0.834259 0.034896 0.048148
0 0.259115 0.512037 0.038021 0.033333
0 0.196875 0.631944 0.040625 0.032407
0 0.526042 0.708796 0.028125 0.054630
0 0.671094 0.561574 0.027604 0.060185
0 0.291406 0.398148 0.023438 0.064815
0 0.380469 0.113426 0.031771 0.052778
0 0.370833 0.311111 0.036458 0.044444
0 0.492708 0.676852 0.018750 0.066667
0 0.646875 0.188889 0.020833 0.061111
0 0.552344 0.494907 0.018229 0.060185
0 0.566927 0.434259 0.029687 0.053704
0 0.134635 0.664815 0.042188 0.038889
0 0.594531 0.373148 0.027604 0.057407
0 0.109375 0.434259 0.030208 0.059259
0 0.329167 0.635648 0.026042 0.065741
0 0.157552 0.618519 0.023438 0.066667
0 0.609115 0.118519 0.020313 0.066667
0 0.221094 0.591204 0.036979 0.030556
0 0.566927 0.546759 0.017188 0.063889
0 0.367188 0.256481 0.035417 0.044444
0 0.311979 0.583796 0.035417 0.039815
0 0.640885 0.773148 0.022396 0.062963
0 0.305469 0.710185 0.041146 0.037037
0 0.600781 0.570833 0.022396 0.052778
0 0.522656 0.077778 0.027604 0.053704
0 0.148438 0.116667 0.023958 0.072222
0 0.613021 0.250000 0.018750 0.057407
0 0.077604 0.502778 0.026042 0.066667
0 0.519792 0.308796 0.021875 0.060185
0 0.311979 0.349537 0.021875 0.069444
0 0.402865 0.287963 0.034896 0.044444
0 0.136719 0.461111 0.030729 0.057407
0 0.066406 0.397685 0.027604 0.060185
0 0.471354 0.793056 0.034375 0.045370
0 0.364063 0.208796 0.036458 0.047222
0 0.165625 0.768519 0.037500 0.057407
0 0.497917 0.344907 0.018750 0.063889
0 0.258073 0.257407 0.036979 0.038889
0 0.662500 0.491667 0.019792 0.062963
0 0.732812 0.554630 0.019792 0.059259
0 0.601562 0.622685 0.030208 0.034259
0 0.550000 0.076389 0.031250 0.056481
0 0.510938 0.652315 0.018750 0.063889
0 0.676823 0.075000 0.025521 0.061111
0 0.690885 0.264815 0.023438 0.064815
0 0.327083 0.065741 0.031250 0.053704
0 0.775781 0.530093 0.028646 0.052778
0 0.065885 0.181944 0.029687 0.069444
0 0.098698 0.187963 0.032813 0.062963
0 0.481510 0.284722 0.032813 0.054630
0 0.141146 0.399074 0.038542 0.035185
0 0.418750 0.048148 0.020833 0.068519
0 0.710677 0.741667 0.031771 0.038889
0 0.662500 0.749074 0.021875 0.055556
0 0.269271 0.048148 0.023958 0.072222
0 0.651563 0.819444 0.022917 0.070370
0 0.303125 0.858333 0.023958 0.068519
0 0.409375 0.250000 0.038542 0.037037
0 0.407552 0.325000 0.018229 0.059259
0 0.523177 0.573611 0.038021 0.032407
0 0.624219 0.373148 0.020313 0.057407
0 0.222917 0.312963 0.041667 0.033333
0 0.237500 0.387963 0.035417 0.035185
0 0.547396 0.364815 0.028125 0.055556
0 0.288542 0.114815 0.039583 0.057407
0 0.616406 0.320833 0.038021 0.039815
0 0.081510 0.606481 0.026562 0.070370
0 0.084635 0.094907 0.035937 0.052778
0 0.530469 0.382407 0.033854 0.035185
0 0.546615 0.294907 0.033854 0.045370
0 0.661458 0.226389 0.018750 0.060185
0 0.903646 0.553241 0.031250 0.050926
0 0.716146 0.193981 0.031250 0.056481
0 0.701042 0.083333 0.019792 0.066667
0 0.371354 0.066667 0.034375 0.055556
0 0.090885 0.414815 0.025521 0.061111
0 0.755990 0.335648 0.035937 0.041667
0 0.036719 0.664352 0.026562 0.067593
0 0.938281 0.645833 0.029687 0.065741
0 0.970052 0.723148 0.029687 0.062963
0 0.163802 0.721296 0.040104 0.040741
0 0.495312 0.058333 0.034375 0.042593
0 0.144531 0.237500 0.033854 0.047222
0 0.254948 0.369907 0.036979 0.037963
0 0.367188 0.568981 0.027083 0.032407
0 0.808854 0.687963 0.032292 0.048148
0 0.679427 0.729167 0.025521 0.060185
0 0.732552 0.113889 0.025521 0.064815
0 0.106771 0.851852 0.041667 0.055556
0 0.903646 0.432407 0.018750 0.055556
0 0.706250 0.132407 0.027083 0.061111
0 0.185417 0.686574 0.035417 0.056481
0 0.068750 0.344444 0.037500 0.046296
0 0.444531 0.752778 0.023438 0.048148
0 0.959635 0.353241 0.022396 0.067593
0 0.347396 0.394444 0.021875 0.057407
0 0.603906 0.860648 0.021354 0.071296
0 0.061719 0.112037 0.034896 0.055556
0 0.386979 0.036574 0.036458 0.036111
0 0.916667 0.653704 0.019792 0.064815
0 0.180729 0.790741 0.042708 0.044444
0 0.900260 0.628704 0.020313 0.070370
0 0.773698 0.250000 0.029687 0.062963
0 0.891406 0.835648 0.031771 0.058333
0 0.946354 0.748148 0.023958 0.055556
0 0.523177 0.027778 0.036979 0.035185
0 0.859896 0.480556 0.032292 0.053704
0 0.837760 0.585185 0.038021 0.037037
0 0.848437 0.530556 0.037500 0.048148
0 0.848698 0.339815 0.029687 0.042593
0 0.124219 0.058333 0.036979 0.038889
0 0.112240 0.789815 0.046354 0.035185
0 0.940625 0.332870 0.032292 0.060185
0 0.020052 0.844907 0.033854 0.041667
0 0.883594 0.700463 0.038021 0.054630
0 0.874740 0.403241 0.040104 0.045370
0 0.721354 0.447685 0.039583 0.034259
0 0.122396 0.146296 0.032292 0.062963
0 0.827865 0.147222 0.022396 0.061111
0 0.120573 0.107870 0.034896 0.060185
0 0.040104 0.725000 0.041667 0.051852
0 0.725781 0.028704 0.023438 0.055556
0 0.186719 0.033796 0.027604 0.065741
0 0.182552 0.905093 0.031771 0.062037
0 0.941146 0.288426 0.035417 0.047222
0 0.952865 0.233333 0.023438 0.064815
0 0.770573 0.194444 0.036979 0.038889
0 0.050000 0.851389 0.036458 0.060185
0 0.623177 0.743981 0.021354 0.065741
0 0.879167 0.210648 0.021875 0.063889
0 0.708333 0.429167 0.021875 0.058333
0 0.917708 0.740278 0.037500 0.034259
0 0.880990 0.321759 0.032813 0.045370
0 0.865104 0.437963 0.033333 0.046296
0 0.971875 0.468056 0.031250 0.043519
0 0.795573 0.172222 0.034896 0.038889
0 0.746615 0.133333 0.025521 0.044444
0 0.488281 0.852778 0.031771 0.066667
0 0.013542 0.471296 0.026042 0.068519
0 0.903646 0.287963 0.030208 0.059259
0 0.027604 0.615741 0.038542 0.042593
0 0.988802 0.819444 0.021354 0.042593
0 0.986719 0.437037 0.025521 0.035185
0 0.437500 0.018519 0.037500 0.035185
0 0.870313 0.799074 0.026042 0.059259
0 0.974219 0.516204 0.022396 0.058333
0 0.913802 0.228704 0.027604 0.062963
0 0.940625 0.471296 0.039583 0.057407
0 0.898177 0.897685 0.030729 0.047222
0 0.902083 0.163426 0.027083 0.062037
0 0.454688 0.872685 0.038542 0.050926
0 0.921615 0.089815 0.031771 0.053704
0 0.032552 0.750000 0.029687 0.064815
0 0.944531 0.137500 0.029687 0.041667
0 0.027083 0.045833 0.036458 0.036111
0 0.867448 0.365741 0.039062 0.037037
0 0.840104 0.414815 0.018750 0.055556
0 0.880729 0.122222 0.023958 0.061111
0 0.748177 0.043056 0.020313 0.067593
0 0.842448 0.198611 0.039062 0.043519
0 0.044531 0.070833 0.038021 0.050926
0 0.988542 0.238426 0.021875 0.047222
0 0.920052 0.376389 0.029687 0.060185
0 0.469271 0.015741 0.026042 0.029630
0 0.521354 0.921296 0.021875 0.059259
0 0.796615 0.747685 0.027604 0.028704
0 0.849219 0.079167 0.026562 0.062037
0 0.929688 0.180556 0.027083 0.059259
0 0.768229 0.056481 0.033333 0.053704
0 0.012240 0.759722 0.023438 0.045370
0 0.969010 0.105093 0.038021 0.045370
0 0.967969 0.054167 0.034896 0.045370
0 0.485156 0.906944 0.018229 0.069444
0 0.415625 0.849537 0.036458 0.071296
0 0.083854 0.012037 0.034375 0.022222
0 0.153646 0.886574 0.041667 0.047222
0 0.810156 0.242593 0.034896 0.064815
0 0.009115 0.175000 0.017188 0.031481
0 0.028906 0.923148 0.036979 0.051852
0 0.868750 0.069444 0.022917 0.038889
0 0.904948 0.013426 0.030729 0.025000
0 0.050781 0.945370 0.038021 0.048148
0 0.065365 0.897685 0.036979 0.041667
0 0.434635 0.870370 0.039062 0.055556
0 0.006510 0.308333 0.011979 0.072222
0 0.981771 0.076852 0.033333 0.048148
0 0.421615 0.936111 0.035937 0.040741
0 0.555469 0.963426 0.030729 0.060185
0 0.050781 0.010648 0.017188 0.019444
0 0.583854 0.961111 0.036458 0.051852
0 0.968490 0.148148 0.020313 0.029630
0 0.077604 0.755093 0.018750 0.034259
0 0.482812 0.971759 0.038542 0.054630
0 0.257292 0.973611 0.027083 0.017593
0 0.351823 0.982407 0.041146 0.029630
0 0.379948 0.981481 0.031771 0.029630
0 0.282552 0.465741 0.029687 0.074074
0 0.298438 0.452778 0.023958 0.062963
0 0.261719 0.300000 0.014063 0.042593
0 0.397917 0.078704 0.029167 0.072222
0 0.430469 0.300926 0.029687 0.061111
0 0.482552 0.205556 0.040104 0.050000
0 0.471094 0.319444 0.028646 0.061111
0 0.469271 0.142130 0.034375 0.058333
0 0.421354 0.092593 0.016667 0.033333
0 0.459896 0.046296 0.031250 0.031481
0 0.481771 0.101389 0.037500 0.039815
0 0.507812 0.130556 0.021875 0.072222
0 0.497135 0.170370 0.019271 0.057407
0 0.517708 0.163889 0.023958 0.066667
0 0.537500 0.183333 0.031250 0.062963
0 0.542448 0.251852 0.039062 0.055556
0 0.561979 0.210648 0.033333 0.065741
0 0.570833 0.182870 0.030208 0.060185
0 0.557292 0.131019 0.038542 0.039815
0 0.559115 0.093981 0.017188 0.019444
0 0.571875 0.329630 0.032292 0.057407
0 0.524219 0.455093 0.033854 0.047222
0 0.547396 0.408796 0.034375 0.030556
0 0.551302 0.674537 0.027604 0.071296
0 0.895833 0.968056 0.034375 0.056481
0 0.995573 0.974537 0.008854 0.034259
