0 0.349219 0.498148 0.028646 0.057407
0 0.421354 0.521759 0.032292 0.052778
0 0.571615 0.481481 0.028646 0.057407
0 0.349219 0.407870 0.027604 0.062037
0 0.552083 0.306481 0.034375 0.051852
0 0.481510 0.224537 0.021354 0.067593
0 0.300781 0.306481 0.031771 0.062963
0 0.208594 0.546759 0.024479 0.060185
0 0.523177 0.208796 0.017188 0.067593
0 0.389583 0.490278 0.019792 0.062037
0 0.484115 0.546759 0.026562 0.052778
0 0.654687 0.406944 0.034375 0.049074
0 0.630469 0.661574 0.035937 0.049074
0 0.571615 0.233333 0.021354 0.062963
0 0.220052 0.201389 0.035937 0.060185
0 0.425521 0.164815 0.020833 0.066667
0 0.374219 0.098611 0.028646 0.054630
0 0.382292 0.617130 0.026042 0.054630
0 0.116927 0.469907 0.034896 0.054630
0 0.369271 0.552778 0.018750 0.064815
0 0.438542 0.200000 0.019792 0.068519
0 0.404687 0.320833 0.021875 0.073148
0 0.482552 0.091204 0.026562 0.065741
0 0.596094 0.265278 0.030729 0.050926
0 0.241146 0.265741 0.018750 0.064815
0 0.261719 0.522685 0.030729 0.060185
0 0.579948 0.114815 0.026562 0.064815
0 0.552604 0.138889 0.021875 0.062963
0 0.343490 0.572685 0.035937 0.039815
0 0.414323 0.586574 0.019271 0.062037
0 0.315625 0.066667 0.018750 0.070370
0 0.159896 0.290278 0.034375 0.056481
0 0.633594 0.724537 0.034896 0.043519
0 0.271615 0.452778 0.027604 0.064815
0 0.448437 0.423148 0.032292 0.050000
0 0.223177 0.065741 0.019271 0.072222
0 0.622396 0.574537 0.031250 0.058333
0 0.588281 0.635185 0.033854 0.038889
0 0.662500 0.220370 0.018750 0.064815
0 0.602865 0.314815 0.020313 0.064815
0 0.437240 0.570370 0.030729 0.055556
0 0.464323 0.376389 0.035937 0.043519
0 0.410938 0.408333 0.036458 0.048148
0 0.236719 0.110185 0.029687 0.064815
0 0.540625 0.543056 0.019792 0.063889
0 0.146875 0.813426 0.032292 0.058333
0 0.313542 0.551852 0.018750 0.057407
0 0.538281 0.421759 0.027604 0.067593
0 0.302344 0.478241 0.023438 0.069444
0 0.282031 0.559259 0.038021 0.050000
0 0.147917 0.123611 0.028125 0.071296
0 0.453906 0.704630 0.029687 0.051852
0 0.172917 0.207870 0.031250 0.050926
0 0.486198 0.645833 0.029687 0.056481
0 0.521875 0.283796 0.017708 0.065741
0 0.118490 0.536111 0.024479 0.068519
0 0.338542 0.053241 0.022917 0.067593
0 0.640365 0.319444 0.020313 0.062963
0 0.193490 0.648611 0.031771 0.063889
0 0.220833 0.360185 0.029167 0.050000
0 0.607292 0.107407 0.030208 0.059259
0 0.195573 0.067593 0.022396 0.057407
0 0.262500 0.217130 0.022917 0.058333
0 0.095312 0.230093 0.036458 0.058333
0 0.412500 0.456481 0.030208 0.040741
0 0.179688 0.722685 0.028125 0.060185
0 0.108594 0.177778 0.034896 0.057407
0 0.140365 0.507407 0.026562 0.064815
0 0.525000 0.626389 0.022917 0.065741
0 0.361198 0.346759 0.028646 0.060185
0 0.476302 0.758796 0.035937 0.050926
0 0.519271 0.071759 0.017708 0.063889
0 0.459375 0.637500 0.023958 0.056481
0 0.272135 0.275463 0.020313 0.062037
0 0.704427 0.165278 0.029687 0.065741
0 0.349740 0.312500 0.038021 0.049074
0 0.065104 0.508796 0.022917 0.067593
0 0.729167 0.716667 0.033333 0.037037
0 0.613542 0.872222 0.033333 0.050000
0 0.480729 0.586111 0.035417 0.038889
0 0.756250 0.245833 0.020833 0.069444
0 0.090365 0.673148 0.038021 0.044444
0 0.128385 0.287500 0.041146 0.041667
0 0.092969 0.509259 0.041146 0.042593
0 0.956771 0.541204 0.022917 0.063889
0 0.939063 0.663889 0.034375 0.059259
0 0.300000 0.780556 0.029167 0.061111
0 0.733854 0.343519 0.037500 0.040741
0 0.173437 0.425000 0.028125 0.062963
0 0.300521 0.651852 0.035417 0.040741
0 0.730729 0.413426 0.018750 0.067593
0 0.211979 0.830093 0.038542 0.054630
0 0.235677 0.168981 0.034896 0.049074
0 0.623437 0.320370 0.018750 0.064815
0 0.721875 0.199074 0.034375 0.046296
0 0.313281 0.706019 0.033854 0.047222
0 0.551562 0.681019 0.023958 0.062037
0 0.663281 0.701389 0.036979 0.039815
0 0.402344 0.148148 0.032813 0.042593
0 0.103646 0.832407 0.038542 0.044444
0 0.189844 0.783333 0.028646 0.070370
0 0.604688 0.367130 0.033333 0.043519
0 0.929427 0.574537 0.025521 0.062037
0 0.617448 0.170370 0.036979 0.048148
0 0.061458 0.337963 0.031250 0.062963
0 0.575260 0.726389 0.036979 0.049074
0 0.587500 0.771296 0.027083 0.057407
0 0.242969 0.708333 0.035937 0.044444
0 0.513021 0.027315 0.025000 0.050926
0 0.757552 0.668056 0.032813 0.032407
0 0.740885 0.274537 0.023438 0.060185
0 0.525781 0.133796 0.035937 0.039815
0 0.227865 0.657870 0.023438 0.069444
0 0.885938 0.190278 0.021875 0.063889
0 0.340365 0.832407 0.030729 0.068519
0 0.384896 0.029167 0.030208 0.049074
0 0.132292 0.198611 0.039583 0.036111
0 0.216927 0.771296 0.036979 0.061111
0 0.444531 0.075463 0.035937 0.039815
0 0.141146 0.671296 0.046875 0.037037
0 0.751042 0.801389 0.026042 0.063889
0 0.031771 0.697685 0.030208 0.065741
0 0.058333 0.683796 0.021875 0.058333
0 0.094531 0.344444 0.039062 0.037037
0 0.034635 0.615741 0.042188 0.046296
0 0.425000 0.025000 0.027083 0.048148
0 0.190104 0.226389 0.032292 0.047222
0 0.144271 0.404167 0.036458 0.062037
0 0.907813 0.801389 0.027083 0.065741
0 0.028906 0.355093 0.040104 0.054630
0 0.767448 0.425463 0.028646 0.056481
0 0.137500 0.710185 0.045833 0.037037
0 0.064583 0.781481 0.041667 0.046296
0 0.314323 0.830093 0.021354 0.067593
0 0.796094 0.397685 0.029687 0.060185
0 0.777865 0.077315 0.021354 0.065741
0 0.160417 0.559722 0.019792 0.067593
0 0.157812 0.874074 0.034375 0.050000
0 0.136719 0.034722 0.026562 0.062037
0 0.849479 0.193981 0.025000 0.058333
0 0.782292 0.256481 0.019792 0.066667
0 0.929167 0.255556 0.020833 0.053704
0 0.282031 0.727778 0.035937 0.050000
0 0.707292 0.420370 0.025000 0.068519
0 0.809375 0.899074 0.021875 0.053704
0 0.813281 0.205556 0.034896 0.044444
0 0.185156 0.842593 0.028646 0.053704
0 0.286719 0.797685 0.019271 0.065741
0 0.736198 0.496296 0.019271 0.061111
0 0.042969 0.468056 0.043229 0.047222
0 0.413021 0.113426 0.037500 0.043519
0 0.071875 0.740741 0.042708 0.042593
0 0.713802 0.506019 0.033854 0.054630
0 0.785417 0.328704 0.032292 0.061111
0 0.910937 0.871296 0.029167 0.062963
0 0.111458 0.043981 0.020833 0.076852
0 0.456250 0.042593 0.029167 0.046296
0 0.162240 0.919907 0.030729 0.054630
0 0.763021 0.523148 0.027083 0.050000
0 0.847917 0.381481 0.017708 0.061111
0 0.848958 0.457407 0.020833 0.062963
0 0.307031 0.138426 0.039062 0.037963
0 0.920052 0.484722 0.032813 0.050926
0 0.872917 0.389815 0.030208 0.059259
0 0.267969 0.806019 0.020313 0.062037
0 0.935677 0.318056 0.024479 0.058333
0 0.879167 0.137037 0.038542 0.040741
0 0.759375 0.607870 0.035417 0.037963
0 0.717187 0.097685 0.032292 0.049074
0 0.240365 0.893056 0.033854 0.054630
0 0.025521 0.550926 0.042708 0.038889
0 0.074479 0.136111 0.032292 0.068519
0 0.878125 0.615741 0.028125 0.059259
0 0.880729 0.693981 0.040625 0.036111
0 0.706771 0.041204 0.026042 0.056481
0 0.789844 0.713426 0.023438 0.043519
0 0.728646 0.039815 0.032292 0.059259
0 0.854167 0.834722 0.035417 0.041667
0 0.257552 0.662963 0.038021 0.044444
0 0.206771 0.699537 0.019792 0.065741
0 0.905469 0.417593 0.022396 0.059259
0 0.810417 0.262037 0.022917 0.055556
0 0.759896 0.030093 0.031250 0.049074
0 0.194010 0.922222 0.033854 0.061111
0 0.866927 0.043519 0.023438 0.053704
0 0.896615 0.653241 0.033854 0.045370
0 0.884115 0.824074 0.025521 0.066667
0 0.165625 0.773611 0.030208 0.050926
0 0.942969 0.091204 0.020313 0.060185
0 0.198698 0.021296 0.028646 0.040741
0 0.391406 0.808796 0.041146 0.050926
0 0.207552 0.869444 0.042188 0.044444
0 0.970313 0.215278 0.040625 0.037963
0 0.582812 0.880093 0.021875 0.060185
0 0.878125 0.100463 0.025000 0.049074
0 0.121875 0.879167 0.025000 0.062037
0 0.848437 0.328241 0.031250 0.050926
0 0.830469 0.574074 0.032813 0.051852
0 0.598437 0.021296 0.018750 0.040741
0 0.892448 0.294444 0.024479 0.068519
0 0.861979 0.505556 0.034375 0.037037
0 0.905990 0.060648 0.034896 0.032407
0 0.013802 0.596296 0.026562 0.064815
0 0.097135 0.432407 0.020313 0.062963
0 0.742969 0.132870 0.028646 0.039815
0 0.899740 0.935185 0.032813 0.051852
0 0.927604 0.031019 0.036458 0.036111
0 0.265625 0.763426 0.029167 0.050926
0 0.908333 0.287500 0.017708 0.065741
0 0.982552 0.070833 0.033854 0.036111
0 0.897135 0.533796 0.017188 0.058333
0 0.519271 0.501852 0.018750 0.046296
0 0.887500 0.469444 0.020833 0.055556
0 0.813021 0.662963 0.034375 0.033333
0 0.878906 0.540278 0.021354 0.060185
0 0.988542 0.840741 0.022917 0.037037
0 0.021094 0.653241 0.031771 0.041667
0 0.921615 0.706944 0.022396 0.039815
0 0.819531 0.550000 0.034896 0.040741
0 0.855729 0.798148 0.033333 0.035185
0 0.851302 0.608796 0.024479 0.065741
0 0.830208 0.643056 0.023958 0.063889
0 0.442448 0.761111 0.029687 0.031481
0 0.539583 0.915278 0.029167 0.050926
0 0.777083 0.569444 0.016667 0.040741
0 0.995833 0.320833 0.007292 0.036111
0 0.071875 0.021759 0.038542 0.039815
0 0.914323 0.090741 0.021354 0.044444
0 0.876823 0.964352 0.023438 0.062037
0 0.630469 0.436111 0.026562 0.029630
0 0.632552 0.943981 0.029687 0.050926
0 0.769792 0.916667 0.040625 0.033333
0 0.010937 0.237037 0.020833 0.042593
0 0.437240 0.964815 0.032813 0.059259
0 0.652083 0.009722 0.020833 0.017593
0 0.041927 0.943981 0.029687 0.065741
0 0.591146 0.944907 0.034375 0.049074
0 0.007292 0.128704 0.013542 0.033333
0 0.678646 0.945833 0.022917 0.054630
0 0.783854 0.975000 0.030208 0.046296
0 0.987500 0.975463 0.021875 0.023148
0 0.836198 0.971759 0.038021 0.047222
0 0.110156 0.954167 0.043229 0.049074
0 0.508594 0.979630 0.029687 0.029630
0 0.534115 0.977778 0.030729 0.022222
0 0.596875 0.979167 0.034375 0.039815
0 0.682031 0.981944 0.035937 0.034259
0 0.140365 0.966667 0.041146 0.055556
0 0.010417 0.878241 0.019792 0.041667
0 0.048958 0.861111 0.035417 0.016667
0 0.095312 0.376389 0.039583 0.030556
0 0.120833 0.373611 0.020833 0.067593
0 0.149740 0.369907 0.035937 0.037963
0 0.058073 0.414815 0.032813 0.051852
0 0.077604 0.439815 0.019792 0.062963
0 0.155469 0.466667 0.032813 0.051852
0 0.140885 0.239815 0.042188 0.042593
0 0.193229 0.410648 0.032292 0.063889
0 0.214583 0.392130 0.031250 0.052778
0 0.218229 0.443981 0.020833 0.049074
0 0.203906 0.482870 0.044271 0.028704
0 0.249479 0.015278 0.013542 0.021296
0 0.183854 0.283796 0.022917 0.063889
0 0.140365 0.322222 0.036979 0.044444
0 0.374740 0.276389 0.016146 0.030556
0 0.254427 0.428241 0.038021 0.039815
0 0.235677 0.518981 0.030729 0.062037
0 0.175521 0.538426 0.019792 0.062037
0 0.209375 0.597222 0.040625 0.046296
0 0.235677 0.580556 0.029687 0.053704
0 0.265365 0.596759 0.023438 0.039815
0 0.259375 0.626852 0.037500 0.040741
0 0.251823 0.750000 0.024479 0.064815
0 0.454427 0.543981 0.020313 0.047222
0 0.461198 0.493519 0.040104 0.033333
0 0.465885 0.458796 0.015104 0.030556
0 0.481771 0.437037 0.017708 0.053704
0 0.436719 0.114352 0.030729 0.052778
0 0.551823 0.011111 0.024479 0.020370
0 0.588542 0.196296 0.021875 0.053704
0 0.640365 0.225000 0.029687 0.051852
0 0.656250 0.316204 0.026042 0.056481
0 0.600781 0.568981 0.026562 0.056481
0 0.990104 0.878704 0.019792 0.044444
0 0.992448 0.764815 0.015104 0.037037
0 0.990625 0.702315 0.018750 0.050926
0 0.900000 0.010648 0.016667 0.019444
0 0.979948 0.136574 0.021354 0.045370
0 0.958333 0.120370 0.021875 0.051852
0 0.082292 0.982407 0.027083 0.035185
0 0.993490 0.437500 0.013021 0.030556
0 0.996094 0.372685 0.007812 0.028704
