0 0.451302 0.680556 0.023438 0.061111
0 0.414062 0.238889 0.021875 0.066667
0 0.366406 0.536111 0.032813 0.053704
0 0.600781 0.079167 0.020313 0.067593
0 0.313281 0.641204 0.033854 0.052778
0 0.403385 0.711111 0.023438 0.061111
0 0.524479 0.404630 0.025000 0.064815
0 0.326042 0.443981 0.028125 0.065741
0 0.342708 0.714815 0.037500 0.048148
0 0.546094 0.326852 0.021354 0.062963
0 0.222135 0.506019 0.032813 0.060185
0 0.257812 0.222222 0.023958 0.068519
0 0.492708 0.523148 0.027083 0.062963
0 0.298438 0.448611 0.030208 0.058333
0 0.608073 0.316667 0.032813 0.040741
0 0.331250 0.552315 0.020833 0.065741
0 0.551042 0.375463 0.032292 0.060185
0 0.492188 0.637963 0.019792 0.062963
0 0.247917 0.646759 0.030208 0.063889
0 0.365104 0.375926 0.022917 0.064815
0 0.639844 0.306019 0.021354 0.062037
0 0.500260 0.449074 0.035937 0.051852
0 0.664323 0.436574 0.019271 0.063889
0 0.538802 0.702315 0.034896 0.056481
0 0.590104 0.615741 0.031250 0.048148
0 0.464062 0.235648 0.035417 0.037963
0 0.307552 0.757407 0.040104 0.040741
0 0.221875 0.643519 0.033333 0.061111
0 0.765885 0.306019 0.019271 0.065741
0 0.380729 0.461111 0.031250 0.055556
0 0.281250 0.632407 0.025000 0.064815
0 0.528906 0.114815 0.019271 0.064815
0 0.157031 0.547685 0.043229 0.043519
0 0.530990 0.555093 0.021354 0.067593
0 0.263542 0.460185 0.023958 0.064815
0 0.629167 0.622222 0.026042 0.062963
0 0.288802 0.692593 0.036979 0.038889
0 0.382552 0.272685 0.039062 0.036111
0 0.377604 0.691667 0.021875 0.064815
0 0.186198 0.690741 0.023438 0.064815
0 0.706510 0.696759 0.027604 0.052778
0 0.708333 0.570370 0.029167 0.050000
0 0.663802 0.166667 0.026562 0.062963
0 0.173437 0.473611 0.039583 0.039815
0 0.291667 0.081019 0.018750 0.063889
0 0.293490 0.519907 0.020313 0.071296
0 0.445312 0.831019 0.027083 0.062037
0 0.187500 0.277778 0.029167 0.064815
0 0.689844 0.369907 0.021354 0.065741
0 0.429688 0.762963 0.021875 0.061111
0 0.600521 0.155093 0.030208 0.052778
0 0.725781 0.595833 0.033854 0.045370
0 0.272135 0.579630 0.036979 0.040741
0 0.701302 0.464352 0.035937 0.041667
0 0.630729 0.197222 0.028125 0.062963
0 0.753125 0.465741 0.034375 0.046296
0 0.496354 0.392130 0.030208 0.049074
0 0.309115 0.206481 0.020313 0.066667
0 0.152604 0.825000 0.026042 0.064815
0 0.346354 0.891667 0.031250 0.057407
0 0.569271 0.162963 0.027083 0.064815
0 0.438021 0.275463 0.031250 0.039815
0 0.374479 0.599074 0.034375 0.037037
0 0.252865 0.518056 0.034896 0.058333
0 0.336458 0.375000 0.039583 0.046296
0 0.615885 0.775926 0.034896 0.053704
0 0.411198 0.291204 0.021354 0.065741
0 0.688802 0.720370 0.028646 0.057407
0 0.421875 0.142130 0.017708 0.065741
0 0.390885 0.198148 0.030729 0.057407
0 0.701302 0.131944 0.029687 0.054630
0 0.292187 0.198611 0.017708 0.073148
0 0.558333 0.203704 0.026042 0.057407
0 0.203385 0.436574 0.022396 0.054630
0 0.528385 0.869444 0.026562 0.059259
0 0.551042 0.526852 0.018750 0.068519
0 0.412500 0.546296 0.027083 0.072222
0 0.765885 0.630093 0.026562 0.065741
0 0.641927 0.568056 0.035937 0.034259
0 0.509115 0.172685 0.033854 0.043519
0 0.357812 0.457870 0.020833 0.062037
0 0.155208 0.695370 0.023958 0.066667
0 0.740365 0.243056 0.023438 0.063889
0 0.331771 0.487963 0.018750 0.057407
0 0.133594 0.723148 0.040104 0.057407
0 0.833073 0.592593 0.033854 0.048148
0 0.192448 0.804630 0.025521 0.066667
0 0.509896 0.820833 0.033333 0.047222
0 0.643229 0.760648 0.020833 0.063889
0 0.266146 0.841204 0.036458 0.036111
0 0.867188 0.500000 0.020833 0.061111
0 0.457813 0.190278 0.034375 0.052778
0 0.712240 0.244444 0.019271 0.064815
0 0.219271 0.859722 0.035417 0.060185
0 0.784896 0.797222 0.025000 0.057407
0 0.664844 0.645833 0.038021 0.043519
0 0.181250 0.639815 0.041667 0.035185
0 0.533333 0.632407 0.034375 0.044444
0 0.957292 0.813426 0.027083 0.062037
0 0.548438 0.811111 0.019792 0.066667
0 0.726302 0.663426 0.034896 0.039815
0 0.698438 0.812500 0.030208 0.043519
0 0.800521 0.543519 0.017708 0.068519
0 0.485938 0.100463 0.036458 0.043519
0 0.878646 0.810185 0.030208 0.044444
0 0.496354 0.880093 0.019792 0.060185
0 0.756510 0.756481 0.034896 0.037037
0 0.917188 0.576389 0.027083 0.065741
0 0.905990 0.176852 0.019271 0.064815
0 0.875000 0.667130 0.032292 0.049074
0 0.817969 0.871296 0.022396 0.068519
0 0.314323 0.033796 0.020313 0.063889
0 0.380729 0.084259 0.035417 0.050000
0 0.446094 0.064352 0.034896 0.037963
0 0.816406 0.698148 0.021354 0.062963
0 0.592187 0.569907 0.032292 0.043519
0 0.880729 0.468056 0.036458 0.052778
0 0.408854 0.599537 0.029167 0.058333
0 0.965104 0.423611 0.022917 0.065741
0 0.808333 0.756019 0.027083 0.039815
0 0.941146 0.340278 0.028125 0.052778
0 0.621875 0.029167 0.017708 0.054630
0 0.195833 0.756944 0.040625 0.041667
0 0.909375 0.485185 0.019792 0.066667
0 0.356250 0.107870 0.033333 0.052778
0 0.854688 0.753241 0.032292 0.043519
0 0.102604 0.514352 0.021875 0.067593
0 0.762240 0.168056 0.031771 0.047222
0 0.551302 0.034722 0.024479 0.063889
0 0.900260 0.809722 0.023438 0.058333
0 0.885938 0.162037 0.022917 0.061111
0 0.775000 0.518519 0.022917 0.072222
0 0.940625 0.763426 0.030208 0.054630
0 0.897396 0.353241 0.020833 0.065741
0 0.662760 0.807407 0.034896 0.035185
0 0.835156 0.387037 0.033854 0.042593
0 0.646094 0.372685 0.035937 0.036111
0 0.305729 0.903704 0.028125 0.055556
0 0.739844 0.709722 0.021354 0.062037
0 0.330469 0.198148 0.023438 0.064815
0 0.795573 0.110185 0.026562 0.059259
0 0.231510 0.442593 0.024479 0.053704
0 0.933594 0.614815 0.035937 0.048148
0 0.141927 0.655093 0.033854 0.058333
0 0.938021 0.410648 0.031250 0.054630
0 0.711198 0.900926 0.036979 0.035185
0 0.784896 0.687037 0.023958 0.059259
0 0.248698 0.742593 0.041146 0.042593
0 0.214844 0.702778 0.032813 0.062963
0 0.755990 0.540278 0.020313 0.063889
0 0.338802 0.278241 0.025521 0.067593
0 0.057031 0.513889 0.028646 0.068519
0 0.238802 0.339815 0.041146 0.040741
0 0.250781 0.371759 0.035937 0.036111
0 0.041146 0.362500 0.037500 0.058333
0 0.920833 0.673611 0.033333 0.041667
0 0.826823 0.496759 0.022396 0.071296
0 0.897135 0.740278 0.022396 0.065741
0 0.685937 0.215278 0.036458 0.043519
0 0.870313 0.352315 0.033333 0.050926
0 0.721615 0.024537 0.017188 0.047222
0 0.465885 0.778704 0.039062 0.042593
0 0.920052 0.796759 0.021354 0.058333
0 0.917708 0.450000 0.034375 0.050000
0 0.751823 0.898148 0.039062 0.033333
0 0.941146 0.660648 0.025000 0.062037
0 0.839063 0.193056 0.038542 0.037963
0 0.761458 0.118519 0.030208 0.055556
0 0.069792 0.395833 0.027083 0.069444
0 0.783594 0.227778 0.020313 0.070370
0 0.315885 0.110185 0.034896 0.057407
0 0.792969 0.861111 0.018229 0.066667
0 0.950521 0.571759 0.040625 0.039815
0 0.860677 0.039352 0.020313 0.060185
0 0.397135 0.033333 0.035937 0.040741
0 0.246354 0.590278 0.029167 0.047222
0 0.065104 0.764352 0.033333 0.062037
0 0.491146 0.058796 0.036458 0.034259
0 0.190885 0.157407 0.034896 0.048148
0 0.875260 0.272222 0.030729 0.064815
0 0.232813 0.822685 0.030208 0.056481
0 0.597656 0.886574 0.029687 0.050926
0 0.276823 0.206019 0.020313 0.067593
0 0.201823 0.206019 0.038021 0.043519
0 0.819010 0.032407 0.020313 0.061111
0 0.883854 0.305093 0.037500 0.037963
0 0.967448 0.294444 0.029687 0.055556
0 0.805208 0.640741 0.037500 0.033333
0 0.816667 0.124074 0.022917 0.057407
0 0.763281 0.374537 0.032813 0.065741
0 0.646354 0.020833 0.026042 0.039815
0 0.849740 0.500926 0.020313 0.059259
0 0.059896 0.829630 0.030208 0.064815
0 0.855208 0.903241 0.038542 0.032407
0 0.044792 0.581019 0.035417 0.063889
0 0.447135 0.893056 0.030729 0.049074
0 0.025781 0.267130 0.035937 0.052778
0 0.119010 0.649074 0.031771 0.068519
0 0.834115 0.065741 0.031771 0.048148
0 0.111458 0.273611 0.039583 0.060185
0 0.969531 0.911111 0.029687 0.040741
0 0.528906 0.491204 0.036979 0.075000
0 0.028906 0.631944 0.043229 0.060185
0 0.331771 0.149537 0.027083 0.039815
0 0.957812 0.079630 0.020833 0.070370
0 0.842187 0.089815 0.037500 0.037037
0 0.897135 0.064352 0.033854 0.050926
0 0.988802 0.552778 0.022396 0.048148
0 0.839063 0.021759 0.021875 0.041667
0 0.128906 0.460185 0.028646 0.042593
0 0.158594 0.306019 0.027604 0.041667
0 0.920052 0.874074 0.031771 0.031481
0 0.187500 0.059259 0.031250 0.062963
0 0.111719 0.879630 0.025521 0.061111
0 0.344271 0.015278 0.038542 0.028704
0 0.130469 0.580093 0.026562 0.037963
0 0.472135 0.885648 0.019271 0.052778
0 0.579427 0.722685 0.029687 0.041667
0 0.154427 0.939815 0.041146 0.040741
0 0.678125 0.031481 0.013542 0.029630
0 0.995573 0.318519 0.007812 0.059259
0 0.760417 0.012037 0.016667 0.022222
0 0.845573 0.950926 0.024479 0.064815
0 0.558333 0.869907 0.035417 0.054630
0 0.041667 0.208333 0.023958 0.037037
0 0.642448 0.914352 0.035937 0.047222
0 0.982031 0.876389 0.034896 0.036111
0 0.099479 0.929167 0.048958 0.036111
0 0.951823 0.011111 0.023438 0.020370
0 0.043229 0.981481 0.038542 0.031481
0 0.008854 0.187037 0.016667 0.064815
0 0.972656 0.969444 0.038021 0.025926
0 0.753125 0.952778 0.033333 0.044444
0 0.988542 0.941204 0.022917 0.047222
0 0.518229 0.934259 0.035417 0.042593
0 0.595313 0.939815 0.033333 0.044444
0 0.072135 0.588889 0.017188 0.025926
0 0.341146 0.970370 0.019792 0.020370
0 0.242448 0.975000 0.027604 0.029630
0 0.109635 0.110185 0.016146 0.029630
0 0.412760 0.954167 0.032813 0.052778
0 0.010937 0.952778 0.020833 0.053704
0 0.079948 0.968519 0.021354 0.024074
0 0.553906 0.974537 0.026562 0.043519
0 0.634115 0.970833 0.035937 0.056481
0 0.128646 0.903241 0.034375 0.036111
0 0.893229 0.968981 0.023958 0.019444
0 0.479167 0.931944 0.038542 0.043519
0 0.660937 0.087037 0.040625 0.038889
0 0.641406 0.125000 0.028646 0.059259
0 0.634635 0.061111 0.030729 0.051852
0 0.661979 0.294444 0.021875 0.057407
0 0.684635 0.308333 0.019271 0.064815
0 0.534896 0.229167 0.026042 0.060185
0 0.540885 0.175463 0.030729 0.039815
0 0.708854 0.331944 0.027083 0.073148
0 0.737240 0.311574 0.040104 0.065741
0 0.679167 0.136574 0.025000 0.056481
0 0.892708 0.405093 0.038542 0.041667
0 0.643229 0.248611 0.017708 0.052778
0 0.661979 0.237500 0.041667 0.050926
0 0.679948 0.904630 0.014063 0.025926
0 0.755729 0.255556 0.027083 0.035185
0 0.278906 0.537963 0.024479 0.068519
0 0.384375 0.550926 0.017708 0.042593
0 0.705469 0.783796 0.033854 0.052778
0 0.029948 0.245370 0.019271 0.025926
