0 0.732292 0.670833 0.031250 0.054630
0 0.662760 0.288889 0.029687 0.055556
0 0.540365 0.115741 0.026562 0.064815
0 0.905469 0.281019 0.020313 0.065741
0 0.657292 0.224537 0.021875 0.062037
0 0.705469 0.606481 0.032813 0.051852
0 0.647135 0.413889 0.034896 0.038889
0 0.723958 0.411111 0.029167 0.059259
0 0.743750 0.445833 0.025000 0.060185
0 0.602344 0.662500 0.035937 0.037963
0 0.438281 0.497222 0.032813 0.048148
0 0.641927 0.461111 0.025521 0.050000
0 0.782552 0.704167 0.030729 0.062037
0 0.675521 0.212500 0.019792 0.065741
0 0.534896 0.305556 0.017708 0.068519
0 0.590885 0.262500 0.019271 0.063889
0 0.674740 0.507870 0.035937 0.034259
0 0.899740 0.354167 0.019271 0.063889
0 0.704948 0.263889 0.031771 0.059259
0 0.639583 0.319444 0.019792 0.064815
0 0.582812 0.197222 0.019792 0.070370
0 0.478385 0.504630 0.023438 0.061111
0 0.700000 0.476852 0.035417 0.038889
0 0.932292 0.321759 0.019792 0.062037
0 0.690104 0.661111 0.034375 0.037037
0 0.601823 0.315278 0.019271 0.069444
0 0.755208 0.241667 0.022917 0.066667
0 0.573177 0.135648 0.031771 0.056481
0 0.957292 0.539815 0.037500 0.053704
0 0.461719 0.363426 0.027604 0.065741
0 0.050781 0.463426 0.026562 0.073148
0 0.560937 0.257407 0.035417 0.040741
0 0.451302 0.444907 0.032813 0.045370
0 0.837500 0.593056 0.025000 0.060185
0 0.489844 0.348611 0.032813 0.043519
0 0.147917 0.124537 0.030208 0.076852
0 0.544792 0.598611 0.037500 0.056481
0 0.697135 0.408333 0.019271 0.064815
0 0.179427 0.261574 0.031771 0.062037
0 0.735417 0.493056 0.025000 0.063889
0 0.656510 0.712500 0.033854 0.056481
0 0.779948 0.081481 0.017188 0.066667
0 0.248177 0.182870 0.031771 0.062037
0 0.813281 0.652778 0.022396 0.059259
0 0.572917 0.703704 0.023958 0.070370
0 0.542188 0.538426 0.022917 0.063889
0 0.215885 0.493981 0.033854 0.054630
0 0.772656 0.392130 0.020313 0.063889
0 0.402083 0.358333 0.038542 0.051852
0 0.838021 0.522222 0.019792 0.064815
0 0.098958 0.272685 0.027083 0.067593
0 0.871354 0.568981 0.034375 0.045370
0 0.863802 0.616204 0.026562 0.056481
0 0.774479 0.300463 0.034375 0.037963
0 0.163542 0.362500 0.028125 0.071296
0 0.886458 0.188889 0.022917 0.066667
0 0.690625 0.130556 0.039583 0.048148
0 0.703385 0.035185 0.025521 0.059259
0 0.798177 0.610648 0.033854 0.050926
0 0.525260 0.627778 0.025521 0.064815
0 0.575781 0.770370 0.031771 0.057407
0 0.880729 0.331481 0.023958 0.061111
0 0.848177 0.382870 0.023438 0.063889
0 0.916146 0.537037 0.026042 0.062963
0 0.191146 0.088426 0.026042 0.073148
0 0.332292 0.235648 0.022917 0.067593
0 0.425000 0.082870 0.030208 0.056481
0 0.590104 0.070370 0.033333 0.059259
0 0.322135 0.185648 0.027604 0.062037
0 0.331250 0.529167 0.020833 0.065741
0 0.734115 0.184722 0.031771 0.058333
0 0.265625 0.466667 0.022917 0.066667
0 0.879687 0.693056 0.039583 0.041667
0 0.951823 0.456944 0.026562 0.063889
0 0.450260 0.254167 0.034896 0.037963
0 0.823438 0.483796 0.031250 0.050926
0 0.962240 0.392130 0.036979 0.045370
0 0.292969 0.587963 0.033854 0.055556
0 0.815104 0.435185 0.018750 0.064815
0 0.234896 0.417593 0.035417 0.051852
0 0.734115 0.579630 0.026562 0.066667
0 0.261979 0.218519 0.032292 0.050000
0 0.101042 0.435185 0.042708 0.050000
0 0.262760 0.372222 0.035937 0.051852
0 0.660937 0.758796 0.020833 0.067593
0 0.507552 0.063426 0.028646 0.073148
0 0.366667 0.564352 0.022917 0.067593
0 0.217969 0.083796 0.020313 0.073148
0 0.871094 0.396759 0.023438 0.063889
0 0.215104 0.297222 0.029167 0.055556
0 0.816667 0.167593 0.037500 0.037037
0 0.121094 0.468519 0.031771 0.068519
0 0.437500 0.676389 0.036458 0.052778
0 0.728385 0.037500 0.020313 0.062037
0 0.124479 0.219444 0.038542 0.057407
0 0.196875 0.290741 0.033333 0.055556
0 0.120833 0.250000 0.034375 0.062963
0 0.141146 0.060185 0.032292 0.064815
0 0.793229 0.853241 0.031250 0.056481
0 0.933854 0.133333 0.022917 0.064815
0 0.243490 0.389352 0.036979 0.050926
0 0.433073 0.722222 0.034896 0.053704
0 0.768490 0.217593 0.031771 0.057407
0 0.221615 0.459259 0.034896 0.050000
0 0.761979 0.523611 0.026042 0.049074
0 0.929427 0.804167 0.024479 0.063889
0 0.288281 0.535648 0.033854 0.049074
0 0.365625 0.506019 0.036458 0.041667
0 0.737240 0.344907 0.036979 0.063889
0 0.382031 0.463889 0.036979 0.044444
0 0.887500 0.814815 0.033333 0.040741
0 0.195052 0.734722 0.036979 0.050926
0 0.929167 0.254167 0.020833 0.052778
0 0.080729 0.311574 0.043750 0.037963
0 0.243750 0.586574 0.026042 0.063889
0 0.828385 0.692593 0.020313 0.061111
0 0.270052 0.282870 0.032813 0.054630
0 0.485677 0.593981 0.039062 0.045370
0 0.031771 0.691667 0.030208 0.064815
0 0.823177 0.225463 0.040104 0.039815
0 0.028125 0.610185 0.021875 0.066667
0 0.234635 0.093056 0.020313 0.071296
0 0.099740 0.364352 0.038021 0.047222
0 0.159635 0.567593 0.022396 0.064815
0 0.111198 0.045833 0.026562 0.071296
0 0.092969 0.514815 0.032813 0.072222
0 0.309115 0.418981 0.029687 0.069444
0 0.068750 0.395370 0.045833 0.040741
0 0.878385 0.492593 0.025521 0.064815
0 0.399740 0.172222 0.039062 0.038889
0 0.755469 0.168056 0.033854 0.037963
0 0.866927 0.043056 0.024479 0.052778
0 0.343229 0.173148 0.018750 0.074074
0 0.314063 0.065741 0.037500 0.040741
0 0.719010 0.099074 0.031771 0.048148
0 0.223958 0.342130 0.042708 0.041667
0 0.365365 0.112037 0.033854 0.048148
0 0.930729 0.735185 0.027083 0.066667
0 0.174479 0.708333 0.038542 0.044444
0 0.334635 0.332870 0.035937 0.054630
0 0.155469 0.288426 0.026562 0.063889
0 0.619010 0.843519 0.035937 0.051852
0 0.760938 0.029630 0.033333 0.051852
0 0.325260 0.110185 0.038021 0.050000
0 0.396354 0.765741 0.032292 0.050000
0 0.282813 0.166667 0.036458 0.038889
0 0.090104 0.714815 0.041667 0.044444
0 0.069531 0.152778 0.028646 0.064815
0 0.426042 0.127315 0.036458 0.039815
0 0.789062 0.129167 0.040625 0.039815
0 0.082292 0.207870 0.023958 0.069444
0 0.758854 0.871759 0.033333 0.049074
0 0.295052 0.476389 0.023438 0.069444
0 0.127865 0.170833 0.039062 0.052778
0 0.270573 0.316204 0.039062 0.043519
0 0.079427 0.672222 0.039062 0.055556
0 0.917188 0.856944 0.027083 0.067593
0 0.168750 0.205093 0.027083 0.071296
0 0.171094 0.468519 0.043229 0.042593
0 0.122656 0.645833 0.029687 0.063889
0 0.147656 0.402778 0.024479 0.066667
0 0.548177 0.043519 0.043229 0.053704
0 0.018229 0.546296 0.035417 0.051852
0 0.369792 0.269907 0.025000 0.052778
0 0.170833 0.047222 0.023958 0.061111
0 0.751823 0.804630 0.020313 0.072222
0 0.849479 0.326389 0.036458 0.052778
0 0.489844 0.741204 0.033854 0.062037
0 0.347917 0.285648 0.028125 0.069444
0 0.337760 0.050926 0.024479 0.066667
0 0.100260 0.609722 0.024479 0.063889
0 0.865885 0.144444 0.039062 0.033333
0 0.209115 0.610185 0.042188 0.042593
0 0.175521 0.542130 0.025000 0.073148
0 0.250781 0.810648 0.039062 0.045370
0 0.461198 0.632870 0.018229 0.069444
0 0.051042 0.538889 0.030208 0.066667
0 0.459896 0.160648 0.033333 0.045370
0 0.067708 0.752315 0.042708 0.036111
0 0.123698 0.706944 0.029687 0.067593
0 0.048698 0.607407 0.029687 0.055556
0 0.383594 0.031019 0.031771 0.050926
0 0.126823 0.584259 0.031771 0.061111
0 0.431510 0.789352 0.041146 0.041667
0 0.306250 0.739815 0.033333 0.062963
0 0.264062 0.594444 0.027083 0.066667
0 0.309375 0.703704 0.037500 0.051852
0 0.123958 0.823611 0.043750 0.054630
0 0.482812 0.695833 0.035417 0.037963
0 0.258073 0.717593 0.018229 0.070370
0 0.180469 0.826852 0.039062 0.038889
0 0.524740 0.823148 0.044271 0.040741
0 0.283073 0.743056 0.023438 0.069444
0 0.021094 0.432870 0.041146 0.037963
0 0.371615 0.628241 0.039062 0.043519
0 0.879167 0.099074 0.021875 0.046296
0 0.194271 0.560185 0.029167 0.072222
0 0.584375 0.814352 0.033333 0.041667
0 0.680469 0.573611 0.038021 0.045370
0 0.225521 0.850926 0.030208 0.057407
0 0.041927 0.732870 0.044271 0.036111
0 0.081250 0.582870 0.034375 0.062037
0 0.914323 0.194444 0.039062 0.050000
0 0.982031 0.729167 0.032813 0.045370
0 0.362760 0.678704 0.028646 0.070370
0 0.915104 0.092593 0.025000 0.040741
0 0.320573 0.854630 0.042188 0.038889
0 0.927344 0.030556 0.038021 0.037037
0 0.247917 0.026389 0.032292 0.050926
0 0.490104 0.125463 0.016667 0.043519
0 0.019792 0.356944 0.038542 0.047222
0 0.519271 0.501389 0.018750 0.047222
0 0.980729 0.071759 0.037500 0.036111
0 0.775521 0.570370 0.019792 0.040741
0 0.256250 0.850463 0.038542 0.036111
0 0.177344 0.871296 0.033854 0.070370
0 0.129948 0.772222 0.042188 0.037037
0 0.988542 0.234259 0.019792 0.037037
0 0.153385 0.744444 0.033854 0.066667
0 0.430469 0.020370 0.024479 0.038889
0 0.982552 0.854630 0.032813 0.050000
0 0.084635 0.807407 0.031771 0.077778
0 0.595833 0.018981 0.017708 0.036111
0 0.127865 0.893519 0.044271 0.048148
0 0.197135 0.017593 0.036979 0.033333
0 0.237760 0.911111 0.030729 0.044444
0 0.335417 0.893056 0.038542 0.054630
0 0.422917 0.886574 0.036458 0.056481
0 0.263281 0.927315 0.036979 0.043519
0 0.199219 0.860185 0.029687 0.068519
0 0.016406 0.818056 0.031771 0.054630
0 0.072396 0.021759 0.035417 0.041667
0 0.923958 0.707407 0.027083 0.042593
0 0.448958 0.862963 0.038542 0.046296
0 0.216406 0.953704 0.032813 0.051852
0 0.440365 0.759259 0.030729 0.033333
0 0.589063 0.937037 0.035417 0.037037
0 0.459635 0.946296 0.038021 0.044444
0 0.701823 0.982407 0.031771 0.035185
0 0.986198 0.903241 0.026562 0.052778
0 0.517708 0.206019 0.050000 0.065741
0 0.010937 0.236574 0.020833 0.037963
0 0.643229 0.976852 0.036458 0.042593
0 0.309635 0.134722 0.041146 0.034259
0 0.310156 0.171296 0.014063 0.037037
0 0.440885 0.182407 0.036979 0.050000
0 0.450260 0.221296 0.046354 0.027778
0 0.007552 0.481019 0.014063 0.063889
0 0.007812 0.591204 0.014583 0.078704
0 0.132552 0.524537 0.024479 0.062037
0 0.204427 0.387963 0.024479 0.051852
0 0.204167 0.425926 0.038542 0.029630
0 0.070312 0.946759 0.041667 0.060185
0 0.155208 0.977778 0.022917 0.027778
0 0.072135 0.471296 0.020313 0.077778
0 0.338542 0.964815 0.051042 0.062963
0 0.282292 0.982407 0.031250 0.033333
0 0.416406 0.983333 0.017188 0.031481
0 0.012760 0.893056 0.024479 0.036111
0 0.497135 0.982407 0.036979 0.035185
0 0.557292 0.976389 0.039583 0.043519
0 0.674219 0.982870 0.023438 0.032407
0 0.339583 0.467130 0.038542 0.043519
0 0.401823 0.418519 0.041146 0.046296
0 0.411719 0.454167 0.033854 0.045370
0 0.438802 0.559259 0.040104 0.044444
0 0.454948 0.541667 0.022396 0.040741
0 0.448177 0.596759 0.039062 0.039815
0 0.252604 0.974074 0.025000 0.016667
0 0.560937 0.049537 0.020833 0.062037
0 0.563542 0.092593 0.018750 0.029630
0 0.601042 0.145370 0.018750 0.033333
0 0.708073 0.192130 0.023438 0.060185
0 0.741146 0.125463 0.030208 0.036111
0 0.516667 0.247685 0.018750 0.069444
0 0.849740 0.451852 0.023438 0.070370
0 0.990625 0.776852 0.017708 0.027778
0 0.912760 0.968519 0.039062 0.048148
0 0.984375 0.976852 0.027083 0.018519
0 0.631771 0.720833 0.036458 0.036111
0 0.595313 0.573611 0.028125 0.065741
0 0.622135 0.571296 0.031771 0.061111
0 0.649479 0.596296 0.029167 0.066667
0 0.465625 0.456944 0.016667 0.037963
0 0.982812 0.136574 0.025000 0.045370
0 0.960417 0.124074 0.018750 0.055556
0 0.407552 0.040278 0.011979 0.028704
