0 0.237760 0.418981 0.023438 0.062037
0 0.451562 0.512037 0.031250 0.053704
0 0.393229 0.515741 0.028125 0.059259
0 0.891927 0.492593 0.030729 0.051852
0 0.433333 0.466667 0.035417 0.048148
0 0.256250 0.381019 0.029167 0.052778
0 0.671615 0.414815 0.034896 0.046296
0 0.617448 0.623611 0.027604 0.052778
0 0.326562 0.464815 0.027083 0.059259
0 0.405990 0.588889 0.032813 0.046296
0 0.431250 0.379167 0.022917 0.067593
0 0.205208 0.459722 0.025000 0.063889
0 0.692708 0.524537 0.021875 0.062037
0 0.452344 0.413426 0.033854 0.052778
0 0.568490 0.621759 0.032813 0.045370
0 0.708594 0.360648 0.021354 0.065741
0 0.468750 0.612500 0.028125 0.062037
0 0.743750 0.618981 0.033333 0.054630
0 0.427604 0.327315 0.028125 0.062037
0 0.372135 0.319907 0.021354 0.065741
0 0.441667 0.250463 0.017708 0.071296
0 0.750000 0.850463 0.027083 0.058333
0 0.298177 0.432870 0.022396 0.060185
0 0.171615 0.404630 0.023438 0.062963
0 0.390365 0.379630 0.020313 0.070370
0 0.322656 0.524074 0.034896 0.048148
0 0.152083 0.205093 0.026042 0.060185
0 0.150521 0.343519 0.034375 0.053704
0 0.496875 0.633333 0.023958 0.055556
0 0.233333 0.329630 0.020833 0.066667
0 0.199479 0.521759 0.025000 0.058333
0 0.200781 0.353704 0.030729 0.059259
0 0.795052 0.328704 0.033854 0.050000
0 0.119531 0.308796 0.023438 0.073148
0 0.688802 0.451852 0.029687 0.059259
0 0.150260 0.262037 0.023438 0.070370
0 0.621875 0.686574 0.019792 0.058333
0 0.650260 0.352315 0.028646 0.062037
0 0.238021 0.575000 0.026042 0.061111
0 0.694531 0.238889 0.034896 0.050000
0 0.330469 0.571759 0.036979 0.037963
0 0.553906 0.405093 0.021354 0.062037
0 0.774740 0.655556 0.031771 0.042593
0 0.162760 0.618519 0.029687 0.048148
0 0.740365 0.537037 0.027604 0.062963
0 0.434896 0.630556 0.030208 0.053704
0 0.174479 0.230556 0.026042 0.064815
0 0.357031 0.655093 0.036979 0.036111
0 0.577083 0.237500 0.023958 0.063889
0 0.248698 0.542130 0.029687 0.050926
0 0.571094 0.357870 0.020313 0.067593
0 0.574479 0.770833 0.027083 0.060185
0 0.530208 0.425463 0.029167 0.058333
0 0.183854 0.463889 0.025000 0.061111
0 0.660417 0.227315 0.019792 0.060185
0 0.107292 0.439352 0.033333 0.058333
0 0.825521 0.616667 0.020833 0.064815
0 0.802344 0.208333 0.027604 0.055556
0 0.121094 0.530093 0.021354 0.067593
0 0.644792 0.859722 0.022917 0.067593
0 0.810937 0.157407 0.030208 0.059259
0 0.361979 0.224537 0.020833 0.071296
0 0.494010 0.695833 0.023438 0.062037
0 0.719010 0.827778 0.023438 0.066667
0 0.635938 0.117130 0.017708 0.063889
0 0.885417 0.645833 0.019792 0.063889
0 0.468750 0.703704 0.028125 0.059259
0 0.723437 0.125463 0.020833 0.069444
0 0.603646 0.459722 0.037500 0.041667
0 0.434115 0.857407 0.036979 0.042593
0 0.283073 0.035648 0.023438 0.067593
0 0.217448 0.373611 0.031771 0.039815
0 0.426042 0.198611 0.027083 0.065741
0 0.438281 0.793981 0.031771 0.049074
0 0.491927 0.749074 0.027604 0.059259
0 0.410938 0.793056 0.032292 0.054630
0 0.692448 0.877315 0.027604 0.050926
0 0.699479 0.106944 0.022917 0.067593
0 0.596875 0.781481 0.017708 0.064815
0 0.460417 0.778704 0.023958 0.062963
0 0.359375 0.841204 0.035417 0.056481
0 0.512760 0.403704 0.030729 0.053704
0 0.401562 0.144907 0.035417 0.052778
0 0.019531 0.426389 0.032813 0.058333
0 0.398698 0.671759 0.023438 0.058333
0 0.700000 0.785185 0.022917 0.062963
0 0.744010 0.484722 0.040104 0.032407
0 0.727344 0.292593 0.023438 0.064815
0 0.540365 0.793056 0.029687 0.058333
0 0.028906 0.312963 0.032813 0.061111
0 0.965885 0.839352 0.032813 0.056481
0 0.532031 0.734259 0.019271 0.064815
0 0.810417 0.481944 0.025000 0.069444
0 0.744531 0.332407 0.034896 0.064815
0 0.138802 0.521759 0.018229 0.062037
0 0.677865 0.089352 0.027604 0.052778
0 0.243490 0.641204 0.029687 0.069444
0 0.190104 0.573148 0.027083 0.059259
0 0.834375 0.256944 0.021875 0.062037
0 0.726302 0.033333 0.020313 0.064815
0 0.834896 0.181481 0.033333 0.048148
0 0.938542 0.858796 0.026042 0.060185
0 0.447917 0.698148 0.017708 0.062963
0 0.158594 0.476852 0.029687 0.053704
0 0.087760 0.273611 0.032813 0.063889
0 0.485938 0.814815 0.022917 0.061111
0 0.176042 0.290278 0.020833 0.067593
0 0.724740 0.596296 0.024479 0.061111
0 0.264844 0.518056 0.036979 0.050926
0 0.716146 0.415278 0.035417 0.049074
0 0.215104 0.588426 0.036458 0.039815
0 0.941927 0.582407 0.026562 0.068519
0 0.894792 0.754167 0.032292 0.043519
0 0.371354 0.081944 0.032292 0.049074
0 0.848958 0.396759 0.022917 0.063889
0 0.265365 0.581019 0.030729 0.050926
0 0.592969 0.917593 0.029687 0.059259
0 0.496615 0.874074 0.020313 0.068519
0 0.190885 0.310185 0.024479 0.062963
0 0.700781 0.294907 0.033854 0.056481
0 0.135677 0.587037 0.020313 0.066667
0 0.164583 0.515278 0.039583 0.037963
0 0.267969 0.116204 0.027604 0.069444
0 0.689323 0.170370 0.035937 0.038889
0 0.149479 0.106481 0.023958 0.072222
0 0.675521 0.561111 0.035417 0.040741
0 0.079427 0.496759 0.023438 0.063889
0 0.384896 0.032870 0.031250 0.056481
0 0.921094 0.203241 0.026562 0.065741
0 0.875260 0.563426 0.032813 0.058333
0 0.950521 0.715741 0.038542 0.046296
0 0.435417 0.064352 0.018750 0.063889
0 0.942708 0.300463 0.030208 0.050926
0 0.553906 0.840278 0.035937 0.036111
0 0.247135 0.177315 0.038021 0.041667
0 0.701302 0.590741 0.032813 0.057407
0 0.750781 0.041667 0.022396 0.068519
0 0.089583 0.350926 0.043750 0.037037
0 0.544792 0.923148 0.029167 0.053704
0 0.304948 0.034259 0.021354 0.066667
0 0.101823 0.604630 0.039062 0.059259
0 0.135677 0.465741 0.025521 0.057407
0 0.013802 0.580093 0.026562 0.056481
0 0.521875 0.881944 0.035417 0.039815
0 0.659375 0.031019 0.028125 0.054630
0 0.850781 0.340741 0.031771 0.046296
0 0.980208 0.498611 0.025000 0.060185
0 0.936198 0.062037 0.031771 0.050000
0 0.527604 0.624537 0.021875 0.065741
0 0.926302 0.341204 0.038021 0.067593
0 0.331250 0.034259 0.021875 0.066667
0 0.036198 0.674537 0.024479 0.069444
0 0.589063 0.126852 0.022917 0.053704
0 0.063021 0.482407 0.023958 0.062963
0 0.600521 0.570833 0.022917 0.054630
0 0.804167 0.746296 0.040625 0.033333
0 0.045573 0.450463 0.027604 0.062037
0 0.964063 0.288426 0.032292 0.056481
0 0.746875 0.134722 0.027083 0.047222
0 0.864062 0.076389 0.037500 0.050926
0 0.435937 0.740741 0.032292 0.038889
0 0.171615 0.113889 0.029687 0.059259
0 0.577344 0.892130 0.019271 0.062037
0 0.863021 0.612963 0.039583 0.050000
0 0.973958 0.712963 0.023958 0.061111
0 0.881510 0.819907 0.021354 0.065741
0 0.821094 0.120370 0.036979 0.050000
0 0.336198 0.787963 0.022396 0.066667
0 0.489323 0.037500 0.031771 0.054630
0 0.381510 0.181019 0.034896 0.045370
0 0.029427 0.387037 0.041146 0.048148
0 0.521094 0.828704 0.038021 0.037037
0 0.901302 0.900463 0.036979 0.036111
0 0.440104 0.027315 0.022917 0.052778
0 0.899219 0.218056 0.036979 0.052778
0 0.082812 0.581944 0.028125 0.058333
0 0.965104 0.197685 0.035417 0.041667
0 0.858594 0.479630 0.036979 0.061111
0 0.758854 0.259722 0.037500 0.039815
0 0.826823 0.882870 0.034896 0.037963
0 0.866406 0.367130 0.044271 0.041667
0 0.217708 0.220370 0.036458 0.044444
0 0.882552 0.700000 0.040104 0.057407
0 0.282552 0.244907 0.025521 0.049074
0 0.013542 0.222685 0.023958 0.069444
0 0.260937 0.025000 0.019792 0.048148
0 0.046094 0.191667 0.048438 0.050000
0 0.015365 0.729167 0.023438 0.063889
0 0.079167 0.866204 0.035417 0.052778
0 0.950521 0.242593 0.025000 0.059259
0 0.552604 0.035648 0.037500 0.036111
0 0.801562 0.703704 0.027083 0.062963
0 0.013021 0.668056 0.025000 0.062037
0 0.301302 0.145833 0.024479 0.069444
0 0.196094 0.701389 0.039062 0.037963
0 0.100521 0.750926 0.025000 0.062963
0 0.074740 0.793519 0.042188 0.038889
0 0.843750 0.085185 0.033333 0.048148
0 0.952865 0.159259 0.034896 0.038889
0 0.341927 0.888426 0.041146 0.036111
0 0.041667 0.832870 0.032292 0.058333
0 0.141927 0.161574 0.046354 0.037963
0 0.212500 0.025000 0.030208 0.048148
0 0.943490 0.374537 0.034896 0.049074
0 0.969271 0.111574 0.039583 0.037963
0 0.900521 0.788889 0.020833 0.044444
0 0.400521 0.931481 0.030208 0.055556
0 0.964063 0.030093 0.028125 0.058333
0 0.015104 0.808333 0.029167 0.053704
0 0.045833 0.102315 0.041667 0.043519
0 0.953385 0.492593 0.027604 0.042593
0 0.986198 0.277778 0.027604 0.044444
0 0.385937 0.259722 0.026042 0.034259
0 0.406510 0.054167 0.017188 0.037963
0 0.426563 0.939352 0.028125 0.063889
0 0.876302 0.022685 0.031771 0.043519
0 0.554427 0.711111 0.017188 0.042593
0 0.991667 0.217593 0.016667 0.042593
0 0.028906 0.048611 0.033854 0.039815
0 0.969792 0.136111 0.032292 0.044444
0 0.078646 0.016204 0.039583 0.030556
0 0.870833 0.937037 0.033333 0.038889
0 0.304948 0.939815 0.035937 0.050000
0 0.036198 0.626389 0.029687 0.045370
0 0.973698 0.938889 0.029687 0.068519
0 0.971354 0.812500 0.026042 0.039815
0 0.908594 0.011111 0.025521 0.020370
0 0.834896 0.025000 0.025000 0.048148
0 0.159115 0.837500 0.041146 0.058333
0 0.215104 0.835648 0.030208 0.078704
0 0.943229 0.958796 0.027083 0.060185
0 0.055990 0.951852 0.042188 0.057407
0 0.079948 0.983333 0.034896 0.033333
0 0.123698 0.668981 0.021354 0.025000
0 0.010417 0.175463 0.019792 0.036111
0 0.103906 0.942593 0.036979 0.051852
0 0.495052 0.956944 0.038021 0.069444
0 0.672396 0.952778 0.031250 0.057407
0 0.019010 0.991667 0.026562 0.016667
0 0.213542 0.975926 0.033333 0.046296
0 0.173437 0.961111 0.051042 0.074074
0 0.626302 0.978704 0.030729 0.027778
0 0.810677 0.971759 0.024479 0.010185
0 0.009115 0.879630 0.017188 0.046296
0 0.079167 0.752778 0.025000 0.040741
0 0.866406 0.980093 0.018229 0.028704
0 0.836719 0.982407 0.018229 0.029630
0 0.012760 0.522222 0.024479 0.042593
0 0.278125 0.615741 0.017708 0.046296
0 0.171875 0.546759 0.020833 0.050926
0 0.006250 0.125000 0.011458 0.029630
0 0.421094 0.095833 0.023438 0.049074
0 0.444531 0.136111 0.027604 0.079630
0 0.461719 0.094444 0.026562 0.064815
0 0.460156 0.054630 0.028646 0.061111
0 0.480729 0.015278 0.025000 0.028704
0 0.497396 0.063426 0.023958 0.036111
0 0.482812 0.107407 0.020833 0.075926
0 0.467708 0.154630 0.029167 0.053704
0 0.486198 0.196759 0.045312 0.032407
0 0.461458 0.237500 0.022917 0.063889
0 0.483854 0.240741 0.029167 0.057407
0 0.486979 0.350926 0.030208 0.046296
0 0.497656 0.385648 0.033854 0.047222
0 0.485677 0.315278 0.034896 0.056481
0 0.496875 0.294907 0.035417 0.060185
0 0.542188 0.335648 0.038542 0.052778
0 0.532031 0.296296 0.039062 0.042593
0 0.544531 0.267130 0.040104 0.032407
0 0.515885 0.260185 0.027604 0.053704
0 0.509115 0.219444 0.029687 0.033333
0 0.536458 0.231944 0.032292 0.047222
0 0.551042 0.195833 0.023958 0.056481
0 0.567187 0.172685 0.037500 0.052778
0 0.522135 0.171759 0.020313 0.063889
0 0.502865 0.165278 0.017188 0.050926
0 0.506510 0.122222 0.022396 0.062963
0 0.524219 0.101852 0.018229 0.072222
0 0.532552 0.009722 0.013021 0.017593
0 0.539323 0.143056 0.021354 0.062037
0 0.551042 0.116204 0.031250 0.058333
0 0.562240 0.081481 0.019271 0.046296
0 0.611198 0.242593 0.020313 0.048148
0 0.622135 0.208796 0.033854 0.050926
0 0.656250 0.158796 0.021875 0.076852
0 0.804427 0.295370 0.000521 0.000000
0 0.789583 0.257870 0.028125 0.075000
0 0.817187 0.279167 0.028125 0.080556
0 0.990365 0.106019 0.018229 0.058333
0 0.933333 0.256019 0.017708 0.049074
0 0.921094 0.250926 0.009896 0.033333
0 0.907292 0.362500 0.035417 0.052778
0 0.990365 0.419907 0.018229 0.034259
0 0.948438 0.423148 0.025000 0.064815
0 0.707031 0.006944 0.013021 0.012037
