0 0.232031 0.466667 0.033854 0.050000
0 0.246094 0.419907 0.030729 0.056481
0 0.403385 0.509259 0.033854 0.050000
0 0.396094 0.416204 0.024479 0.062037
0 0.373698 0.329630 0.028646 0.057407
0 0.251823 0.190741 0.031771 0.059259
0 0.309896 0.563426 0.035417 0.049074
0 0.172135 0.612037 0.038021 0.048148
0 0.302604 0.625000 0.035417 0.050000
0 0.367188 0.415741 0.025000 0.062963
0 0.289323 0.514352 0.036979 0.039815
0 0.340625 0.509259 0.019792 0.064815
0 0.292448 0.275926 0.026562 0.062963
0 0.572396 0.327778 0.034375 0.051852
0 0.192969 0.225000 0.031771 0.064815
0 0.226302 0.531019 0.035937 0.034259
0 0.138542 0.580556 0.025000 0.066667
0 0.624740 0.595833 0.027604 0.056481
0 0.174479 0.543519 0.031250 0.059259
0 0.280469 0.343056 0.031771 0.049074
0 0.191406 0.500926 0.022396 0.068519
0 0.460677 0.637500 0.026562 0.063889
0 0.263542 0.608333 0.018750 0.064815
0 0.343490 0.425000 0.022396 0.064815
0 0.436458 0.311111 0.025000 0.061111
0 0.315625 0.709259 0.028125 0.057407
0 0.347396 0.198611 0.020833 0.065741
0 0.361198 0.560185 0.033854 0.050000
0 0.521615 0.718519 0.025521 0.062963
0 0.160156 0.204167 0.034896 0.054630
0 0.613281 0.388426 0.028646 0.062037
0 0.507031 0.684259 0.035937 0.048148
0 0.398177 0.340278 0.022396 0.056481
0 0.397917 0.617593 0.034375 0.051852
0 0.652604 0.659259 0.027083 0.055556
0 0.392708 0.286574 0.034375 0.041667
0 0.083333 0.635648 0.023958 0.071296
0 0.552344 0.288889 0.035937 0.051852
0 0.664323 0.478704 0.025521 0.061111
0 0.478906 0.490741 0.025521 0.061111
0 0.397656 0.204167 0.035937 0.047222
0 0.051042 0.585185 0.035417 0.062963
0 0.515885 0.416204 0.033854 0.039815
0 0.145833 0.777778 0.039583 0.042593
0 0.226042 0.316204 0.031250 0.056481
0 0.428646 0.144907 0.035417 0.054630
0 0.933854 0.611574 0.032292 0.054630
0 0.154167 0.477315 0.038542 0.047222
0 0.534375 0.548611 0.034375 0.037963
0 0.316667 0.656944 0.037500 0.034259
0 0.276823 0.173611 0.020313 0.067593
0 0.166146 0.423611 0.032292 0.060185
0 0.124479 0.201389 0.021875 0.058333
0 0.178646 0.302778 0.037500 0.037037
0 0.122396 0.409259 0.039583 0.059259
0 0.138802 0.517593 0.028646 0.055556
0 0.491406 0.371296 0.024479 0.059259
0 0.755469 0.543056 0.031771 0.047222
0 0.452865 0.581944 0.026562 0.060185
0 0.540365 0.350926 0.017188 0.066667
0 0.662760 0.599074 0.023438 0.059259
0 0.316146 0.116204 0.021875 0.069444
0 0.163802 0.735185 0.034896 0.062963
0 0.602865 0.425463 0.030729 0.041667
0 0.153125 0.260185 0.036458 0.053704
0 0.324219 0.349074 0.039062 0.050000
0 0.290365 0.468981 0.024479 0.067593
0 0.369792 0.688889 0.030208 0.064815
0 0.545573 0.234722 0.020313 0.069444
0 0.099740 0.567593 0.033854 0.051852
0 0.716667 0.604167 0.027083 0.054630
0 0.035677 0.353241 0.021354 0.069444
0 0.340365 0.855093 0.032813 0.058333
0 0.670573 0.341204 0.035937 0.041667
0 0.888021 0.551852 0.031250 0.048148
0 0.080469 0.475000 0.033854 0.066667
0 0.152865 0.679630 0.038021 0.040741
0 0.659375 0.419444 0.033333 0.037037
0 0.586198 0.154167 0.022396 0.067593
0 0.290885 0.150000 0.020313 0.068519
0 0.895312 0.681481 0.038542 0.044444
0 0.042969 0.503704 0.040104 0.057407
0 0.504687 0.248611 0.023958 0.065741
0 0.185938 0.114352 0.023958 0.069444
0 0.528125 0.462037 0.035417 0.037037
0 0.513021 0.850000 0.034375 0.053704
0 0.529167 0.613426 0.018750 0.063889
0 0.464583 0.561574 0.025000 0.065741
0 0.035417 0.248611 0.023958 0.063889
0 0.100781 0.733796 0.043229 0.036111
0 0.396354 0.662963 0.036458 0.035185
0 0.136979 0.156944 0.020833 0.069444
0 0.606771 0.684259 0.035417 0.035185
0 0.128646 0.827778 0.040625 0.046296
0 0.970052 0.512963 0.028646 0.061111
0 0.690625 0.496296 0.017708 0.064815
0 0.858594 0.624074 0.031771 0.053704
0 0.875781 0.643981 0.025521 0.062037
0 0.209896 0.450000 0.035417 0.044444
0 0.027344 0.467130 0.040104 0.045370
0 0.905990 0.491667 0.030729 0.059259
0 0.095052 0.340278 0.040104 0.041667
0 0.263802 0.904167 0.028646 0.060185
0 0.223958 0.733796 0.038542 0.052778
0 0.148438 0.118519 0.023958 0.075926
0 0.730729 0.330093 0.021875 0.063889
0 0.851302 0.246296 0.034896 0.048148
0 0.390885 0.055093 0.028646 0.060185
0 0.905469 0.433796 0.026562 0.062037
0 0.252604 0.088426 0.020833 0.065741
0 0.263542 0.845370 0.023958 0.070370
0 0.905469 0.619907 0.019271 0.058333
0 0.574740 0.189352 0.032813 0.047222
0 0.255208 0.146296 0.033333 0.037037
0 0.845313 0.310185 0.029167 0.059259
0 0.062760 0.345370 0.025521 0.053704
0 0.872656 0.424074 0.032813 0.055556
0 0.452344 0.436111 0.022396 0.066667
0 0.536979 0.106481 0.033333 0.050000
0 0.214583 0.052778 0.020833 0.064815
0 0.702865 0.705093 0.024479 0.067593
0 0.320052 0.051852 0.026562 0.064815
0 0.406510 0.468056 0.035937 0.034259
0 0.523698 0.243519 0.018229 0.070370
0 0.540365 0.874074 0.038021 0.038889
0 0.470833 0.136574 0.017708 0.067593
0 0.555208 0.041204 0.028125 0.063889
0 0.036979 0.417593 0.042708 0.037037
0 0.858073 0.488426 0.030729 0.062037
0 0.495833 0.532407 0.018750 0.062963
0 0.642969 0.360185 0.019271 0.061111
0 0.883854 0.372222 0.027083 0.059259
0 0.058073 0.743056 0.026562 0.075000
0 0.662500 0.217130 0.019792 0.065741
0 0.513281 0.590741 0.018229 0.062963
0 0.053125 0.158333 0.026042 0.070370
0 0.457031 0.202778 0.017188 0.064815
0 0.193229 0.341204 0.043750 0.037963
0 0.447135 0.834722 0.038021 0.037963
0 0.788802 0.812500 0.029687 0.058333
0 0.838542 0.424074 0.036458 0.035185
0 0.097396 0.845833 0.032292 0.065741
0 0.404687 0.774074 0.023958 0.064815
0 0.288802 0.081019 0.019271 0.067593
0 0.476302 0.378704 0.030729 0.053704
0 0.222135 0.385648 0.033854 0.039815
0 0.853385 0.571296 0.035937 0.046296
0 0.717969 0.810648 0.026562 0.063889
0 0.026562 0.553241 0.023958 0.065741
0 0.928385 0.755093 0.023438 0.063889
0 0.482552 0.574537 0.022396 0.062037
0 0.244531 0.852315 0.022396 0.073148
0 0.024740 0.300926 0.025521 0.061111
0 0.210156 0.822222 0.038021 0.037037
0 0.043490 0.772222 0.032813 0.059259
0 0.854688 0.192593 0.027083 0.066667
0 0.746615 0.472685 0.039062 0.039815
0 0.193490 0.694907 0.036979 0.041667
0 0.794531 0.237963 0.023438 0.066667
0 0.555469 0.493056 0.034896 0.071296
0 0.491667 0.833796 0.034375 0.039815
0 0.772396 0.087963 0.036458 0.050000
0 0.301042 0.850000 0.037500 0.033333
0 0.970313 0.787037 0.029167 0.053704
0 0.933333 0.256481 0.028125 0.059259
0 0.809896 0.343519 0.025000 0.061111
0 0.452344 0.042593 0.020313 0.064815
0 0.126562 0.295370 0.033333 0.057407
0 0.866927 0.772685 0.039062 0.041667
0 0.938281 0.446759 0.034896 0.043519
0 0.373698 0.600000 0.031771 0.044444
0 0.966406 0.240741 0.040104 0.037037
0 0.765365 0.246296 0.025521 0.064815
0 0.535417 0.080093 0.034375 0.041667
0 0.723698 0.196759 0.035937 0.050926
0 0.254688 0.024074 0.038542 0.042593
0 0.863021 0.349074 0.027083 0.061111
0 0.859375 0.857870 0.033333 0.049074
0 0.478646 0.053704 0.032292 0.037037
0 0.726302 0.072222 0.030729 0.048148
0 0.849219 0.104630 0.030729 0.059259
0 0.225521 0.867130 0.023958 0.069444
0 0.773958 0.167593 0.029167 0.064815
0 0.183854 0.747222 0.044792 0.048148
0 0.815365 0.503704 0.027604 0.059259
0 0.207292 0.882407 0.025000 0.061111
0 0.760938 0.212037 0.033333 0.055556
0 0.945052 0.484259 0.029687 0.050000
0 0.949479 0.412963 0.039583 0.037037
0 0.983333 0.458333 0.031250 0.042593
0 0.490625 0.026852 0.038542 0.038889
0 0.503646 0.917130 0.029167 0.056481
0 0.730469 0.143981 0.029687 0.058333
0 0.320573 0.435185 0.020313 0.048148
0 0.195052 0.020370 0.033854 0.038889
0 0.835156 0.496759 0.024479 0.058333
0 0.319531 0.902315 0.019271 0.069444
0 0.330729 0.022222 0.028125 0.042593
0 0.822396 0.253704 0.018750 0.068519
0 0.020833 0.647685 0.030208 0.063889
0 0.342187 0.923148 0.031250 0.038889
0 0.983073 0.186574 0.031771 0.050926
0 0.297917 0.896296 0.021875 0.062963
0 0.670052 0.074537 0.020313 0.073148
0 0.218750 0.788889 0.037500 0.040741
0 0.748437 0.168056 0.020833 0.067593
0 0.366667 0.108333 0.028125 0.033333
0 0.897396 0.162963 0.023958 0.066667
0 0.250000 0.779630 0.034375 0.064815
0 0.409375 0.103704 0.031250 0.044444
0 0.688281 0.191204 0.024479 0.069444
0 0.010156 0.148611 0.019271 0.071296
0 0.530990 0.939352 0.027604 0.062037
0 0.919792 0.044907 0.040625 0.045370
0 0.015625 0.840278 0.030208 0.054630
0 0.699740 0.103704 0.018229 0.068519
0 0.183073 0.916667 0.033854 0.042593
0 0.966406 0.142130 0.026562 0.054630
0 0.776563 0.131944 0.039583 0.041667
0 0.881771 0.087500 0.021875 0.073148
0 0.992448 0.282870 0.015104 0.063889
0 0.841927 0.052315 0.022396 0.063889
0 0.952344 0.047685 0.034896 0.043519
0 0.246094 0.929167 0.024479 0.054630
0 0.011458 0.525000 0.021875 0.057407
0 0.659115 0.022685 0.032813 0.043519
0 0.036719 0.868519 0.032813 0.061111
0 0.817187 0.043981 0.020833 0.062037
0 0.993490 0.084722 0.013021 0.050926
0 0.935677 0.167593 0.034896 0.059259
0 0.413021 0.887037 0.028125 0.057407
0 0.620833 0.258333 0.023958 0.050000
0 0.313281 0.939815 0.031771 0.038889
0 0.033594 0.938889 0.041146 0.050000
0 0.400000 0.936111 0.026042 0.059259
0 0.873437 0.047685 0.029167 0.037963
0 0.262240 0.955556 0.022396 0.061111
0 0.010677 0.338889 0.020313 0.046296
0 0.987240 0.830556 0.025521 0.062963
0 0.032292 0.980556 0.055208 0.035185
0 0.795833 0.746759 0.030208 0.032407
0 0.486458 0.956944 0.025000 0.060185
0 0.454948 0.883333 0.032813 0.048148
0 0.939323 0.922222 0.032813 0.037037
0 0.049740 0.053241 0.039062 0.050926
0 0.350781 0.973148 0.032813 0.042593
0 0.994010 0.950000 0.011979 0.066667
0 0.161979 0.008796 0.029167 0.015741
0 0.996354 0.025926 0.007292 0.050000
0 0.739583 0.952315 0.034375 0.052778
0 0.887500 0.953704 0.029167 0.062963
0 0.082292 0.011111 0.039583 0.020370
0 0.067708 0.879167 0.034375 0.041667
0 0.392448 0.144907 0.018229 0.049074
0 0.432812 0.217130 0.030208 0.056481
0 0.423958 0.253241 0.039583 0.037963
0 0.475781 0.238426 0.032813 0.041667
0 0.486198 0.193519 0.040104 0.044444
0 0.494531 0.090741 0.025521 0.064815
0 0.505469 0.136111 0.016146 0.066667
0 0.513802 0.172222 0.018229 0.064815
0 0.533073 0.187037 0.020313 0.064815
0 0.545312 0.153704 0.020833 0.070370
0 0.561198 0.100926 0.017188 0.044444
0 0.492969 0.313426 0.027604 0.062037
0 0.462760 0.330093 0.032813 0.058333
0 0.434375 0.393519 0.026042 0.050000
0 0.516667 0.350463 0.018750 0.075000
0 0.295052 0.403241 0.034896 0.047222
0 0.314323 0.368519 0.036979 0.055556
0 0.204948 0.376389 0.041146 0.030556
0 0.171615 0.365741 0.017188 0.059259
0 0.191667 0.412037 0.037500 0.037037
0 0.817187 0.972222 0.028125 0.012963
0 0.778906 0.978704 0.027604 0.025926
0 0.007031 0.293519 0.013021 0.035185
0 0.145052 0.415278 0.024479 0.063889
0 0.039062 0.662963 0.023958 0.070370
0 0.290885 0.980093 0.019271 0.023148
0 0.600781 0.566204 0.026562 0.060185
0 0.991667 0.622685 0.016667 0.071296
0 0.971875 0.099074 0.025000 0.025926
0 0.815365 0.006944 0.014063 0.012037
0 0.227083 0.011574 0.020833 0.021296
0 0.502865 0.491204 0.029687 0.037963
0 0.928385 0.069907 0.020313 0.037963
