0 0.209896 0.359722 0.020833 0.067593
0 0.150521 0.384259 0.020833 0.068519
0 0.658854 0.510185 0.027083 0.059259
0 0.447917 0.357407 0.033333 0.053704
0 0.338021 0.484722 0.030208 0.063889
0 0.301042 0.575926 0.034375 0.055556
0 0.388281 0.403704 0.023438 0.062963
0 0.405208 0.536111 0.032292 0.046296
0 0.281510 0.583333 0.028646 0.057407
0 0.535937 0.480556 0.025000 0.068519
0 0.410156 0.347685 0.021354 0.062037
0 0.352865 0.556019 0.031771 0.062037
0 0.703906 0.177315 0.029687 0.060185
0 0.376823 0.538889 0.024479 0.055556
0 0.438281 0.246759 0.031771 0.049074
0 0.257812 0.536111 0.022917 0.070370
0 0.589583 0.657870 0.028125 0.065741
0 0.414062 0.797222 0.030208 0.059259
0 0.577865 0.455093 0.034896 0.050926
0 0.334375 0.575926 0.030208 0.070370
0 0.594531 0.343056 0.028646 0.060185
0 0.721875 0.633333 0.026042 0.066667
0 0.078906 0.500463 0.022396 0.067593
0 0.450260 0.403241 0.031771 0.049074
0 0.894792 0.748148 0.031250 0.053704
0 0.536458 0.694907 0.036458 0.045370
0 0.597917 0.163426 0.019792 0.062037
0 0.253906 0.457407 0.029687 0.053704
0 0.369010 0.405093 0.021354 0.062037
0 0.633073 0.650463 0.033854 0.043519
0 0.644271 0.818981 0.034375 0.050926
0 0.872656 0.536574 0.029687 0.056481
0 0.189583 0.630556 0.033333 0.055556
0 0.341146 0.394444 0.029167 0.050000
0 0.239844 0.305556 0.025521 0.064815
0 0.499740 0.645370 0.021354 0.068519
0 0.663281 0.790741 0.033854 0.048148
0 0.701042 0.091204 0.021875 0.067593
0 0.252604 0.067130 0.019792 0.062037
0 0.818490 0.176852 0.024479 0.062963
0 0.686198 0.360648 0.018229 0.065741
0 0.447135 0.572685 0.019271 0.065741
0 0.728385 0.363889 0.020313 0.064815
0 0.805469 0.441667 0.030729 0.048148
0 0.241406 0.621759 0.024479 0.063889
0 0.508594 0.318519 0.033854 0.048148
0 0.829688 0.153241 0.025000 0.065741
0 0.262240 0.160185 0.024479 0.066667
0 0.649740 0.354167 0.024479 0.063889
0 0.672396 0.574537 0.019792 0.060185
0 0.478646 0.289352 0.034375 0.047222
0 0.950000 0.712037 0.031250 0.053704
0 0.594010 0.844907 0.023438 0.065741
0 0.514062 0.376389 0.035417 0.043519
0 0.687240 0.760185 0.030729 0.055556
0 0.192448 0.434259 0.033854 0.042593
0 0.174740 0.371759 0.027604 0.069444
0 0.302865 0.440278 0.038021 0.043519
0 0.647135 0.280556 0.033854 0.051852
0 0.472656 0.072222 0.018229 0.066667
0 0.828385 0.531481 0.039062 0.044444
0 0.908333 0.662963 0.033333 0.055556
0 0.228125 0.550926 0.038542 0.044444
0 0.716927 0.417593 0.036979 0.040741
0 0.599740 0.574537 0.022396 0.060185
0 0.439583 0.312037 0.037500 0.038889
0 0.138021 0.467130 0.029167 0.056481
0 0.540625 0.250926 0.028125 0.064815
0 0.200781 0.572685 0.046354 0.039815
0 0.932813 0.477315 0.030208 0.056481
0 0.538281 0.745833 0.032813 0.043519
0 0.528906 0.625000 0.019271 0.068519
0 0.921615 0.538889 0.024479 0.064815
0 0.791406 0.295833 0.032813 0.054630
0 0.529167 0.814815 0.020833 0.066667
0 0.675781 0.293519 0.035937 0.044444
0 0.528385 0.297222 0.031771 0.055556
0 0.808333 0.603241 0.036458 0.054630
0 0.218750 0.447685 0.020833 0.071296
0 0.273438 0.379167 0.038542 0.043519
0 0.242448 0.350000 0.027604 0.062963
0 0.200260 0.698611 0.024479 0.065741
0 0.697917 0.257870 0.036458 0.041667
0 0.483854 0.724537 0.037500 0.047222
0 0.284375 0.208796 0.026042 0.069444
0 0.238542 0.177315 0.021875 0.054630
0 0.415104 0.737037 0.037500 0.046296
0 0.718490 0.214815 0.033854 0.048148
0 0.333594 0.430093 0.035937 0.039815
0 0.828906 0.603704 0.035937 0.053704
0 0.842187 0.383796 0.032292 0.049074
0 0.670573 0.736111 0.032813 0.050000
0 0.632031 0.719907 0.036979 0.036111
0 0.745313 0.133796 0.029167 0.047222
0 0.434635 0.186574 0.038021 0.045370
0 0.760677 0.746759 0.019271 0.067593
0 0.976823 0.697685 0.028646 0.063889
0 0.889583 0.416204 0.022917 0.060185
0 0.886979 0.699537 0.039583 0.060185
0 0.730208 0.520833 0.035417 0.045370
0 0.933333 0.427778 0.032292 0.061111
0 0.311458 0.865278 0.033333 0.056481
0 0.279167 0.038889 0.031250 0.061111
0 0.473177 0.600000 0.019271 0.064815
0 0.631510 0.076389 0.032813 0.050926
0 0.216927 0.086111 0.032813 0.059259
0 0.804948 0.751852 0.035937 0.051852
0 0.944531 0.314815 0.024479 0.064815
0 0.666146 0.044444 0.022917 0.059259
0 0.230208 0.252315 0.037500 0.041667
0 0.311979 0.174537 0.034375 0.041667
0 0.893750 0.280093 0.035417 0.058333
0 0.203906 0.797685 0.029687 0.067593
0 0.254167 0.814815 0.031250 0.059259
0 0.537760 0.042130 0.021354 0.063889
0 0.384115 0.824537 0.035937 0.047222
0 0.852604 0.233333 0.037500 0.044444
0 0.792188 0.192130 0.039583 0.037963
0 0.077604 0.413426 0.033333 0.056481
0 0.682813 0.834259 0.035417 0.038889
0 0.748958 0.045833 0.023958 0.067593
0 0.764062 0.260185 0.037500 0.046296
0 0.101562 0.829167 0.028125 0.063889
0 0.149740 0.113889 0.024479 0.075926
0 0.048698 0.809259 0.034896 0.064815
0 0.387760 0.037037 0.035937 0.046296
0 0.633854 0.120370 0.030208 0.048148
0 0.297656 0.113889 0.035937 0.051852
0 0.794792 0.338426 0.039583 0.036111
0 0.380990 0.489815 0.039062 0.044444
0 0.863021 0.283796 0.029167 0.060185
0 0.277604 0.341667 0.038542 0.037037
0 0.276823 0.777315 0.019271 0.065741
0 0.408073 0.641667 0.038021 0.035185
0 0.225781 0.812963 0.027604 0.061111
0 0.745833 0.822685 0.035417 0.049074
0 0.191667 0.743519 0.029167 0.059259
0 0.840625 0.426389 0.034375 0.037963
0 0.467187 0.864352 0.032292 0.060185
0 0.254167 0.866204 0.036458 0.049074
0 0.137760 0.590278 0.024479 0.069444
0 0.949479 0.663889 0.036458 0.035185
0 0.707812 0.811111 0.037500 0.042593
0 0.192188 0.043981 0.036458 0.052778
0 0.812760 0.368056 0.027604 0.062037
0 0.953906 0.237963 0.022396 0.066667
0 0.724479 0.035185 0.018750 0.066667
0 0.941146 0.749074 0.034375 0.057407
0 0.300260 0.714815 0.033854 0.066667
0 0.947917 0.142130 0.022917 0.058333
0 0.333594 0.107407 0.035937 0.055556
0 0.065625 0.822222 0.034375 0.059259
0 0.089844 0.590278 0.042188 0.060185
0 0.451042 0.797222 0.038542 0.051852
0 0.812240 0.247222 0.025521 0.062963
0 0.852865 0.194444 0.035937 0.038889
0 0.910417 0.133796 0.038542 0.045370
0 0.404948 0.055093 0.034896 0.041667
0 0.278125 0.871296 0.025000 0.059259
0 0.868490 0.366667 0.038021 0.035185
0 0.111198 0.425926 0.044271 0.038889
0 0.560417 0.064815 0.031250 0.051852
0 0.020573 0.808796 0.024479 0.069444
0 0.934375 0.052315 0.022917 0.062037
0 0.249740 0.749537 0.040104 0.043519
0 0.122656 0.851852 0.035937 0.059259
0 0.859115 0.481019 0.032813 0.060185
0 0.910417 0.365741 0.037500 0.055556
0 0.628125 0.025926 0.030208 0.048148
0 0.107292 0.208333 0.038542 0.038889
0 0.622917 0.904167 0.029167 0.054630
0 0.066406 0.177315 0.029687 0.067593
0 0.851823 0.671759 0.038021 0.041667
0 0.012760 0.743056 0.024479 0.062037
0 0.320312 0.061574 0.038542 0.037963
0 0.148177 0.258796 0.033854 0.058333
0 0.939323 0.084722 0.023438 0.060185
0 0.930469 0.250000 0.022396 0.046296
0 0.038802 0.664352 0.024479 0.069444
0 0.126823 0.542593 0.039062 0.037037
0 0.225000 0.901389 0.031250 0.056481
0 0.434115 0.031944 0.035937 0.037963
0 0.112240 0.502778 0.040104 0.051852
0 0.161198 0.827315 0.039062 0.037963
0 0.237240 0.406481 0.031771 0.064815
0 0.838021 0.783333 0.040625 0.037037
0 0.033594 0.390278 0.043229 0.039815
0 0.596354 0.783333 0.030208 0.033333
0 0.028906 0.280093 0.027604 0.062037
0 0.155729 0.781481 0.043750 0.053704
0 0.976302 0.270370 0.034896 0.044444
0 0.968490 0.170833 0.039062 0.047222
0 0.979167 0.762500 0.038542 0.037963
0 0.255208 0.110648 0.031250 0.049074
0 0.066406 0.869907 0.039062 0.062037
0 0.037760 0.200000 0.041146 0.055556
0 0.852604 0.093519 0.027083 0.044444
0 0.356250 0.843981 0.020833 0.076852
0 0.177083 0.777315 0.037500 0.065741
0 0.301823 0.820833 0.033854 0.065741
0 0.127865 0.021759 0.028646 0.041667
0 0.182292 0.484259 0.036458 0.051852
0 0.021615 0.449074 0.030729 0.062963
0 0.128385 0.177315 0.044271 0.062037
0 0.054167 0.063426 0.027083 0.065741
0 0.145052 0.906481 0.043229 0.040741
0 0.930469 0.175000 0.029687 0.061111
0 0.072917 0.239352 0.022917 0.067593
0 0.969010 0.117130 0.020313 0.036111
0 0.969792 0.092593 0.038542 0.029630
0 0.447656 0.718056 0.034896 0.043519
0 0.982812 0.042593 0.021875 0.050000
0 0.011198 0.263889 0.021354 0.066667
0 0.575521 0.918519 0.035417 0.042593
0 0.993750 0.220833 0.011458 0.049074
0 0.929948 0.769444 0.029687 0.057407
0 0.992708 0.814352 0.014583 0.056481
0 0.089583 0.891204 0.027083 0.063889
0 0.896615 0.819444 0.024479 0.031481
0 0.259896 0.016204 0.039583 0.030556
0 0.029427 0.048148 0.033854 0.038889
0 0.220052 0.940278 0.038021 0.067593
0 0.014583 0.686111 0.028125 0.044444
0 0.078125 0.012963 0.037500 0.024074
0 0.008594 0.175926 0.016146 0.031481
0 0.996094 0.413889 0.007812 0.027778
0 0.034635 0.628704 0.031771 0.035185
0 0.982031 0.544444 0.019271 0.033333
0 0.445312 0.761574 0.027083 0.034259
0 0.437500 0.870833 0.034375 0.071296
0 0.904427 0.010648 0.026562 0.019444
0 0.074479 0.950000 0.041667 0.088889
0 0.524740 0.957870 0.021354 0.071296
0 0.397396 0.950000 0.034375 0.057407
0 0.113802 0.273611 0.015104 0.023148
0 0.210417 0.981019 0.041667 0.036111
0 0.076823 0.754630 0.017188 0.031481
0 0.612240 0.978704 0.033854 0.027778
0 0.267708 0.954167 0.038542 0.056481
0 0.487760 0.962500 0.033854 0.043519
0 0.432292 0.092130 0.031250 0.050926
0 0.454427 0.097222 0.018229 0.057407
0 0.440885 0.142130 0.039062 0.034259
0 0.475000 0.162037 0.023958 0.072222
0 0.458333 0.225000 0.036458 0.042593
0 0.433594 0.212500 0.015104 0.023148
0 0.490625 0.096296 0.020833 0.064815
0 0.500260 0.166204 0.016146 0.062037
0 0.509115 0.137037 0.016146 0.062963
0 0.519010 0.168056 0.018229 0.067593
0 0.538281 0.107407 0.030729 0.057407
0 0.543750 0.184259 0.023958 0.064815
0 0.571094 0.213426 0.036979 0.049074
0 0.574219 0.177778 0.032813 0.059259
0 0.487500 0.018981 0.030208 0.036111
0 0.513542 0.032407 0.029167 0.062963
0 0.497396 0.055556 0.036458 0.046296
0 0.529427 0.008333 0.017188 0.014815
0 0.603125 0.078704 0.030208 0.040741
0 0.515365 0.251389 0.035937 0.045370
0 0.665885 0.130556 0.026562 0.048148
0 0.678906 0.161111 0.033854 0.051852
0 0.660937 0.221759 0.020833 0.069444
0 0.866667 0.066204 0.029167 0.037963
0 0.871875 0.975000 0.037500 0.046296
0 0.669010 0.978704 0.035937 0.042593
0 0.647135 0.974074 0.034896 0.044444
0 0.362760 0.974537 0.017188 0.017593
0 0.016667 0.858333 0.032292 0.048148
0 0.152344 0.460648 0.019271 0.032407
0 0.153646 0.429630 0.018750 0.042593
0 0.255990 0.413426 0.020313 0.039815
0 0.251563 0.225463 0.021875 0.052778
0 0.565365 0.097685 0.020313 0.037963
0 0.605469 0.315278 0.029687 0.030556
0 0.584896 0.280556 0.028125 0.050000
0 0.560937 0.262963 0.028125 0.059259
0 0.538281 0.369907 0.021354 0.075000
0 0.571354 0.362037 0.018750 0.070370
0 0.590625 0.381481 0.028125 0.050000
0 0.555729 0.427778 0.029167 0.062963
0 0.549219 0.391667 0.028646 0.053704
