0 0.498177 0.485648 0.024479 0.063889
0 0.571615 0.549537 0.027604 0.060185
0 0.223438 0.180556 0.020833 0.068519
0 0.471354 0.487500 0.033333 0.050926
0 0.120573 0.479167 0.029687 0.060185
0 0.137500 0.257407 0.032292 0.061111
0 0.367969 0.589815 0.038021 0.037037
0 0.132812 0.578241 0.036458 0.050926
0 0.511458 0.741204 0.032292 0.054630
0 0.530990 0.406481 0.022396 0.066667
0 0.548177 0.478704 0.019271 0.066667
0 0.502083 0.687500 0.026042 0.063889
0 0.622656 0.574537 0.031771 0.058333
0 0.399219 0.638426 0.025521 0.063889
0 0.349740 0.343519 0.028646 0.068519
0 0.328125 0.648611 0.034375 0.056481
0 0.458073 0.695833 0.032813 0.060185
0 0.671094 0.232407 0.028646 0.064815
0 0.198177 0.197222 0.021354 0.066667
0 0.644271 0.342130 0.032292 0.058333
0 0.538281 0.599537 0.024479 0.065741
0 0.198177 0.638889 0.030729 0.064815
0 0.649740 0.460648 0.031771 0.058333
0 0.688281 0.336574 0.022396 0.060185
0 0.217448 0.619907 0.030729 0.060185
0 0.629687 0.755093 0.032292 0.054630
0 0.576562 0.737963 0.033333 0.050000
0 0.394531 0.758333 0.023438 0.059259
0 0.519010 0.314815 0.035937 0.050000
0 0.292708 0.706944 0.036458 0.058333
0 0.348698 0.173148 0.020313 0.066667
0 0.702865 0.656944 0.026562 0.062037
0 0.560156 0.331019 0.022396 0.067593
0 0.423177 0.599074 0.033854 0.051852
0 0.603646 0.304630 0.018750 0.070370
0 0.077865 0.369444 0.023438 0.066667
0 0.190625 0.509259 0.034375 0.059259
0 0.247396 0.673611 0.037500 0.050926
0 0.632552 0.237963 0.026562 0.064815
0 0.166146 0.423611 0.027083 0.062037
0 0.153125 0.519444 0.021875 0.062963
0 0.266927 0.393056 0.023438 0.065741
0 0.606250 0.684722 0.035417 0.054630
0 0.099740 0.547685 0.038021 0.045370
0 0.216146 0.730093 0.034375 0.056481
0 0.236458 0.050926 0.021875 0.066667
0 0.212500 0.058796 0.026042 0.065741
0 0.178125 0.572685 0.027083 0.058333
0 0.046615 0.410185 0.036979 0.050000
0 0.563542 0.110648 0.017708 0.062037
0 0.569531 0.387037 0.038021 0.051852
0 0.439063 0.138889 0.021875 0.068519
0 0.632552 0.704630 0.033854 0.048148
0 0.318490 0.080556 0.022396 0.062963
0 0.450521 0.405093 0.033333 0.058333
0 0.441927 0.540278 0.022396 0.063889
0 0.150260 0.125926 0.031771 0.068519
0 0.794271 0.618981 0.032292 0.052778
0 0.422135 0.520370 0.018229 0.070370
0 0.787500 0.528241 0.019792 0.062037
0 0.144010 0.441204 0.021354 0.060185
0 0.618229 0.266667 0.021875 0.064815
0 0.115365 0.416204 0.028646 0.063889
0 0.494792 0.112037 0.018750 0.064815
0 0.170313 0.206019 0.030208 0.063889
0 0.419010 0.292593 0.028646 0.061111
0 0.969010 0.467593 0.026562 0.053704
0 0.617188 0.398611 0.034375 0.063889
0 0.454427 0.641667 0.035937 0.044444
0 0.567187 0.256019 0.023958 0.069444
0 0.224479 0.365741 0.028125 0.064815
0 0.388802 0.139815 0.031771 0.064815
0 0.753125 0.566667 0.019792 0.048148
0 0.403385 0.244444 0.038021 0.044444
0 0.527604 0.048148 0.025000 0.066667
0 0.248698 0.530556 0.030729 0.059259
0 0.706771 0.567130 0.037500 0.039815
0 0.730208 0.503704 0.022917 0.064815
0 0.242969 0.108333 0.034896 0.053704
0 0.264323 0.573148 0.029687 0.061111
0 0.573958 0.658796 0.033333 0.047222
0 0.492188 0.613426 0.031250 0.065741
0 0.099740 0.179630 0.033854 0.064815
0 0.359375 0.862037 0.038542 0.044444
0 0.202865 0.271759 0.041146 0.037963
0 0.378906 0.075926 0.030729 0.061111
0 0.230208 0.319907 0.034375 0.052778
0 0.495312 0.819444 0.037500 0.048148
0 0.250521 0.721296 0.041667 0.046296
0 0.275260 0.450000 0.034896 0.055556
0 0.925521 0.458333 0.031250 0.057407
0 0.649219 0.302778 0.035937 0.038889
0 0.320052 0.851389 0.030729 0.067593
0 0.275000 0.044907 0.031250 0.065741
0 0.763281 0.515278 0.028646 0.054630
0 0.229167 0.238889 0.023958 0.053704
0 0.341406 0.046759 0.026562 0.063889
0 0.408594 0.173611 0.027604 0.069444
0 0.501042 0.868981 0.025000 0.065741
0 0.037760 0.570833 0.032813 0.062037
0 0.478385 0.226852 0.029687 0.070370
0 0.296615 0.863426 0.022396 0.065741
0 0.346615 0.111574 0.035937 0.060185
0 0.755208 0.249074 0.020833 0.068519
0 0.422917 0.449537 0.029167 0.065741
0 0.443229 0.826389 0.038542 0.041667
0 0.644271 0.073148 0.030208 0.057407
0 0.296875 0.593056 0.039583 0.034259
0 0.942187 0.520370 0.032292 0.053704
0 0.109635 0.207870 0.036979 0.062037
0 0.192188 0.843519 0.035417 0.055556
0 0.848437 0.240741 0.032292 0.050000
0 0.395052 0.507870 0.036979 0.065741
0 0.953906 0.342593 0.025521 0.057407
0 0.016667 0.399074 0.028125 0.064815
0 0.032292 0.354630 0.040625 0.050000
0 0.588542 0.208333 0.036458 0.048148
0 0.753125 0.806019 0.026042 0.063889
0 0.724219 0.701852 0.021354 0.066667
0 0.739844 0.193981 0.035937 0.039815
0 0.732292 0.112037 0.035417 0.048148
0 0.875260 0.821296 0.026562 0.061111
0 0.883854 0.694907 0.040625 0.043519
0 0.749479 0.725463 0.022917 0.062037
0 0.415365 0.075926 0.024479 0.068519
0 0.854167 0.624074 0.034375 0.037037
0 0.869271 0.387500 0.034375 0.049074
0 0.183854 0.317130 0.039583 0.037963
0 0.970573 0.670370 0.036979 0.037037
0 0.898177 0.196759 0.024479 0.060185
0 0.507552 0.374537 0.025521 0.069444
0 0.386458 0.029630 0.029167 0.057407
0 0.854167 0.332870 0.029167 0.056481
0 0.155990 0.649537 0.044271 0.034259
0 0.882812 0.166667 0.022917 0.061111
0 0.676562 0.047685 0.029167 0.056481
0 0.152604 0.712037 0.041667 0.048148
0 0.450000 0.242593 0.031250 0.066667
0 0.925000 0.366667 0.039583 0.048148
0 0.849219 0.462500 0.033854 0.056481
0 0.847396 0.377778 0.019792 0.062963
0 0.201042 0.766667 0.029167 0.061111
0 0.902604 0.286111 0.021875 0.064815
0 0.796615 0.774537 0.036979 0.032407
0 0.767448 0.082407 0.038021 0.038889
0 0.937500 0.318519 0.018750 0.059259
0 0.941146 0.639352 0.037500 0.045370
0 0.155469 0.838426 0.038021 0.052778
0 0.098177 0.134722 0.041146 0.045370
0 0.868490 0.084722 0.027604 0.050926
0 0.034375 0.699074 0.028125 0.068519
0 0.481510 0.033796 0.040104 0.049074
0 0.885938 0.266204 0.032292 0.054630
0 0.694531 0.243056 0.019271 0.063889
0 0.778125 0.834722 0.028125 0.054630
0 0.985156 0.405093 0.028646 0.049074
0 0.810417 0.700926 0.026042 0.048148
0 0.106771 0.290741 0.044792 0.038889
0 0.879427 0.550926 0.034896 0.046296
0 0.170313 0.786574 0.030208 0.071296
0 0.737500 0.294907 0.035417 0.036111
0 0.777865 0.153241 0.032813 0.052778
0 0.079687 0.787963 0.025000 0.068519
0 0.470573 0.070833 0.035937 0.039815
0 0.720052 0.071296 0.038021 0.040741
0 0.915885 0.526389 0.034896 0.052778
0 0.106250 0.848611 0.042708 0.039815
0 0.592448 0.899537 0.030729 0.052778
0 0.387500 0.288426 0.040625 0.058333
0 0.951562 0.112037 0.032292 0.051852
0 0.927083 0.587037 0.031250 0.055556
0 0.956250 0.568981 0.034375 0.047222
0 0.562760 0.907407 0.025521 0.057407
0 0.849219 0.768981 0.036979 0.043519
0 0.454688 0.025000 0.037500 0.042593
0 0.740365 0.684722 0.019271 0.063889
0 0.537500 0.811574 0.036458 0.037963
0 0.689323 0.404167 0.039062 0.063889
0 0.966406 0.274074 0.028646 0.062963
0 0.800000 0.400926 0.023958 0.074074
0 0.194792 0.064815 0.016667 0.050000
0 0.770312 0.661111 0.034375 0.042593
0 0.781510 0.708796 0.027604 0.067593
0 0.832292 0.131019 0.033333 0.037963
0 0.937760 0.202315 0.034896 0.058333
0 0.953906 0.222685 0.034896 0.043519
0 0.022656 0.650463 0.035937 0.047222
0 0.984115 0.083796 0.031771 0.047222
0 0.986458 0.781019 0.025000 0.050926
0 0.186719 0.751389 0.032813 0.052778
0 0.980729 0.241204 0.026042 0.060185
0 0.875260 0.112037 0.035937 0.059259
0 0.927604 0.036111 0.035417 0.038889
0 0.105729 0.747685 0.041667 0.052778
0 0.050000 0.191667 0.047917 0.040741
0 0.451302 0.868981 0.033854 0.041667
0 0.921615 0.708333 0.023438 0.042593
0 0.576042 0.080556 0.027083 0.037037
0 0.363021 0.913426 0.036458 0.041667
0 0.105469 0.796759 0.033854 0.063889
0 0.009896 0.495833 0.018750 0.073148
0 0.914844 0.100000 0.028646 0.046296
0 0.130990 0.791667 0.042188 0.040741
0 0.766146 0.027778 0.037500 0.037037
0 0.227083 0.845833 0.021875 0.067593
0 0.989062 0.579630 0.020833 0.061111
0 0.442969 0.762500 0.029687 0.028704
0 0.089323 0.077778 0.042188 0.068519
0 0.163281 0.899537 0.028646 0.060185
0 0.096094 0.956944 0.025521 0.067593
0 0.072917 0.019907 0.039583 0.037963
0 0.077604 0.956944 0.029167 0.067593
0 0.200000 0.893519 0.041667 0.038889
0 0.112240 0.912500 0.023438 0.063889
0 0.025260 0.035185 0.038021 0.050000
0 0.206771 0.937037 0.026042 0.061111
0 0.558854 0.012963 0.034375 0.024074
0 0.601823 0.012963 0.016146 0.024074
0 0.418229 0.890278 0.039583 0.052778
0 0.889844 0.035648 0.020313 0.023148
0 0.952344 0.915278 0.039062 0.032407
0 0.010937 0.238426 0.020833 0.047222
0 0.158854 0.952778 0.023958 0.068519
0 0.291667 0.950000 0.033333 0.050000
0 0.129688 0.955093 0.023958 0.067593
0 0.967969 0.898611 0.029687 0.039815
0 0.141667 0.011111 0.031250 0.020370
0 0.055469 0.950000 0.034896 0.075926
0 0.396354 0.950463 0.018750 0.065741
0 0.328646 0.966667 0.035417 0.055556
0 0.321615 0.241204 0.016146 0.028704
0 0.250000 0.015278 0.014583 0.025000
0 0.582031 0.952778 0.025521 0.064815
0 0.753125 0.943056 0.038542 0.043519
0 0.695052 0.975463 0.028646 0.041667
0 0.873177 0.949537 0.043229 0.041667
0 0.884635 0.978704 0.038021 0.042593
0 0.433333 0.980093 0.027083 0.039815
