0 0.710677 0.624537 0.033854 0.047222
0 0.680208 0.468981 0.023958 0.062037
0 0.842448 0.644444 0.031771 0.051852
0 0.235677 0.264352 0.020313 0.065741
0 0.337500 0.131481 0.022917 0.068519
0 0.516406 0.206944 0.019271 0.065741
0 0.854167 0.553241 0.025000 0.060185
0 0.359896 0.691204 0.031250 0.058333
0 0.268490 0.457870 0.029687 0.058333
0 0.635938 0.523611 0.022917 0.069444
0 0.669010 0.402315 0.022396 0.063889
0 0.754167 0.239352 0.023958 0.069444
0 0.385677 0.403704 0.025521 0.062963
0 0.134635 0.312037 0.031771 0.064815
0 0.912240 0.486111 0.033854 0.044444
0 0.371615 0.197685 0.031771 0.058333
0 0.366927 0.120833 0.027604 0.063889
0 0.245573 0.626852 0.021354 0.070370
0 0.595573 0.254630 0.019271 0.062963
0 0.214583 0.272222 0.017708 0.066667
0 0.287760 0.641204 0.029687 0.062037
0 0.439844 0.201389 0.026562 0.067593
0 0.674479 0.767130 0.033333 0.045370
0 0.313542 0.064815 0.025000 0.064815
0 0.583333 0.203241 0.023958 0.063889
0 0.216667 0.197685 0.033333 0.065741
0 0.628125 0.622222 0.026042 0.057407
0 0.354948 0.425926 0.024479 0.064815
0 0.736719 0.405556 0.038021 0.046296
0 0.495052 0.166204 0.031771 0.052778
0 0.820833 0.581481 0.025000 0.059259
0 0.523958 0.625926 0.026042 0.066667
0 0.461719 0.382407 0.035937 0.051852
0 0.788281 0.621296 0.020313 0.061111
0 0.736198 0.496759 0.020313 0.063889
0 0.639844 0.319444 0.021354 0.064815
0 0.722917 0.222685 0.030208 0.052778
0 0.495573 0.446759 0.021354 0.063889
0 0.749219 0.597685 0.034896 0.047222
0 0.363802 0.552778 0.021354 0.066667
0 0.306771 0.495370 0.038542 0.037037
0 0.871875 0.257870 0.021875 0.065741
0 0.848437 0.382870 0.020833 0.062037
0 0.160938 0.657870 0.030208 0.058333
0 0.386458 0.595833 0.018750 0.069444
0 0.392708 0.465741 0.036458 0.046296
0 0.637500 0.239815 0.033333 0.050000
0 0.790625 0.774537 0.032292 0.050926
0 0.135937 0.612037 0.022917 0.070370
0 0.545312 0.169444 0.036458 0.050000
0 0.520052 0.283796 0.022396 0.063889
0 0.849219 0.456019 0.022396 0.060185
0 0.769271 0.672222 0.036458 0.046296
0 0.254688 0.287963 0.027083 0.055556
0 0.501563 0.336574 0.017708 0.063889
0 0.322396 0.429630 0.020833 0.066667
0 0.437500 0.670833 0.030208 0.065741
0 0.540625 0.543519 0.019792 0.062963
0 0.188281 0.620370 0.032813 0.053704
0 0.301563 0.425926 0.033333 0.055556
0 0.176823 0.387500 0.019271 0.063889
0 0.159896 0.372222 0.022917 0.068519
0 0.644531 0.373148 0.033854 0.042593
0 0.435156 0.309722 0.028646 0.052778
0 0.659375 0.220370 0.020833 0.062963
0 0.180469 0.331944 0.039062 0.036111
0 0.677604 0.683796 0.035417 0.065741
0 0.887500 0.603704 0.036458 0.037037
0 0.246354 0.387963 0.032292 0.055556
0 0.221875 0.067593 0.022917 0.072222
0 0.222135 0.331944 0.033854 0.050926
0 0.900000 0.528241 0.035417 0.039815
0 0.527083 0.463426 0.035417 0.043519
0 0.243490 0.341204 0.032813 0.054630
0 0.221354 0.430093 0.027083 0.062037
0 0.628646 0.729630 0.031250 0.048148
0 0.112500 0.406944 0.031250 0.065741
0 0.713281 0.169444 0.036979 0.037037
0 0.776563 0.078704 0.022917 0.068519
0 0.926823 0.792593 0.034896 0.059259
0 0.876042 0.419444 0.027083 0.053704
0 0.700260 0.383333 0.029687 0.061111
0 0.193490 0.434259 0.032813 0.062963
0 0.799479 0.374537 0.029167 0.062037
0 0.885417 0.187963 0.023958 0.068519
0 0.342969 0.366667 0.040104 0.037037
0 0.559375 0.693981 0.034375 0.041667
0 0.458854 0.732870 0.037500 0.039815
0 0.667708 0.083333 0.033333 0.048148
0 0.459375 0.139815 0.032292 0.048148
0 0.717187 0.346759 0.034375 0.045370
0 0.236198 0.110648 0.029687 0.067593
0 0.601823 0.315278 0.019271 0.065741
0 0.384896 0.499074 0.031250 0.042593
0 0.147917 0.125000 0.029167 0.074074
0 0.742448 0.294907 0.036979 0.045370
0 0.337760 0.053704 0.022396 0.066667
0 0.651302 0.624074 0.021354 0.064815
0 0.319271 0.863889 0.031250 0.051852
0 0.675000 0.129630 0.033333 0.044444
0 0.809115 0.168981 0.022396 0.067593
0 0.703906 0.299074 0.033854 0.038889
0 0.096615 0.688889 0.035937 0.062963
0 0.096094 0.641204 0.038021 0.056481
0 0.535937 0.116204 0.022917 0.063889
0 0.160417 0.612037 0.029167 0.057407
0 0.405729 0.117130 0.031250 0.054630
0 0.908854 0.426389 0.028125 0.054630
0 0.750260 0.563889 0.035937 0.035185
0 0.030729 0.694444 0.029167 0.068519
0 0.121094 0.469907 0.032813 0.058333
0 0.587240 0.767130 0.033854 0.069444
0 0.436979 0.128704 0.034375 0.048148
0 0.095833 0.226852 0.037500 0.059259
0 0.403125 0.172685 0.036458 0.043519
0 0.241927 0.175000 0.036979 0.038889
0 0.753125 0.800000 0.028125 0.068519
0 0.925260 0.843519 0.032813 0.051852
0 0.876302 0.778704 0.026562 0.066667
0 0.493750 0.853704 0.027083 0.072222
0 0.905469 0.287500 0.022396 0.071296
0 0.076042 0.632870 0.036458 0.041667
0 0.336198 0.842593 0.026562 0.062963
0 0.663802 0.838889 0.032813 0.042593
0 0.413281 0.068981 0.025521 0.058333
0 0.459115 0.634722 0.019271 0.067593
0 0.210417 0.601852 0.038542 0.038889
0 0.885938 0.070833 0.029167 0.056481
0 0.506510 0.398148 0.022396 0.057407
0 0.263281 0.821296 0.040104 0.037037
0 0.275260 0.743981 0.038021 0.041667
0 0.850781 0.331481 0.031771 0.050000
0 0.820052 0.232407 0.033854 0.033333
0 0.843490 0.499074 0.033854 0.031481
0 0.947656 0.092130 0.033854 0.050926
0 0.213542 0.380556 0.037500 0.035185
0 0.732031 0.035648 0.029687 0.054630
0 0.027604 0.610185 0.029167 0.062963
0 0.926562 0.200463 0.033333 0.045370
0 0.200781 0.483333 0.039062 0.035185
0 0.971354 0.463889 0.038542 0.042593
0 0.928385 0.255093 0.022396 0.056481
0 0.175521 0.826852 0.041667 0.055556
0 0.549479 0.264815 0.022917 0.064815
0 0.312240 0.784722 0.020313 0.065741
0 0.723437 0.093981 0.039583 0.041667
0 0.142448 0.444444 0.042188 0.050000
0 0.282813 0.866667 0.036458 0.040741
0 0.143750 0.406481 0.041667 0.053704
0 0.866406 0.043981 0.025521 0.056481
0 0.329948 0.763889 0.028646 0.062963
0 0.177865 0.032407 0.024479 0.062963
0 0.309896 0.672222 0.033333 0.050000
0 0.136198 0.237037 0.039062 0.048148
0 0.956250 0.538889 0.023958 0.061111
0 0.236458 0.780093 0.037500 0.047222
0 0.763021 0.522222 0.027083 0.046296
0 0.815365 0.334722 0.026562 0.060185
0 0.114323 0.168056 0.043229 0.039815
0 0.706771 0.038426 0.028125 0.054630
0 0.356250 0.056481 0.025000 0.057407
0 0.760417 0.031019 0.032292 0.050926
0 0.935677 0.318519 0.024479 0.062963
0 0.534375 0.262037 0.022917 0.064815
0 0.489844 0.769907 0.025521 0.084259
0 0.236458 0.725463 0.036458 0.045370
0 0.168490 0.205556 0.029687 0.062963
0 0.340625 0.741204 0.027083 0.065741
0 0.582031 0.841667 0.035937 0.048148
0 0.070833 0.150000 0.019792 0.068519
0 0.059115 0.546296 0.031771 0.062963
0 0.816667 0.520370 0.032292 0.033333
0 0.307031 0.138889 0.039062 0.038889
0 0.285677 0.537037 0.032813 0.062963
0 0.122917 0.706019 0.026042 0.071296
0 0.233073 0.821296 0.024479 0.059259
0 0.981250 0.522685 0.028125 0.058333
0 0.341406 0.327315 0.040104 0.043519
0 0.383333 0.030093 0.034375 0.049074
0 0.541667 0.044907 0.040625 0.043519
0 0.847917 0.117130 0.037500 0.043519
0 0.052865 0.509722 0.041146 0.049074
0 0.444271 0.757870 0.032292 0.034259
0 0.174479 0.266204 0.033333 0.073148
0 0.111719 0.043519 0.021354 0.077778
0 0.020052 0.555093 0.038021 0.054630
0 0.062760 0.424074 0.041146 0.048148
0 0.539844 0.772222 0.034896 0.050000
0 0.031771 0.484259 0.042708 0.053704
0 0.498698 0.056019 0.035937 0.058333
0 0.027083 0.762963 0.032292 0.066667
0 0.223177 0.024074 0.029687 0.046296
0 0.057031 0.774074 0.035937 0.061111
0 0.436458 0.023611 0.022917 0.045370
0 0.069792 0.315741 0.039583 0.050000
0 0.080208 0.748611 0.026042 0.063889
0 0.028646 0.355556 0.043750 0.044444
0 0.982552 0.073148 0.033854 0.042593
0 0.908073 0.704167 0.023438 0.067593
0 0.212240 0.901852 0.034896 0.062963
0 0.793229 0.887037 0.034375 0.051852
0 0.887240 0.815741 0.032813 0.038889
0 0.935937 0.163889 0.033333 0.057407
0 0.199740 0.046296 0.027604 0.048148
0 0.848698 0.087037 0.030729 0.037037
0 0.082031 0.356944 0.045312 0.043519
0 0.970052 0.120370 0.035937 0.050000
0 0.927344 0.030093 0.038021 0.037963
0 0.600781 0.020370 0.023438 0.038889
0 0.991927 0.153241 0.016146 0.067593
0 0.153646 0.893519 0.033333 0.057407
0 0.972135 0.834722 0.027604 0.056481
0 0.010156 0.588426 0.019271 0.063889
0 0.914323 0.092130 0.023438 0.039815
0 0.883073 0.693056 0.036979 0.041667
0 0.069271 0.024537 0.030208 0.047222
0 0.993229 0.774537 0.013542 0.036111
0 0.250781 0.022685 0.020313 0.039815
0 0.986979 0.871296 0.025000 0.061111
0 0.061979 0.694907 0.019792 0.050926
0 0.485156 0.963426 0.031771 0.050926
0 0.532552 0.957407 0.033854 0.053704
0 0.793229 0.953704 0.030208 0.061111
0 0.307292 0.897222 0.025000 0.064815
0 0.248438 0.209259 0.025000 0.035185
0 0.244010 0.937037 0.029687 0.055556
0 0.373177 0.270833 0.016146 0.039815
0 0.078646 0.895370 0.034375 0.057407
0 0.961198 0.928241 0.030729 0.069444
0 0.572396 0.951852 0.023958 0.068519
0 0.140625 0.937037 0.040625 0.044444
0 0.327604 0.957407 0.032292 0.074074
0 0.291927 0.940741 0.030729 0.048148
0 0.010937 0.238426 0.020833 0.043519
0 0.088021 0.936574 0.037500 0.045370
0 0.346094 0.943056 0.019271 0.063889
0 0.261458 0.981944 0.039583 0.032407
0 0.835156 0.978704 0.028646 0.035185
0 0.678385 0.976389 0.034896 0.043519
0 0.142969 0.978704 0.038021 0.027778
0 0.725000 0.976389 0.037500 0.045370
0 0.011458 0.884722 0.021875 0.039815
0 0.090365 0.584259 0.041146 0.040741
0 0.087240 0.510185 0.031771 0.066667
0 0.112760 0.556481 0.046354 0.046296
0 0.118750 0.524074 0.037500 0.059259
0 0.143490 0.517593 0.025521 0.074074
0 0.175521 0.526389 0.019792 0.069444
0 0.159375 0.550926 0.020833 0.066667
0 0.244792 0.556944 0.026042 0.037963
0 0.239844 0.587500 0.018229 0.032407
0 0.298958 0.388889 0.037500 0.044444
0 0.064062 0.460648 0.021875 0.056481
0 0.055208 0.369907 0.026042 0.062037
0 0.036979 0.971759 0.030208 0.017593
0 0.343490 0.982870 0.038021 0.032407
0 0.886198 0.952315 0.031771 0.065741
0 0.604948 0.749537 0.023438 0.067593
0 0.516667 0.507407 0.022917 0.046296
0 0.465104 0.454630 0.022917 0.037037
0 0.459375 0.487500 0.028125 0.065741
0 0.452344 0.540278 0.021354 0.047222
0 0.431510 0.561574 0.033854 0.056481
0 0.448177 0.595833 0.034896 0.052778
0 0.483073 0.591667 0.039062 0.053704
0 0.478385 0.534259 0.024479 0.057407
0 0.601302 0.575463 0.027604 0.060185
0 0.622656 0.565278 0.036979 0.052778
0 0.664062 0.539815 0.029167 0.064815
0 0.652604 0.474537 0.019792 0.036111
0 0.413021 0.450926 0.035417 0.042593
0 0.417708 0.361111 0.036458 0.048148
0 0.430208 0.409722 0.016667 0.028704
0 0.310937 0.169907 0.020833 0.026852
0 0.262240 0.677778 0.026562 0.062963
0 0.265885 0.606481 0.020313 0.061111
0 0.250000 0.763426 0.038542 0.039815
0 0.459635 0.688889 0.042188 0.040741
0 0.489063 0.691667 0.032292 0.055556
0 0.560937 0.090741 0.020833 0.038889
0 0.742969 0.128241 0.026562 0.032407
0 0.808073 0.268056 0.029687 0.054630
0 0.875781 0.383333 0.025521 0.059259
0 0.877083 0.423148 0.023958 0.055556
0 0.993750 0.321296 0.012500 0.027778
0 0.923438 0.711111 0.016667 0.042593
0 0.515885 0.098148 0.035937 0.051852
0 0.281250 0.565278 0.040625 0.052778
0 0.316667 0.705093 0.025000 0.062037
0 0.591146 0.661574 0.018750 0.023148
0 0.042969 0.856019 0.029687 0.036111
0 0.496354 0.981019 0.034375 0.037963
