0 0.628125 0.543519 0.028125 0.057407
0 0.467969 0.638426 0.029687 0.060185
0 0.412760 0.312037 0.026562 0.064815
0 0.247917 0.556944 0.026042 0.063889
0 0.395052 0.180556 0.028646 0.059259
0 0.476562 0.562963 0.029167 0.061111
0 0.437760 0.220833 0.028646 0.060185
0 0.675521 0.456019 0.027083 0.060185
0 0.546094 0.706944 0.027604 0.060185
0 0.342448 0.414352 0.022396 0.065741
0 0.387500 0.307407 0.034375 0.051852
0 0.571354 0.321759 0.030208 0.060185
0 0.481250 0.251852 0.033333 0.051852
0 0.783333 0.481944 0.034375 0.056481
0 0.912240 0.491667 0.026562 0.059259
0 0.584375 0.446759 0.034375 0.052778
0 0.199740 0.606944 0.029687 0.060185
0 0.580208 0.266204 0.027083 0.063889
0 0.452604 0.391667 0.026042 0.066667
0 0.286719 0.206019 0.031771 0.056481
0 0.294792 0.163889 0.027083 0.064815
0 0.690625 0.621759 0.026042 0.060185
0 0.806250 0.530556 0.037500 0.042593
0 0.400781 0.619907 0.035937 0.047222
0 0.389583 0.521759 0.030208 0.063889
0 0.533854 0.556019 0.035417 0.039815
0 0.495573 0.739815 0.026562 0.059259
0 0.253125 0.475926 0.025000 0.066667
0 0.366927 0.164352 0.023438 0.063889
0 0.184896 0.554630 0.033333 0.048148
0 0.537760 0.340741 0.021354 0.061111
0 0.739583 0.384722 0.038542 0.039815
0 0.348438 0.561111 0.019792 0.066667
0 0.357812 0.331481 0.036458 0.048148
0 0.632552 0.171759 0.032813 0.050926
0 0.885156 0.525463 0.035937 0.036111
0 0.630469 0.356481 0.036979 0.051852
0 0.318750 0.420370 0.022917 0.062963
0 0.291146 0.467130 0.020833 0.062037
0 0.622135 0.487963 0.032813 0.040741
0 0.498958 0.421759 0.034375 0.045370
0 0.244792 0.357870 0.021875 0.069444
0 0.338281 0.207407 0.038021 0.044444
0 0.622396 0.636574 0.035417 0.039815
0 0.237240 0.412037 0.035937 0.040741
0 0.144792 0.650463 0.035417 0.049074
0 0.614062 0.675463 0.036458 0.037963
0 0.601302 0.570833 0.024479 0.052778
0 0.676042 0.395370 0.022917 0.062963
0 0.505208 0.651852 0.033333 0.048148
0 0.097396 0.610185 0.023958 0.072222
0 0.859635 0.491667 0.030729 0.061111
0 0.336719 0.748148 0.032813 0.057407
0 0.729167 0.262963 0.032292 0.055556
0 0.913542 0.320833 0.020833 0.065741
0 0.550000 0.468519 0.032292 0.061111
0 0.605208 0.166667 0.022917 0.066667
0 0.380208 0.497685 0.031250 0.056481
0 0.277344 0.724074 0.035937 0.057407
0 0.563281 0.089815 0.022396 0.055556
0 0.329167 0.151389 0.034375 0.060185
0 0.205990 0.704630 0.028646 0.061111
0 0.946875 0.286574 0.033333 0.050926
0 0.547917 0.522222 0.034375 0.037037
0 0.517708 0.081944 0.034375 0.050926
0 0.822396 0.390278 0.034375 0.039815
0 0.665104 0.331481 0.021875 0.062963
0 0.467187 0.209259 0.019792 0.066667
0 0.311719 0.387037 0.022396 0.062963
0 0.431250 0.389815 0.018750 0.062963
0 0.677604 0.281019 0.029167 0.050926
0 0.845833 0.424537 0.035417 0.041667
0 0.701823 0.406019 0.018229 0.063889
0 0.549479 0.623611 0.022917 0.065741
0 0.116406 0.531019 0.025521 0.071296
0 0.756510 0.442130 0.036979 0.037963
0 0.265104 0.367593 0.021875 0.066667
0 0.416146 0.535185 0.036458 0.037037
0 0.366406 0.096296 0.025521 0.068519
0 0.932552 0.485648 0.020313 0.065741
0 0.726823 0.194907 0.039062 0.037963
0 0.599219 0.776389 0.022396 0.067593
0 0.381510 0.798148 0.023438 0.066667
0 0.905469 0.437037 0.021354 0.066667
0 0.176302 0.485185 0.040104 0.046296
0 0.423958 0.564352 0.022917 0.045370
0 0.531510 0.843519 0.038021 0.051852
0 0.631250 0.396759 0.034375 0.043519
0 0.139063 0.289352 0.026042 0.067593
0 0.764323 0.247685 0.025521 0.060185
0 0.186979 0.114352 0.023958 0.069444
0 0.575000 0.186111 0.023958 0.066667
0 0.502083 0.688889 0.034375 0.040741
0 0.706771 0.133796 0.033333 0.054630
0 0.880729 0.234259 0.023958 0.070370
0 0.373177 0.637963 0.017188 0.053704
0 0.758594 0.724537 0.038021 0.037963
0 0.749740 0.476389 0.040104 0.036111
0 0.866406 0.347222 0.032813 0.059259
0 0.398438 0.849074 0.023958 0.068519
0 0.300000 0.271759 0.032292 0.054630
0 0.415104 0.083333 0.020833 0.066667
0 0.668229 0.075926 0.027083 0.064815
0 0.301823 0.083333 0.023438 0.064815
0 0.660417 0.222685 0.020833 0.067593
0 0.363542 0.477315 0.034375 0.039815
0 0.649479 0.058796 0.031250 0.056481
0 0.278385 0.425926 0.040104 0.035185
0 0.139583 0.156019 0.021875 0.071296
0 0.093490 0.430556 0.030729 0.053704
0 0.253906 0.094444 0.022396 0.062963
0 0.327083 0.050463 0.034375 0.058333
0 0.559115 0.777778 0.019271 0.066667
0 0.871354 0.582407 0.027083 0.059259
0 0.127604 0.715741 0.039583 0.046296
0 0.892188 0.174537 0.034375 0.047222
0 0.116406 0.110185 0.028646 0.062963
0 0.957292 0.461574 0.022917 0.063889
0 0.173177 0.692130 0.041146 0.036111
0 0.405208 0.774074 0.021875 0.062963
0 0.150781 0.857407 0.034896 0.068519
0 0.147656 0.118981 0.025521 0.078704
0 0.873958 0.718519 0.031250 0.055556
0 0.542188 0.246296 0.022917 0.068519
0 0.915625 0.245370 0.019792 0.066667
0 0.022396 0.541667 0.036458 0.055556
0 0.484896 0.036111 0.031250 0.059259
0 0.223698 0.356481 0.024479 0.059259
0 0.118490 0.597685 0.022396 0.073148
0 0.255208 0.287037 0.038542 0.048148
0 0.766667 0.209722 0.038542 0.037963
0 0.745313 0.639815 0.039583 0.033333
0 0.255729 0.148611 0.033333 0.041667
0 0.528385 0.618519 0.019271 0.064815
0 0.270313 0.660185 0.040625 0.046296
0 0.066667 0.408796 0.032292 0.067593
0 0.279167 0.893519 0.023958 0.062963
0 0.292187 0.350000 0.020833 0.066667
0 0.825521 0.342130 0.021875 0.067593
0 0.386198 0.044444 0.031771 0.057407
0 0.440365 0.766204 0.035937 0.047222
0 0.122135 0.769907 0.026562 0.062037
0 0.269010 0.831481 0.038021 0.061111
0 0.154948 0.388889 0.025521 0.068519
0 0.800260 0.295833 0.021354 0.071296
0 0.981771 0.474074 0.032292 0.057407
0 0.772396 0.163889 0.020833 0.061111
0 0.020313 0.584722 0.036458 0.062037
0 0.507031 0.247685 0.024479 0.071296
0 0.800521 0.068519 0.030208 0.057407
0 0.829948 0.142130 0.019271 0.067593
0 0.738802 0.143981 0.023438 0.060185
0 0.888021 0.677778 0.043750 0.038889
0 0.551562 0.029167 0.036458 0.037963
0 0.154427 0.241204 0.038021 0.052778
0 0.704167 0.817593 0.035417 0.035185
0 0.158333 0.770833 0.037500 0.047222
0 0.137760 0.587037 0.029687 0.068519
0 0.577344 0.135648 0.035937 0.036111
0 0.208854 0.855556 0.032292 0.061111
0 0.109635 0.369907 0.025521 0.060185
0 0.796615 0.151389 0.028646 0.063889
0 0.664323 0.841667 0.036979 0.035185
0 0.079687 0.268519 0.023958 0.068519
0 0.213281 0.518519 0.019271 0.051852
0 0.450521 0.043056 0.020833 0.063889
0 0.905469 0.618981 0.023438 0.063889
0 0.244271 0.859722 0.022917 0.069444
0 0.221875 0.063889 0.025000 0.068519
0 0.953385 0.138426 0.022396 0.062037
0 0.523698 0.250000 0.019271 0.070370
0 0.979427 0.638889 0.035937 0.037037
0 0.388802 0.093519 0.022396 0.066667
0 0.792188 0.572685 0.023958 0.043519
0 0.848437 0.122222 0.021875 0.066667
0 0.465104 0.873611 0.030208 0.054630
0 0.175260 0.053241 0.030729 0.060185
0 0.878646 0.089352 0.021875 0.069444
0 0.029427 0.732407 0.024479 0.068519
0 0.031250 0.353241 0.027083 0.062037
0 0.119792 0.413426 0.042708 0.043519
0 0.697917 0.093056 0.017708 0.067593
0 0.983594 0.714352 0.030729 0.036111
0 0.237500 0.230093 0.039583 0.054630
0 0.036719 0.665741 0.025521 0.068519
0 0.064323 0.170370 0.046354 0.042593
0 0.931510 0.756481 0.024479 0.070370
0 0.922917 0.045833 0.028125 0.058333
0 0.016667 0.208796 0.032292 0.058333
0 0.200781 0.782407 0.043229 0.038889
0 0.039062 0.414815 0.033333 0.037037
0 0.092188 0.766667 0.034375 0.062963
0 0.012760 0.474074 0.024479 0.068519
0 0.139063 0.516667 0.030208 0.053704
0 0.930990 0.157407 0.030729 0.074074
0 0.058333 0.116667 0.041667 0.046296
0 0.199740 0.815741 0.040104 0.038889
0 0.901042 0.100463 0.022917 0.063889
0 0.228646 0.875926 0.019792 0.072222
0 0.064583 0.497222 0.043750 0.037037
0 0.091406 0.316667 0.041146 0.044444
0 0.967708 0.074074 0.034375 0.033333
0 0.014323 0.265278 0.027604 0.060185
0 0.850781 0.298611 0.033854 0.034259
0 0.199740 0.338426 0.039062 0.039815
0 0.888542 0.844444 0.036458 0.031481
0 0.992708 0.232870 0.013542 0.058333
0 0.976302 0.113426 0.028646 0.052778
0 0.018490 0.318519 0.035937 0.038889
0 0.983333 0.276852 0.028125 0.040741
0 0.796615 0.745833 0.030729 0.030556
0 0.200260 0.378704 0.033854 0.061111
0 0.125781 0.867593 0.022396 0.061111
0 0.013281 0.702778 0.025521 0.055556
0 0.059115 0.726389 0.025521 0.069444
0 0.657813 0.019444 0.038542 0.037037
0 0.044792 0.740741 0.026042 0.068519
0 0.068490 0.356019 0.047396 0.056481
0 0.991927 0.556944 0.016146 0.062037
0 0.986979 0.680093 0.026042 0.037963
0 0.371615 0.018056 0.039062 0.034259
0 0.022135 0.782870 0.040104 0.034259
0 0.985417 0.833796 0.029167 0.052778
0 0.861198 0.053241 0.029687 0.036111
0 0.022396 0.847222 0.041667 0.055556
0 0.020573 0.809722 0.039062 0.036111
0 0.235417 0.798148 0.031250 0.066667
0 0.016667 0.136574 0.032292 0.041667
0 0.679427 0.880556 0.024479 0.040741
0 0.622656 0.257870 0.017188 0.047222
0 0.417969 0.878704 0.019271 0.061111
0 0.047656 0.061574 0.040104 0.039815
0 0.495052 0.919444 0.032813 0.050000
0 0.324479 0.927315 0.028125 0.050926
0 0.986979 0.060185 0.021875 0.037037
0 0.245052 0.912500 0.034896 0.036111
0 0.303646 0.946296 0.031250 0.066667
0 0.849479 0.022685 0.025000 0.043519
0 0.229687 0.937963 0.041667 0.040741
0 0.063281 0.877315 0.043229 0.050926
0 0.527604 0.012963 0.019792 0.024074
0 0.485938 0.954630 0.027083 0.064815
0 0.245052 0.967130 0.041146 0.056481
0 0.108594 0.937963 0.041146 0.046296
0 0.408333 0.473148 0.030208 0.062963
0 0.439583 0.479630 0.030208 0.077778
0 0.465104 0.525926 0.029167 0.068519
0 0.489844 0.516204 0.034896 0.065741
0 0.476823 0.463889 0.035937 0.048148
0 0.506771 0.479167 0.023958 0.058333
0 0.533333 0.457407 0.032292 0.061111
0 0.396875 0.956019 0.027083 0.069444
0 0.431250 0.972685 0.025000 0.047222
0 0.589063 0.950926 0.028125 0.066667
0 0.174219 0.972685 0.042188 0.054630
0 0.079427 0.972685 0.031771 0.054630
0 0.271875 0.980093 0.023958 0.039815
0 0.504427 0.364352 0.036979 0.062037
0 0.465625 0.105093 0.035417 0.039815
0 0.458594 0.151852 0.043229 0.061111
0 0.490625 0.109259 0.021875 0.081481
0 0.486719 0.183333 0.044271 0.055556
0 0.505729 0.141667 0.017708 0.070370
0 0.515365 0.169907 0.020313 0.069444
0 0.535417 0.157870 0.020833 0.080556
0 0.553646 0.193981 0.028125 0.075000
0 0.853906 0.205556 0.027604 0.090741
0 0.932031 0.247685 0.028646 0.065741
0 0.085417 0.010648 0.041667 0.019444
0 0.255208 0.320833 0.039583 0.028704
0 0.993750 0.981481 0.012500 0.031481
0 0.993750 0.981481 0.012500 0.031481
0 0.403385 0.198611 0.019271 0.049074
0 0.345833 0.106481 0.035417 0.055556
0 0.396875 0.130093 0.022917 0.032407
0 0.480990 0.395833 0.030729 0.065741
0 0.053646 0.310185 0.046875 0.064815
0 0.993750 0.981481 0.012500 0.031481
0 0.009635 0.756019 0.018229 0.049074
0 0.309115 0.151852 0.028646 0.070370
0 0.343490 0.142593 0.025521 0.046296
