0 0.359115 0.680093 0.025521 0.065741
0 0.238281 0.446759 0.033854 0.058333
0 0.508333 0.540741 0.029167 0.061111
0 0.403646 0.376389 0.026042 0.060185
0 0.334375 0.466667 0.033333 0.055556
0 0.278125 0.380556 0.026042 0.062963
0 0.179948 0.468981 0.030729 0.047222
0 0.483594 0.528704 0.023438 0.062963
0 0.394010 0.324537 0.029687 0.054630
0 0.225000 0.250926 0.031250 0.057407
0 0.413542 0.686574 0.031250 0.058333
0 0.568229 0.479630 0.029167 0.064815
0 0.330990 0.661574 0.024479 0.065741
0 0.271094 0.742130 0.032813 0.058333
0 0.167187 0.386574 0.029167 0.060185
0 0.276042 0.657870 0.021875 0.067593
0 0.434896 0.427315 0.033333 0.050926
0 0.244531 0.554167 0.034896 0.054630
0 0.412760 0.592130 0.021354 0.062037
0 0.205208 0.696296 0.039583 0.061111
0 0.388542 0.269907 0.025000 0.063889
0 0.342708 0.514352 0.033333 0.049074
0 0.262760 0.812500 0.031771 0.060185
0 0.204948 0.477778 0.022396 0.068519
0 0.572656 0.696759 0.029687 0.062037
0 0.494792 0.412963 0.022917 0.062963
0 0.249219 0.234722 0.038021 0.043519
0 0.648177 0.609259 0.028646 0.053704
0 0.600521 0.571759 0.021875 0.054630
0 0.332292 0.354630 0.029167 0.051852
0 0.552083 0.811574 0.028125 0.058333
0 0.369792 0.222685 0.036458 0.041667
0 0.495833 0.485185 0.025000 0.061111
0 0.362500 0.345833 0.028125 0.056481
0 0.333854 0.588426 0.021875 0.063889
0 0.660677 0.806944 0.032813 0.062037
0 0.438021 0.371759 0.025000 0.065741
0 0.470052 0.379167 0.019271 0.062037
0 0.136458 0.460648 0.029167 0.058333
0 0.295573 0.283333 0.025521 0.062963
0 0.167969 0.709722 0.039062 0.043519
0 0.424219 0.731481 0.031771 0.057407
0 0.297917 0.635185 0.019792 0.061111
0 0.432812 0.310648 0.026042 0.056481
0 0.216146 0.179630 0.027083 0.066667
0 0.336719 0.409722 0.027604 0.062037
0 0.394792 0.179630 0.027083 0.053704
0 0.473698 0.291204 0.029687 0.050926
0 0.532031 0.425000 0.033854 0.038889
0 0.617969 0.669907 0.020313 0.069444
0 0.063281 0.412500 0.035937 0.054630
0 0.516406 0.323611 0.028646 0.054630
0 0.295573 0.434259 0.021354 0.062963
0 0.444792 0.651852 0.020833 0.062963
0 0.250000 0.150000 0.034375 0.051852
0 0.479948 0.806019 0.032813 0.043519
0 0.424479 0.781944 0.036458 0.041667
0 0.448958 0.243056 0.021875 0.065741
0 0.672656 0.566667 0.023438 0.062963
0 0.354948 0.626852 0.021354 0.061111
0 0.442448 0.506481 0.032813 0.046296
0 0.582292 0.813889 0.028125 0.070370
0 0.447917 0.712037 0.028125 0.055556
0 0.111458 0.476389 0.028125 0.063889
0 0.557031 0.618056 0.032813 0.058333
0 0.256250 0.628704 0.038542 0.035185
0 0.164583 0.665278 0.037500 0.047222
0 0.095312 0.405093 0.025000 0.062037
0 0.592969 0.251389 0.025521 0.058333
0 0.116927 0.155093 0.026562 0.060185
0 0.307292 0.530093 0.042708 0.041667
0 0.121875 0.784722 0.039583 0.049074
0 0.353125 0.083333 0.030208 0.061111
0 0.572135 0.329167 0.028646 0.052778
0 0.116146 0.401389 0.028125 0.065741
0 0.324219 0.195370 0.042188 0.038889
0 0.272396 0.327315 0.037500 0.045370
0 0.079427 0.504630 0.023438 0.066667
0 0.140104 0.514815 0.026042 0.053704
0 0.245573 0.193981 0.040104 0.036111
0 0.301563 0.479630 0.038542 0.037037
0 0.335417 0.735648 0.038542 0.047222
0 0.630208 0.406019 0.026042 0.060185
0 0.538021 0.686574 0.017708 0.065741
0 0.066406 0.182870 0.031771 0.067593
0 0.600000 0.401852 0.030208 0.055556
0 0.214583 0.367130 0.019792 0.065741
0 0.565104 0.207407 0.026042 0.057407
0 0.326823 0.066204 0.030729 0.054630
0 0.420052 0.818056 0.038021 0.037963
0 0.289583 0.550926 0.039583 0.038889
0 0.649219 0.354167 0.025521 0.062037
0 0.271354 0.586574 0.038542 0.034259
0 0.529687 0.625926 0.017708 0.064815
0 0.966146 0.712500 0.033333 0.049074
0 0.346875 0.176852 0.036458 0.046296
0 0.175781 0.625000 0.040104 0.044444
0 0.215365 0.637500 0.043229 0.036111
0 0.530469 0.383796 0.035937 0.036111
0 0.590365 0.656019 0.035937 0.043519
0 0.347396 0.291667 0.020833 0.068519
0 0.251042 0.094444 0.020833 0.066667
0 0.540365 0.251852 0.030729 0.057407
0 0.069792 0.362500 0.037500 0.047222
0 0.447656 0.568519 0.018229 0.066667
0 0.366927 0.154630 0.022396 0.072222
0 0.218490 0.751852 0.020313 0.070370
0 0.473958 0.867130 0.030208 0.049074
0 0.164323 0.868056 0.030729 0.065741
0 0.659375 0.750463 0.020833 0.049074
0 0.253125 0.858796 0.022917 0.071296
0 0.955208 0.645833 0.030208 0.058333
0 0.224219 0.589815 0.040104 0.037037
0 0.713281 0.501389 0.035937 0.050926
0 0.177083 0.558796 0.037500 0.043519
0 0.614323 0.289815 0.018229 0.064815
0 0.571615 0.181944 0.028646 0.063889
0 0.614062 0.356481 0.036458 0.035185
0 0.608333 0.118519 0.020833 0.068519
0 0.415104 0.438889 0.036458 0.040741
0 0.080990 0.092593 0.028646 0.066667
0 0.063281 0.787037 0.039062 0.044444
0 0.150000 0.795833 0.026042 0.063889
0 0.136979 0.623611 0.039583 0.037963
0 0.975781 0.465278 0.029687 0.056481
0 0.081250 0.606481 0.026042 0.070370
0 0.458333 0.055093 0.033333 0.047222
0 0.153125 0.117130 0.027083 0.075000
0 0.479427 0.104167 0.036979 0.037963
0 0.641927 0.107407 0.022396 0.066667
0 0.749219 0.493519 0.022396 0.059259
0 0.516406 0.084722 0.033854 0.043519
0 0.071354 0.243056 0.037500 0.043519
0 0.647656 0.423148 0.018229 0.050000
0 0.130469 0.106944 0.026562 0.071296
0 0.664844 0.496296 0.019271 0.062963
0 0.707552 0.429630 0.021354 0.057407
0 0.144531 0.237037 0.031771 0.048148
0 0.449479 0.824074 0.023958 0.066667
0 0.425000 0.866667 0.026042 0.053704
0 0.725000 0.860185 0.034375 0.040741
0 0.267969 0.036111 0.025521 0.064815
0 0.905469 0.421759 0.032813 0.050926
0 0.918229 0.636574 0.019792 0.062037
0 0.848177 0.899537 0.031771 0.050926
0 0.919010 0.529167 0.027604 0.069444
0 0.061458 0.115278 0.028125 0.071296
0 0.852344 0.723148 0.034896 0.033333
0 0.922656 0.843056 0.022396 0.058333
0 0.414583 0.128241 0.036458 0.034259
0 0.053385 0.595833 0.040104 0.052778
0 0.123698 0.057407 0.038021 0.037037
0 0.966146 0.408796 0.033333 0.050926
0 0.805729 0.813426 0.033333 0.043519
0 0.453125 0.875463 0.034375 0.039815
0 0.883073 0.531944 0.040104 0.037963
0 0.037500 0.108796 0.025000 0.065741
0 0.386458 0.035648 0.036458 0.036111
0 0.613542 0.892593 0.017708 0.061111
0 0.144531 0.579167 0.038021 0.058333
0 0.214323 0.043519 0.041146 0.037037
0 0.177604 0.899074 0.029167 0.064815
0 0.039062 0.721759 0.030208 0.065741
0 0.046354 0.427315 0.031250 0.043519
0 0.883594 0.699537 0.038021 0.056481
0 0.962240 0.802778 0.031771 0.066667
0 0.774740 0.401852 0.021354 0.061111
0 0.661719 0.223611 0.019271 0.067593
0 0.892188 0.454167 0.025000 0.063889
0 0.796615 0.413426 0.019271 0.065741
0 0.523698 0.031944 0.035937 0.034259
0 0.903125 0.794907 0.037500 0.043519
0 0.202604 0.784722 0.042708 0.058333
0 0.036719 0.666667 0.025521 0.068519
0 0.901042 0.628704 0.022917 0.062963
0 0.596094 0.033333 0.030729 0.053704
0 0.634896 0.037037 0.022917 0.062963
0 0.849479 0.342130 0.029167 0.045370
0 0.843490 0.514352 0.036979 0.032407
0 0.508854 0.145370 0.019792 0.074074
0 0.971354 0.360648 0.036458 0.050926
0 0.435937 0.018981 0.036458 0.036111
0 0.052865 0.846296 0.033854 0.061111
0 0.859115 0.481481 0.031771 0.059259
0 0.669271 0.037963 0.020833 0.064815
0 0.763021 0.631481 0.028125 0.044444
0 0.515365 0.898148 0.020313 0.062963
0 0.722396 0.244907 0.037500 0.047222
0 0.715104 0.188889 0.030208 0.061111
0 0.745313 0.131481 0.027083 0.048148
0 0.564323 0.882870 0.025521 0.069444
0 0.987240 0.330093 0.025521 0.047222
0 0.866927 0.367130 0.039062 0.036111
0 0.988802 0.816204 0.022396 0.047222
0 0.182031 0.033333 0.033854 0.062963
0 0.750521 0.043056 0.017708 0.065741
0 0.011719 0.744444 0.022396 0.068519
0 0.013021 0.469444 0.025000 0.070370
0 0.839583 0.419907 0.021875 0.065741
0 0.850000 0.083796 0.021875 0.056481
0 0.827604 0.147685 0.021875 0.060185
0 0.072656 0.737963 0.036979 0.068519
0 0.794271 0.170833 0.036458 0.037963
0 0.842187 0.278241 0.033333 0.056481
0 0.907292 0.075000 0.022917 0.072222
0 0.842448 0.198611 0.039062 0.043519
0 0.711979 0.058796 0.019792 0.063889
0 0.731250 0.103241 0.020833 0.063889
0 0.773177 0.250926 0.024479 0.064815
0 0.696875 0.082407 0.017708 0.066667
0 0.950781 0.493056 0.029687 0.032407
0 0.782813 0.207870 0.029167 0.034259
0 0.953385 0.232407 0.025521 0.064815
0 0.960677 0.056481 0.036979 0.040741
0 0.011979 0.805556 0.022917 0.068519
0 0.880208 0.320370 0.031250 0.038889
0 0.027604 0.046759 0.037500 0.037963
0 0.943229 0.126389 0.026042 0.056481
0 0.724740 0.029167 0.019271 0.056481
0 0.366667 0.016204 0.030208 0.030556
0 0.882552 0.914352 0.030729 0.039815
0 0.988802 0.228704 0.022396 0.048148
0 0.810937 0.239352 0.026042 0.060185
0 0.914323 0.301389 0.025521 0.065741
0 0.875781 0.130093 0.033854 0.056481
0 0.891927 0.214352 0.024479 0.067593
0 0.027604 0.619907 0.034375 0.037963
0 0.930990 0.250463 0.023438 0.052778
0 0.023958 0.931944 0.032292 0.049074
0 0.805990 0.079630 0.040104 0.040741
0 0.993750 0.592130 0.012500 0.043519
0 0.878125 0.478704 0.020833 0.066667
0 0.971875 0.100463 0.038542 0.041667
0 0.794792 0.747685 0.027083 0.030556
0 0.213802 0.937963 0.038021 0.051852
0 0.008854 0.175463 0.016667 0.030556
0 0.984115 0.123148 0.030729 0.053704
0 0.928646 0.179167 0.028125 0.060185
0 0.083594 0.012037 0.034896 0.022222
0 0.021615 0.016204 0.036979 0.030556
0 0.445312 0.756019 0.025000 0.041667
0 0.863802 0.575463 0.025521 0.034259
0 0.051302 0.941204 0.048438 0.049074
0 0.594531 0.961574 0.024479 0.058333
0 0.869792 0.069444 0.022917 0.035185
0 0.539323 0.952778 0.028646 0.072222
0 0.982031 0.190741 0.018229 0.027778
0 0.904687 0.012500 0.029167 0.023148
0 0.115625 0.273148 0.017708 0.024074
0 0.490104 0.960185 0.029167 0.059259
0 0.421354 0.087500 0.015625 0.023148
0 0.073698 0.899537 0.032813 0.049074
0 0.649740 0.982407 0.033854 0.031481
0 0.311198 0.976852 0.027604 0.044444
0 0.466927 0.145833 0.031771 0.054630
0 0.424740 0.166667 0.041146 0.038889
0 0.458594 0.182870 0.040104 0.045370
0 0.478125 0.231019 0.025000 0.071296
0 0.498958 0.170833 0.016667 0.060185
0 0.541146 0.135185 0.034375 0.055556
0 0.517188 0.164815 0.016667 0.075926
0 0.526563 0.206944 0.042708 0.045370
0 0.504687 0.264815 0.028125 0.068519
0 0.353385 0.968519 0.040104 0.051852
0 0.493490 0.673148 0.021354 0.068519
0 0.469792 0.691204 0.035417 0.063889
0 0.514323 0.627778 0.020313 0.083333
0 0.233594 0.385648 0.025521 0.052778
0 0.261198 0.365741 0.032813 0.046296
0 0.494271 0.050926 0.037500 0.044444
0 0.546875 0.363889 0.031250 0.064815
0 0.586458 0.370833 0.036458 0.045370
0 0.387760 0.980093 0.026562 0.037963
0 0.260677 0.977778 0.027604 0.042593
0 0.043229 0.971759 0.022917 0.023148
0 0.930729 0.973148 0.032292 0.051852
0 0.418750 0.900926 0.043750 0.029630
0 0.864062 0.464815 0.000000 0.005556
0 0.688542 0.720370 0.000000 0.003704
0 0.285677 0.980556 0.035937 0.038889
0 0.546354 0.297685 0.021875 0.063889
0 0.080469 0.755093 0.022396 0.036111
0 0.081510 0.900463 0.018229 0.036111
0 0.008854 0.303241 0.016667 0.028704
