0 0.383854 0.393981 0.034375 0.049074
0 0.403125 0.486111 0.035417 0.044444
0 0.207552 0.563889 0.032813 0.057407
0 0.345313 0.460185 0.027083 0.066667
0 0.702865 0.511111 0.029687 0.057407
0 0.236198 0.499537 0.030729 0.058333
0 0.337760 0.350000 0.032813 0.048148
0 0.384896 0.753704 0.037500 0.044444
0 0.218229 0.334722 0.031250 0.058333
0 0.395313 0.333333 0.031250 0.062963
0 0.678646 0.350926 0.025000 0.053704
0 0.440885 0.387037 0.028646 0.066667
0 0.307031 0.487963 0.024479 0.066667
0 0.314844 0.427778 0.036979 0.053704
0 0.177604 0.410648 0.030208 0.058333
0 0.363542 0.487963 0.039583 0.040741
0 0.605990 0.521759 0.029687 0.050926
0 0.638281 0.365278 0.021354 0.060185
0 0.167708 0.605093 0.031250 0.056481
0 0.472396 0.491204 0.021875 0.058333
0 0.456250 0.311574 0.021875 0.063889
0 0.523177 0.673611 0.028646 0.060185
0 0.248958 0.528704 0.033333 0.048148
0 0.329427 0.623611 0.027604 0.062037
0 0.327865 0.743056 0.033854 0.049074
0 0.262500 0.577315 0.034375 0.041667
0 0.277083 0.526852 0.019792 0.064815
0 0.592969 0.735185 0.022396 0.064815
0 0.233073 0.689352 0.030729 0.062037
0 0.609635 0.801852 0.038021 0.040741
0 0.500781 0.501852 0.025521 0.072222
0 0.604427 0.258333 0.035937 0.050000
0 0.392969 0.674537 0.032813 0.058333
0 0.383854 0.214815 0.037500 0.040741
0 0.229167 0.164815 0.031250 0.055556
0 0.509375 0.368519 0.020833 0.064815
0 0.247656 0.448611 0.034896 0.050926
0 0.643750 0.316667 0.025000 0.061111
0 0.480469 0.341204 0.019271 0.067593
0 0.553125 0.697685 0.019792 0.067593
0 0.426302 0.721759 0.019271 0.062037
0 0.472135 0.752778 0.031771 0.042593
0 0.607552 0.340278 0.018229 0.062037
0 0.671094 0.484722 0.032813 0.043519
0 0.496354 0.299074 0.028125 0.059259
0 0.206771 0.387963 0.031250 0.055556
0 0.556510 0.533333 0.018229 0.066667
0 0.522656 0.761574 0.021354 0.067593
0 0.371354 0.106019 0.020833 0.062037
0 0.450260 0.103241 0.029687 0.050926
0 0.780469 0.386111 0.025521 0.062963
0 0.717969 0.422222 0.033854 0.042593
0 0.245573 0.109722 0.034896 0.056481
0 0.336458 0.193981 0.022917 0.060185
0 0.130208 0.513426 0.020833 0.069444
0 0.502865 0.258333 0.035937 0.050000
0 0.315104 0.801389 0.029167 0.060185
0 0.659115 0.443056 0.033854 0.036111
0 0.473438 0.790278 0.021875 0.056481
0 0.284635 0.805093 0.036979 0.037963
0 0.526563 0.623148 0.023958 0.061111
0 0.447135 0.725463 0.021354 0.063889
0 0.646094 0.555093 0.018229 0.065741
0 0.158594 0.503241 0.020313 0.067593
0 0.185938 0.730556 0.030208 0.066667
0 0.424740 0.086574 0.028646 0.058333
0 0.129688 0.747222 0.035417 0.057407
0 0.109375 0.253241 0.028125 0.065741
0 0.454427 0.550463 0.018229 0.058333
0 0.126042 0.235648 0.029167 0.060185
0 0.081250 0.353241 0.041667 0.036111
0 0.534375 0.097685 0.034375 0.054630
0 0.185677 0.455093 0.034896 0.045370
0 0.740885 0.349074 0.038021 0.042593
0 0.540885 0.543519 0.020313 0.064815
0 0.277865 0.418981 0.020313 0.067593
0 0.540104 0.170370 0.028125 0.066667
0 0.628646 0.550000 0.019792 0.066667
0 0.906250 0.360185 0.031250 0.062963
0 0.376302 0.709722 0.034896 0.036111
0 0.671094 0.281019 0.034896 0.043519
0 0.571094 0.795370 0.033854 0.037037
0 0.239323 0.832870 0.029687 0.065741
0 0.130729 0.587500 0.028125 0.069444
0 0.144271 0.217130 0.032292 0.052778
0 0.304948 0.681944 0.029687 0.062037
0 0.308333 0.603704 0.022917 0.064815
0 0.600260 0.573148 0.021354 0.051852
0 0.844010 0.515741 0.027604 0.059259
0 0.944531 0.430556 0.024479 0.061111
0 0.063542 0.540741 0.033333 0.055556
0 0.145052 0.884259 0.033854 0.055556
0 0.279167 0.107407 0.023958 0.066667
0 0.211458 0.101389 0.030208 0.060185
0 0.434115 0.673611 0.034896 0.030556
0 0.055208 0.580093 0.023958 0.065741
0 0.207292 0.462500 0.025000 0.067593
0 0.759375 0.090741 0.021875 0.070370
0 0.324219 0.709722 0.039062 0.034259
0 0.210938 0.222222 0.037500 0.051852
0 0.658854 0.221759 0.018750 0.062037
0 0.967969 0.239352 0.023438 0.065741
0 0.174479 0.327315 0.028125 0.062037
0 0.296094 0.184259 0.033854 0.064815
0 0.613542 0.434722 0.031250 0.039815
0 0.133594 0.856944 0.036979 0.056481
0 0.508073 0.155556 0.021354 0.066667
0 0.937760 0.312037 0.021354 0.059259
0 0.280729 0.747685 0.041667 0.039815
0 0.816146 0.506019 0.020833 0.067593
0 0.896094 0.207870 0.027604 0.062037
0 0.849479 0.379167 0.025000 0.063889
0 0.596354 0.159259 0.027083 0.061111
0 0.894792 0.389352 0.019792 0.062037
0 0.349219 0.321296 0.041146 0.033333
0 0.258333 0.767593 0.026042 0.066667
0 0.898177 0.769444 0.038021 0.038889
0 0.278125 0.688889 0.017708 0.061111
0 0.273438 0.856481 0.023958 0.068519
0 0.850000 0.190741 0.030208 0.057407
0 0.873437 0.237037 0.017708 0.062963
0 0.905990 0.275000 0.034896 0.051852
0 0.097396 0.768981 0.039583 0.062037
0 0.105208 0.837037 0.038542 0.037037
0 0.981510 0.349074 0.027604 0.050000
0 0.101302 0.589815 0.025521 0.068519
0 0.508854 0.048611 0.033333 0.060185
0 0.677344 0.722222 0.026562 0.061111
0 0.759115 0.258333 0.036979 0.046296
0 0.178906 0.799537 0.026562 0.065741
0 0.929167 0.649074 0.035417 0.044444
0 0.244010 0.264815 0.033854 0.044444
0 0.759115 0.515741 0.036979 0.044444
0 0.779427 0.637500 0.033854 0.036111
0 0.092708 0.534722 0.040625 0.037963
0 0.383854 0.031019 0.031250 0.049074
0 0.057552 0.237963 0.042188 0.061111
0 0.034375 0.672222 0.032292 0.066667
0 0.017708 0.569907 0.032292 0.067593
0 0.081771 0.191667 0.028125 0.066667
0 0.984635 0.288889 0.025521 0.066667
0 0.809375 0.157870 0.034375 0.052778
0 0.524740 0.033333 0.024479 0.064815
0 0.041406 0.487963 0.044271 0.048148
0 0.150260 0.181944 0.039062 0.065741
0 0.781771 0.598148 0.036458 0.035185
0 0.831250 0.140741 0.018750 0.059259
0 0.023438 0.610648 0.036458 0.050926
0 0.883594 0.291667 0.038021 0.037037
0 0.200521 0.857870 0.038542 0.039815
0 0.881771 0.695833 0.039583 0.036111
0 0.379948 0.889352 0.038021 0.050926
0 0.703125 0.154630 0.036458 0.044444
0 0.687240 0.061111 0.018229 0.066667
0 0.145833 0.117593 0.023958 0.070370
0 0.010937 0.661111 0.020833 0.062963
0 0.100000 0.692593 0.030208 0.075926
0 0.678646 0.171296 0.036458 0.042593
0 0.754687 0.875926 0.035417 0.048148
0 0.744271 0.043981 0.021875 0.063889
0 0.876302 0.117130 0.021354 0.060185
0 0.098437 0.308796 0.026042 0.065741
0 0.736979 0.176852 0.020833 0.062963
0 0.184115 0.064815 0.026562 0.070370
0 0.875781 0.374537 0.023438 0.065741
0 0.744531 0.819907 0.036979 0.045370
0 0.932813 0.186111 0.027083 0.062963
0 0.929948 0.252778 0.020313 0.051852
0 0.965885 0.069444 0.032813 0.053704
0 0.409635 0.029167 0.020313 0.056481
0 0.289844 0.031944 0.023438 0.062037
0 0.040104 0.715741 0.033333 0.048148
0 0.446094 0.023611 0.032813 0.045370
0 0.966927 0.171759 0.028646 0.058333
0 0.846354 0.282407 0.037500 0.044444
0 0.335677 0.906481 0.039062 0.048148
0 0.796615 0.118981 0.040104 0.037963
0 0.175521 0.545833 0.027083 0.062037
0 0.914844 0.097685 0.028646 0.047222
0 0.867969 0.640278 0.023438 0.065741
0 0.133073 0.313889 0.024479 0.064815
0 0.871094 0.169907 0.038021 0.043519
0 0.634635 0.907870 0.021354 0.065741
0 0.037240 0.304167 0.029687 0.071296
0 0.097656 0.048148 0.042188 0.044444
0 0.024219 0.509722 0.038021 0.039815
0 0.793750 0.687500 0.029167 0.076852
0 0.243490 0.025926 0.027604 0.050000
0 0.847396 0.329167 0.035417 0.043519
0 0.726823 0.041204 0.016146 0.060185
0 0.049740 0.841204 0.035937 0.054630
0 0.945052 0.541667 0.026562 0.074074
0 0.811719 0.044907 0.022396 0.062037
0 0.329688 0.040278 0.022917 0.069444
0 0.965625 0.690741 0.035417 0.037037
0 0.902083 0.075463 0.032292 0.056481
0 0.893750 0.662037 0.038542 0.035185
0 0.460677 0.456019 0.028646 0.028704
0 0.944792 0.204167 0.037500 0.049074
0 0.742708 0.132407 0.027083 0.038889
0 0.044531 0.125926 0.046354 0.046296
0 0.949479 0.492130 0.032292 0.041667
0 0.025781 0.850000 0.041146 0.051852
0 0.537240 0.917130 0.019271 0.067593
0 0.858594 0.481019 0.032813 0.062037
0 0.923177 0.034722 0.022396 0.063889
0 0.894792 0.049537 0.034375 0.049074
0 0.984115 0.833333 0.031771 0.037037
0 0.847396 0.095370 0.027083 0.044444
0 0.970052 0.119907 0.026562 0.043519
0 0.700521 0.285185 0.020833 0.044444
0 0.992448 0.218519 0.015104 0.050000
0 0.044531 0.058333 0.049479 0.051852
0 0.665365 0.023148 0.016146 0.044444
0 0.063021 0.479167 0.030208 0.036111
0 0.510938 0.911111 0.032292 0.035185
0 0.070052 0.013426 0.040104 0.025000
0 0.008854 0.176389 0.016667 0.034259
0 0.601302 0.930093 0.018229 0.062037
0 0.333333 0.143981 0.013542 0.030556
0 0.017969 0.915278 0.032813 0.047222
0 0.148958 0.938889 0.037500 0.038889
0 0.690104 0.950926 0.034375 0.042593
0 0.048177 0.924074 0.028646 0.062963
0 0.985417 0.902315 0.028125 0.065741
0 0.593490 0.010185 0.018229 0.018519
0 0.275000 0.937963 0.037500 0.048148
0 0.946094 0.938889 0.031771 0.057407
0 0.024479 0.056481 0.025000 0.038889
0 0.120052 0.008796 0.026562 0.015741
0 0.226042 0.426852 0.032292 0.053704
0 0.007292 0.248611 0.013542 0.032407
0 0.105208 0.978704 0.029167 0.038889
0 0.180208 0.977315 0.037500 0.045370
0 0.135156 0.972685 0.027604 0.019444
0 0.253385 0.979167 0.039062 0.041667
0 0.390885 0.975926 0.026562 0.018519
0 0.318490 0.950000 0.039062 0.051852
0 0.452344 0.875000 0.018229 0.033333
0 0.716927 0.972222 0.033854 0.044444
0 0.426823 0.639352 0.044271 0.041667
0 0.441146 0.591204 0.036458 0.043519
0 0.457292 0.643519 0.017708 0.066667
0 0.466146 0.697685 0.026042 0.062037
0 0.498177 0.715278 0.040104 0.041667
0 0.485677 0.658796 0.043229 0.034259
0 0.479427 0.618056 0.039062 0.050926
0 0.518229 0.507870 0.019792 0.052778
0 0.535417 0.483796 0.033333 0.043519
0 0.496094 0.415741 0.033854 0.066667
0 0.586198 0.479167 0.041146 0.041667
0 0.568229 0.445833 0.035417 0.043519
0 0.555208 0.419907 0.038542 0.039815
0 0.548958 0.384722 0.030208 0.047222
0 0.571615 0.362963 0.022396 0.064815
0 0.547917 0.326389 0.022917 0.058333
0 0.583594 0.314352 0.022396 0.067593
0 0.556771 0.281481 0.028125 0.055556
0 0.535156 0.244444 0.030729 0.057407
0 0.522656 0.199074 0.025521 0.066667
0 0.421615 0.187037 0.041146 0.044444
0 0.425521 0.246759 0.039583 0.049074
0 0.484115 0.177778 0.038021 0.042593
0 0.461198 0.208333 0.034896 0.040741
0 0.438802 0.197222 0.032813 0.053704
0 0.446875 0.268519 0.022917 0.075926
0 0.524740 0.296759 0.033854 0.063889
0 0.828906 0.008796 0.016146 0.015741
0 0.842448 0.973611 0.035937 0.015741
0 0.911719 0.963889 0.033854 0.057407
0 0.985938 0.972222 0.028125 0.042593
