0 0.655208 0.469907 0.029167 0.052778
0 0.765625 0.307870 0.021875 0.069444
0 0.733594 0.316667 0.022396 0.064815
0 0.513021 0.259259 0.032292 0.061111
0 0.764323 0.418981 0.030729 0.056481
0 0.796094 0.304167 0.022396 0.069444
0 0.342187 0.398148 0.031250 0.057407
0 0.819531 0.566204 0.027604 0.058333
0 0.510677 0.531019 0.023438 0.062037
0 0.382552 0.285185 0.022396 0.068519
0 0.855729 0.631481 0.022917 0.061111
0 0.261719 0.467593 0.028646 0.062963
0 0.779167 0.580556 0.025000 0.062963
0 0.856771 0.503704 0.023958 0.068519
0 0.688281 0.531481 0.032813 0.062963
0 0.636979 0.552778 0.035417 0.037037
0 0.383333 0.208796 0.031250 0.056481
0 0.220573 0.682870 0.029687 0.056481
0 0.359115 0.589352 0.024479 0.063889
0 0.766406 0.626852 0.025521 0.066667
0 0.627083 0.207407 0.032292 0.061111
0 0.782031 0.501852 0.021354 0.064815
0 0.574479 0.232870 0.026042 0.062037
0 0.547135 0.324537 0.023438 0.065741
0 0.730990 0.244907 0.034896 0.058333
0 0.363021 0.361574 0.033333 0.050926
0 0.717448 0.460648 0.023438 0.062037
0 0.621875 0.258333 0.033333 0.059259
0 0.382552 0.139352 0.019271 0.067593
0 0.612500 0.322685 0.018750 0.065741
0 0.639062 0.304630 0.019792 0.062963
0 0.837760 0.529630 0.029687 0.061111
0 0.511979 0.686574 0.025000 0.060185
0 0.440625 0.453704 0.039583 0.038889
0 0.424219 0.656481 0.026562 0.062963
0 0.522656 0.343519 0.031771 0.053704
0 0.799479 0.394907 0.026042 0.067593
0 0.741927 0.549537 0.025521 0.063889
0 0.477344 0.556019 0.021354 0.063889
0 0.678906 0.209722 0.025521 0.056481
0 0.413542 0.243981 0.020833 0.071296
0 0.587240 0.615278 0.032813 0.050926
0 0.421094 0.145833 0.020313 0.063889
0 0.435156 0.391204 0.035937 0.036111
0 0.308333 0.205093 0.020833 0.063889
0 0.530208 0.109259 0.018750 0.066667
0 0.726302 0.665278 0.034896 0.039815
0 0.661979 0.293981 0.027083 0.065741
0 0.634375 0.425000 0.033333 0.037037
0 0.347135 0.500926 0.026562 0.061111
0 0.416406 0.541667 0.026562 0.068519
0 0.252083 0.702778 0.027083 0.061111
0 0.605469 0.111111 0.027604 0.061111
0 0.326042 0.109722 0.025000 0.067593
0 0.634896 0.369444 0.036458 0.035185
0 0.425000 0.492130 0.038542 0.045370
0 0.520312 0.070833 0.027083 0.058333
0 0.379948 0.435648 0.032813 0.054630
0 0.640885 0.123148 0.023438 0.057407
0 0.820573 0.483796 0.019271 0.062037
0 0.546875 0.815741 0.026042 0.061111
0 0.599219 0.074537 0.018229 0.063889
0 0.402083 0.650000 0.021875 0.066667
0 0.545573 0.400000 0.031771 0.035185
0 0.184375 0.648611 0.037500 0.050926
0 0.421875 0.602778 0.025000 0.061111
0 0.533073 0.632870 0.034896 0.045370
0 0.908854 0.195370 0.021875 0.070370
0 0.250521 0.643056 0.020833 0.063889
0 0.877604 0.827315 0.033333 0.043519
0 0.903125 0.320833 0.021875 0.062037
0 0.707031 0.696759 0.028646 0.054630
0 0.953385 0.338889 0.028646 0.059259
0 0.534896 0.534259 0.036458 0.042593
0 0.438802 0.135185 0.019271 0.061111
0 0.082292 0.365278 0.030208 0.065741
0 0.836719 0.691667 0.029687 0.050000
0 0.624219 0.721759 0.024479 0.065741
0 0.290365 0.727778 0.036979 0.040741
0 0.492708 0.708796 0.022917 0.060185
0 0.685677 0.076389 0.028646 0.056481
0 0.163021 0.549537 0.036458 0.049074
0 0.890365 0.405093 0.036979 0.039815
0 0.258073 0.225000 0.022396 0.062963
0 0.873698 0.752315 0.022396 0.060185
0 0.374740 0.507407 0.019271 0.070370
0 0.394531 0.477778 0.020313 0.064815
0 0.354167 0.264352 0.019792 0.071296
0 0.789844 0.126852 0.034896 0.044444
0 0.294792 0.512500 0.019792 0.067593
0 0.423438 0.199074 0.037500 0.040741
0 0.472656 0.365741 0.034896 0.046296
0 0.275521 0.592593 0.021875 0.061111
0 0.142187 0.347222 0.029167 0.057407
0 0.821615 0.397222 0.027604 0.061111
0 0.299219 0.582870 0.022396 0.071296
0 0.241146 0.437500 0.019792 0.062037
0 0.340625 0.165741 0.036458 0.038889
0 0.725781 0.406944 0.034896 0.039815
0 0.556250 0.197222 0.020833 0.055556
0 0.908073 0.481944 0.021354 0.069444
0 0.748698 0.770370 0.032813 0.044444
0 0.524479 0.465741 0.033333 0.037037
0 0.918229 0.574537 0.026042 0.063889
0 0.541667 0.495833 0.034375 0.036111
0 0.869531 0.137037 0.027604 0.053704
0 0.464062 0.193056 0.036458 0.037963
0 0.582292 0.035185 0.022917 0.061111
0 0.332292 0.485185 0.020833 0.062963
0 0.679948 0.627778 0.021354 0.068519
0 0.600260 0.795833 0.038021 0.041667
0 0.881771 0.073148 0.020833 0.064815
0 0.935417 0.600926 0.026042 0.062963
0 0.645312 0.040278 0.020833 0.062037
0 0.277344 0.539352 0.020313 0.060185
0 0.306250 0.096296 0.019792 0.066667
0 0.210677 0.830093 0.021354 0.069444
0 0.267188 0.166204 0.019792 0.067593
0 0.440625 0.841204 0.022917 0.071296
0 0.841406 0.425000 0.039062 0.053704
0 0.714063 0.028704 0.022917 0.055556
0 0.763021 0.685648 0.039583 0.034259
0 0.634115 0.788889 0.020313 0.057407
0 0.109635 0.407407 0.024479 0.062963
0 0.883594 0.309722 0.034896 0.052778
0 0.103385 0.582407 0.031771 0.057407
0 0.578385 0.176852 0.021354 0.051852
0 0.433594 0.084259 0.036979 0.044444
0 0.792708 0.750000 0.034375 0.055556
0 0.506771 0.171296 0.036458 0.038889
0 0.800000 0.156944 0.039583 0.047222
0 0.877865 0.350000 0.033854 0.029630
0 0.131771 0.513889 0.030208 0.062963
0 0.295052 0.252778 0.021354 0.070370
0 0.104167 0.528241 0.023958 0.073148
0 0.203646 0.441667 0.031250 0.048148
0 0.132812 0.727778 0.023958 0.070370
0 0.801562 0.529630 0.026042 0.051852
0 0.794271 0.668519 0.042708 0.035185
0 0.800521 0.071296 0.036458 0.038889
0 0.816667 0.109722 0.029167 0.050926
0 0.269792 0.839815 0.036458 0.048148
0 0.944271 0.404630 0.020833 0.062963
0 0.462240 0.693981 0.030729 0.037963
0 0.480208 0.074537 0.035417 0.037963
0 0.471094 0.846296 0.020313 0.064815
0 0.687760 0.129630 0.038021 0.037037
0 0.269531 0.648611 0.021354 0.063889
0 0.325781 0.864352 0.039062 0.045370
0 0.965625 0.423148 0.020833 0.064815
0 0.153385 0.697222 0.024479 0.064815
0 0.493490 0.893519 0.030729 0.055556
0 0.726823 0.121759 0.039062 0.043519
0 0.929948 0.818981 0.032813 0.052778
0 0.846875 0.765741 0.020833 0.053704
0 0.905469 0.653704 0.028646 0.048148
0 0.337240 0.272685 0.024479 0.073148
0 0.334115 0.209259 0.036979 0.053704
0 0.101823 0.675000 0.024479 0.064815
0 0.835417 0.062963 0.037500 0.042593
0 0.841406 0.087500 0.036979 0.036111
0 0.761458 0.824537 0.037500 0.037963
0 0.704948 0.891204 0.032813 0.050926
0 0.965625 0.738426 0.025000 0.065741
0 0.333854 0.818056 0.038542 0.043519
0 0.159115 0.308796 0.034896 0.050926
0 0.131250 0.665741 0.027083 0.053704
0 0.250260 0.369907 0.035937 0.039815
0 0.058854 0.460648 0.040625 0.043519
0 0.866927 0.688426 0.038021 0.041667
0 0.783594 0.791667 0.038021 0.038889
0 0.039062 0.412963 0.033333 0.066667
0 0.490625 0.146296 0.037500 0.035185
0 0.913021 0.259722 0.030208 0.056481
0 0.141667 0.882870 0.037500 0.037963
0 0.078385 0.495833 0.025521 0.071296
0 0.723437 0.865741 0.028125 0.057407
0 0.741406 0.088426 0.034896 0.037963
0 0.288281 0.662963 0.021354 0.061111
0 0.657813 0.021759 0.021875 0.041667
0 0.230990 0.328704 0.043229 0.040741
0 0.335417 0.044907 0.038542 0.039815
0 0.664062 0.092130 0.035417 0.037963
0 0.902083 0.794444 0.039583 0.038889
0 0.818229 0.871296 0.021875 0.061111
0 0.805208 0.910185 0.039583 0.040741
0 0.115625 0.799074 0.023958 0.070370
0 0.066667 0.231944 0.032292 0.063889
0 0.896354 0.688426 0.030208 0.034259
0 0.452604 0.751852 0.027083 0.068519
0 0.121354 0.146759 0.028125 0.065741
0 0.446875 0.894444 0.033333 0.042593
0 0.233594 0.818981 0.029687 0.054630
0 0.144531 0.203241 0.036979 0.062037
0 0.938281 0.726389 0.034896 0.036111
0 0.260677 0.591667 0.019271 0.051852
0 0.594271 0.868056 0.031250 0.045370
0 0.974219 0.186574 0.032813 0.062037
0 0.393229 0.834722 0.018750 0.069444
0 0.701302 0.365741 0.034896 0.051852
0 0.032292 0.272685 0.032292 0.063889
0 0.686198 0.388426 0.017188 0.065741
0 0.326562 0.906944 0.041667 0.037963
0 0.133594 0.460648 0.022396 0.045370
0 0.913802 0.866204 0.038021 0.052778
0 0.760938 0.909259 0.033333 0.046296
0 0.384635 0.552778 0.018229 0.048148
0 0.909375 0.034259 0.038542 0.031481
0 0.513021 0.016667 0.020833 0.031481
0 0.032552 0.183796 0.038021 0.054630
0 0.898177 0.918981 0.031771 0.047222
0 0.995313 0.317130 0.009375 0.062037
0 0.743490 0.930093 0.032813 0.037963
0 0.533594 0.018519 0.020313 0.035185
0 0.091406 0.841667 0.026562 0.033333
0 0.995833 0.643056 0.008333 0.056481
0 0.578385 0.723148 0.028646 0.037037
0 0.128646 0.586111 0.030208 0.042593
0 0.759896 0.011574 0.017708 0.021296
0 0.654167 0.914352 0.034375 0.045370
0 0.057552 0.018981 0.034896 0.036111
0 0.750781 0.958796 0.030729 0.039815
0 0.121094 0.907870 0.033854 0.032407
0 0.250000 0.523148 0.018750 0.037037
0 0.408594 0.949074 0.025521 0.066667
0 0.549479 0.878704 0.033333 0.040741
0 0.763542 0.979167 0.027083 0.041667
0 0.994271 0.207870 0.010417 0.056481
0 0.784896 0.980556 0.034375 0.038889
0 0.802604 0.945833 0.037500 0.041667
0 0.590885 0.939815 0.029687 0.048148
0 0.971354 0.905093 0.036458 0.034259
0 0.951042 0.936111 0.034375 0.040741
0 0.972917 0.950926 0.026042 0.066667
0 0.153646 0.928241 0.034375 0.037963
0 0.462500 0.957870 0.031250 0.062037
0 0.072135 0.588426 0.017188 0.026852
0 0.248177 0.954167 0.022396 0.065741
0 0.028906 0.224537 0.029687 0.041667
0 0.050260 0.980556 0.027604 0.037037
0 0.628125 0.972222 0.023958 0.055556
0 0.077344 0.962037 0.031771 0.061111
0 0.679427 0.905093 0.014063 0.026852
0 0.883594 0.961111 0.024479 0.057407
0 0.371354 0.680093 0.014583 0.026852
0 0.227865 0.978241 0.024479 0.037963
0 0.280208 0.969907 0.022917 0.023148
0 0.005208 0.972685 0.009375 0.025000
0 0.412240 0.058333 0.025521 0.066667
0 0.547135 0.239352 0.010937 0.034259
0 0.466146 0.105556 0.032292 0.044444
0 0.687240 0.293519 0.025521 0.064815
0 0.711979 0.323148 0.022917 0.059259
0 0.753385 0.249074 0.015104 0.037037
0 0.649479 0.238426 0.020833 0.067593
0 0.691927 0.047222 0.025521 0.053704
0 0.732812 0.012963 0.015625 0.024074
0 0.730208 0.059722 0.046875 0.054630
0 0.872396 0.266204 0.025000 0.060185
0 0.889323 0.250463 0.025521 0.060185
0 0.804948 0.013426 0.022396 0.025000
0 0.627344 0.084722 0.020313 0.060185
0 0.627604 0.090741 0.021875 0.064815
0 0.093490 0.008333 0.016146 0.014815
