0 0.606250 0.491667 0.028125 0.055556
0 0.480729 0.516667 0.030208 0.051852
0 0.534896 0.512037 0.030208 0.055556
0 0.481510 0.402315 0.027604 0.062037
0 0.400521 0.409259 0.029167 0.057407
0 0.428385 0.476389 0.032813 0.047222
0 0.376563 0.534722 0.028125 0.060185
0 0.647917 0.484259 0.028125 0.059259
0 0.475781 0.630093 0.026562 0.060185
0 0.469271 0.103241 0.025000 0.065741
0 0.401562 0.313426 0.018750 0.063889
0 0.249479 0.566667 0.034375 0.057407
0 0.924740 0.589352 0.029687 0.052778
0 0.561719 0.438889 0.021354 0.066667
0 0.162760 0.431481 0.028646 0.064815
0 0.432292 0.282407 0.029167 0.051852
0 0.677865 0.456944 0.031771 0.054630
0 0.447656 0.351389 0.035937 0.043519
0 0.651563 0.403704 0.031250 0.057407
0 0.572396 0.326852 0.030208 0.057407
0 0.605208 0.761111 0.026042 0.061111
0 0.245052 0.407407 0.034896 0.057407
0 0.330729 0.517130 0.027083 0.069444
0 0.678125 0.604630 0.029167 0.061111
0 0.788281 0.474074 0.022396 0.062963
0 0.312240 0.407870 0.025521 0.063889
0 0.335938 0.449537 0.023958 0.065741
0 0.325000 0.340741 0.034375 0.048148
0 0.708333 0.430556 0.018750 0.059259
0 0.362760 0.278704 0.034896 0.040741
0 0.732031 0.601389 0.034896 0.039815
0 0.276302 0.211574 0.025521 0.065741
0 0.504687 0.068519 0.029167 0.059259
0 0.283073 0.086111 0.021354 0.066667
0 0.600781 0.573611 0.022396 0.058333
0 0.567187 0.207870 0.030208 0.058333
0 0.272396 0.442130 0.033333 0.041667
0 0.494271 0.683796 0.022917 0.062037
0 0.528646 0.220370 0.017708 0.066667
0 0.161719 0.344444 0.029687 0.064815
0 0.284375 0.795833 0.038542 0.054630
0 0.691667 0.333333 0.029167 0.062963
0 0.658854 0.228241 0.017708 0.060185
0 0.649219 0.354167 0.024479 0.060185
0 0.220052 0.751389 0.031771 0.060185
0 0.541406 0.251389 0.029687 0.060185
0 0.914323 0.529167 0.031771 0.056481
0 0.382812 0.375926 0.036458 0.037037
0 0.181250 0.406481 0.023958 0.064815
0 0.607552 0.358333 0.031771 0.051852
0 0.890365 0.565278 0.032813 0.050926
0 0.365365 0.797222 0.026562 0.062963
0 0.380990 0.341204 0.035937 0.037963
0 0.178906 0.656481 0.028646 0.059259
0 0.622656 0.777315 0.024479 0.062037
0 0.220052 0.291667 0.022396 0.064815
0 0.342187 0.784722 0.030208 0.058333
0 0.287240 0.527315 0.038021 0.034259
0 0.247917 0.204630 0.020833 0.068519
0 0.344531 0.665278 0.030729 0.054630
0 0.767708 0.256481 0.028125 0.062963
0 0.196354 0.292130 0.031250 0.063889
0 0.419792 0.742130 0.028125 0.060185
0 0.528646 0.385648 0.035417 0.045370
0 0.510156 0.297685 0.032813 0.037963
0 0.465104 0.574537 0.018750 0.065741
0 0.242448 0.614352 0.039062 0.039815
0 0.547656 0.364815 0.025521 0.068519
0 0.915885 0.230556 0.019271 0.062963
0 0.382552 0.097222 0.035937 0.053704
0 0.693490 0.657870 0.038021 0.036111
0 0.147917 0.112500 0.021875 0.073148
0 0.660417 0.803704 0.035417 0.044444
0 0.380729 0.866667 0.030208 0.064815
0 0.446615 0.568981 0.017188 0.067593
0 0.385156 0.203241 0.033854 0.045370
0 0.728385 0.287963 0.030729 0.053704
0 0.172917 0.524074 0.034375 0.062963
0 0.399479 0.162500 0.038542 0.039815
0 0.707812 0.236111 0.029167 0.061111
0 0.281771 0.324537 0.021875 0.056481
0 0.728385 0.517593 0.035937 0.033333
0 0.209896 0.579630 0.033333 0.070370
0 0.849740 0.676389 0.039062 0.049074
0 0.728385 0.137037 0.019271 0.066667
0 0.861198 0.481944 0.032813 0.058333
0 0.528385 0.625463 0.019271 0.063889
0 0.293750 0.434722 0.018750 0.062037
0 0.357031 0.168981 0.036979 0.037963
0 0.547135 0.566204 0.036979 0.036111
0 0.253385 0.092593 0.022396 0.062963
0 0.313802 0.196759 0.035937 0.041667
0 0.873177 0.457407 0.033854 0.059259
0 0.425521 0.142130 0.037500 0.037963
0 0.123438 0.246296 0.033333 0.051852
0 0.315104 0.132407 0.034375 0.050000
0 0.498437 0.733333 0.031250 0.046296
0 0.877344 0.521296 0.036979 0.038889
0 0.329427 0.067130 0.032813 0.052778
0 0.701042 0.818056 0.023958 0.071296
0 0.578906 0.729167 0.027604 0.063889
0 0.440365 0.792130 0.034896 0.043519
0 0.242448 0.846296 0.035937 0.046296
0 0.930469 0.449074 0.039062 0.044444
0 0.655469 0.774074 0.035937 0.040741
0 0.319792 0.829167 0.020833 0.067593
0 0.904948 0.622222 0.025521 0.064815
0 0.960677 0.774537 0.032813 0.058333
0 0.818750 0.416667 0.036458 0.042593
0 0.315104 0.639815 0.021875 0.068519
0 0.759115 0.324537 0.027604 0.071296
0 0.836198 0.627315 0.039062 0.041667
0 0.471615 0.714815 0.019271 0.066667
0 0.642188 0.724537 0.036458 0.039815
0 0.350260 0.114815 0.039062 0.037037
0 0.130990 0.120370 0.030729 0.062963
0 0.952083 0.487037 0.033333 0.046296
0 0.845833 0.342593 0.032292 0.044444
0 0.795052 0.356019 0.028646 0.060185
0 0.929948 0.754630 0.025521 0.066667
0 0.417187 0.450000 0.034375 0.033333
0 0.827344 0.148148 0.021354 0.062963
0 0.897396 0.214352 0.025000 0.060185
0 0.889844 0.684722 0.043229 0.039815
0 0.469010 0.842593 0.035937 0.055556
0 0.852344 0.191204 0.024479 0.063889
0 0.528125 0.049074 0.033333 0.050000
0 0.961979 0.366204 0.031250 0.058333
0 0.586719 0.605556 0.021354 0.053704
0 0.298177 0.158796 0.031771 0.049074
0 0.634375 0.821759 0.020833 0.067593
0 0.444010 0.033796 0.022396 0.060185
0 0.828906 0.571759 0.040104 0.037963
0 0.171354 0.129630 0.028125 0.068519
0 0.869792 0.197222 0.023958 0.062963
0 0.229948 0.799074 0.040104 0.038889
0 0.199479 0.206481 0.041667 0.042593
0 0.130990 0.701389 0.041146 0.049074
0 0.944531 0.645370 0.023438 0.050000
0 0.036719 0.735648 0.031771 0.060185
0 0.066406 0.417593 0.040104 0.048148
0 0.826823 0.372685 0.033854 0.052778
0 0.843490 0.086574 0.026562 0.060185
0 0.079167 0.373611 0.025000 0.062037
0 0.286719 0.252778 0.033854 0.057407
0 0.091667 0.207407 0.023958 0.070370
0 0.413281 0.850463 0.020313 0.067593
0 0.795573 0.166667 0.036979 0.046296
0 0.883333 0.782407 0.030208 0.062963
0 0.042969 0.437500 0.035937 0.071296
0 0.359115 0.872685 0.025521 0.067593
0 0.507552 0.647685 0.032813 0.043519
0 0.659375 0.850000 0.026042 0.072222
0 0.280729 0.835648 0.043750 0.039815
0 0.564063 0.087500 0.022917 0.050926
0 0.135677 0.584259 0.024479 0.064815
0 0.094792 0.666667 0.033333 0.057407
0 0.282031 0.730556 0.041146 0.051852
0 0.016667 0.813889 0.032292 0.064815
0 0.452865 0.058333 0.033854 0.048148
0 0.083854 0.604630 0.028125 0.070370
0 0.255990 0.147685 0.032813 0.041667
0 0.386458 0.040741 0.037500 0.038889
0 0.141406 0.468056 0.029687 0.065741
0 0.529687 0.020833 0.037500 0.039815
0 0.106771 0.372222 0.042708 0.042593
0 0.487240 0.769444 0.034896 0.044444
0 0.145833 0.222222 0.020833 0.059259
0 0.479687 0.796759 0.036458 0.041667
0 0.869010 0.367593 0.039062 0.037037
0 0.979167 0.327315 0.038542 0.037963
0 0.209375 0.698148 0.035417 0.064815
0 0.314323 0.747685 0.034896 0.067593
0 0.880208 0.318519 0.031250 0.059259
0 0.867448 0.151852 0.032813 0.038889
0 0.088281 0.336574 0.036979 0.054630
0 0.573438 0.024074 0.026042 0.046296
0 0.075260 0.860185 0.031771 0.061111
0 0.241927 0.035648 0.020313 0.067593
0 0.293490 0.297222 0.038021 0.051852
0 0.132812 0.849074 0.032292 0.059259
0 0.194271 0.732870 0.033333 0.069444
0 0.878646 0.116204 0.032292 0.045370
0 0.934635 0.332870 0.026562 0.060185
0 0.086458 0.053704 0.037500 0.062963
0 0.079167 0.500926 0.039583 0.057407
0 0.901563 0.395370 0.034375 0.051852
0 0.981510 0.809722 0.034896 0.062037
0 0.102344 0.850463 0.022396 0.063889
0 0.125521 0.062500 0.037500 0.047222
0 0.206510 0.383333 0.031771 0.059259
0 0.752604 0.033333 0.034375 0.040741
0 0.929427 0.177315 0.022396 0.063889
0 0.061458 0.109259 0.026042 0.072222
0 0.866667 0.075926 0.030208 0.050000
0 0.953906 0.059259 0.025521 0.061111
0 0.036719 0.662500 0.026562 0.071296
0 0.985677 0.268981 0.027604 0.041667
0 0.901563 0.159722 0.032292 0.034259
0 0.036719 0.222222 0.046354 0.050000
0 0.796094 0.746759 0.029687 0.032407
0 0.105208 0.025000 0.039583 0.038889
0 0.803906 0.919907 0.028646 0.058333
0 0.190885 0.857407 0.025521 0.068519
0 0.139583 0.514815 0.027083 0.053704
0 0.015104 0.762500 0.029167 0.041667
0 0.831771 0.504630 0.029167 0.031481
0 0.013281 0.471759 0.025521 0.069444
0 0.147135 0.767130 0.042188 0.049074
0 0.015365 0.375000 0.029687 0.061111
0 0.317188 0.022222 0.023958 0.042593
0 0.438802 0.861574 0.032813 0.054630
0 0.044792 0.821759 0.026042 0.071296
0 0.113281 0.904167 0.028646 0.058333
0 0.085417 0.933333 0.032292 0.051852
0 0.444531 0.758796 0.027604 0.039815
0 0.199479 0.329630 0.036458 0.050000
0 0.201302 0.020370 0.038021 0.038889
0 0.176563 0.275926 0.036458 0.040741
0 0.296615 0.021759 0.023438 0.041667
0 0.026823 0.044907 0.039062 0.036111
0 0.982552 0.190741 0.017188 0.025926
0 0.579427 0.881944 0.022396 0.047222
0 0.201042 0.935185 0.035417 0.046296
0 0.025000 0.860185 0.043750 0.035185
0 0.904948 0.012037 0.029687 0.022222
0 0.097917 0.956944 0.036458 0.056481
0 0.969010 0.106019 0.039062 0.052778
0 0.008854 0.175000 0.016667 0.031481
0 0.480208 0.900463 0.025000 0.058333
0 0.526302 0.909259 0.028646 0.035185
0 0.120313 0.952778 0.036458 0.046296
0 0.008333 0.309259 0.015625 0.064815
0 0.422135 0.092593 0.016146 0.031481
0 0.163802 0.964815 0.038021 0.061111
0 0.078125 0.897222 0.031250 0.050000
0 0.079948 0.010648 0.033854 0.019444
0 0.251563 0.974537 0.036458 0.050926
0 0.458333 0.889352 0.035417 0.047222
0 0.016667 0.939352 0.028125 0.067593
0 0.031510 0.617130 0.025521 0.036111
0 0.487760 0.956944 0.028646 0.067593
0 0.050000 0.868519 0.029167 0.046296
0 0.076563 0.755556 0.016667 0.029630
0 0.354427 0.390741 0.016146 0.070370
0 0.333594 0.390278 0.021354 0.054630
0 0.632031 0.982870 0.030729 0.034259
0 0.283854 0.979167 0.030208 0.039815
0 0.402604 0.901389 0.020833 0.039815
0 0.013802 0.889352 0.026562 0.045370
0 0.433854 0.946759 0.022917 0.065741
0 0.770312 0.971759 0.025000 0.013889
0 0.930208 0.066667 0.018750 0.025926
0 0.448698 0.207407 0.027604 0.044444
0 0.475260 0.174074 0.034896 0.055556
0 0.504948 0.135185 0.016146 0.068519
0 0.448698 0.097222 0.017188 0.033333
0 0.544271 0.188426 0.025000 0.063889
0 0.516406 0.169907 0.017188 0.075000
0 0.581250 0.125463 0.042708 0.034259
0 0.557031 0.100463 0.016146 0.030556
0 0.604167 0.163889 0.028125 0.072222
0 0.579688 0.178241 0.038542 0.037963
0 0.511198 0.245833 0.030729 0.049074
0 0.482292 0.244907 0.025000 0.054630
0 0.452083 0.237500 0.039583 0.032407
0 0.479948 0.293056 0.032813 0.045370
0 0.456510 0.282870 0.022396 0.073148
0 0.430208 0.414815 0.017708 0.027778
0 0.177083 0.559259 0.025000 0.072222
0 0.571615 0.278241 0.022396 0.063889
0 0.633333 0.196296 0.021875 0.070370
0 0.644792 0.156019 0.026042 0.062037
0 0.651823 0.114352 0.030729 0.065741
0 0.676302 0.124074 0.033854 0.059259
0 0.698177 0.096296 0.018229 0.075926
0 0.670573 0.074537 0.038021 0.043519
0 0.748698 0.132407 0.030729 0.051852
0 0.679688 0.196296 0.021875 0.072222
0 0.647135 0.264815 0.030729 0.057407
0 0.803125 0.304630 0.020833 0.053704
0 0.813021 0.234722 0.041667 0.069444
0 0.932292 0.247685 0.018750 0.052778
0 0.993229 0.212037 0.012500 0.037037
0 0.895833 0.294907 0.032292 0.062037
0 0.918229 0.288889 0.016667 0.042593
0 0.921875 0.323148 0.026042 0.064815
0 0.936198 0.324074 0.015104 0.072222
0 0.510677 0.569907 0.028646 0.056481
0 0.543490 0.600000 0.038021 0.050000
0 0.501042 0.612037 0.030208 0.053704
0 0.973698 0.116667 0.015104 0.029630
