0 0.205208 0.153241 0.027083 0.062037
0 0.176042 0.461574 0.034375 0.054630
0 0.657813 0.344444 0.031250 0.057407
0 0.212500 0.409259 0.028125 0.061111
0 0.594792 0.509722 0.018750 0.065741
0 0.579167 0.240741 0.034375 0.055556
0 0.296094 0.704167 0.041146 0.054630
0 0.562240 0.712037 0.036979 0.042593
0 0.676042 0.582870 0.021875 0.063889
0 0.201302 0.610185 0.032813 0.059259
0 0.947135 0.369907 0.024479 0.060185
0 0.649479 0.470833 0.022917 0.069444
0 0.380469 0.445370 0.020313 0.070370
0 0.464062 0.641204 0.034375 0.052778
0 0.400000 0.632407 0.026042 0.068519
0 0.741927 0.185185 0.020313 0.064815
0 0.182031 0.393519 0.033854 0.055556
0 0.435677 0.715278 0.032813 0.063889
0 0.545052 0.483796 0.032813 0.056481
0 0.482552 0.806944 0.030729 0.062037
0 0.727865 0.243981 0.029687 0.060185
0 0.263802 0.465278 0.040104 0.052778
0 0.066667 0.408796 0.025000 0.067593
0 0.554948 0.802778 0.035937 0.053704
0 0.937240 0.310648 0.026562 0.060185
0 0.933073 0.567130 0.030729 0.045370
0 0.099219 0.207407 0.026562 0.064815
0 0.657813 0.284722 0.030208 0.060185
0 0.310677 0.286111 0.030729 0.061111
0 0.358854 0.465278 0.028125 0.069444
0 0.511458 0.245370 0.037500 0.053704
0 0.493750 0.556019 0.035417 0.045370
0 0.626563 0.304630 0.035417 0.046296
0 0.547135 0.671759 0.036979 0.043519
0 0.913802 0.491667 0.023438 0.072222
0 0.631510 0.603704 0.036979 0.048148
0 0.493229 0.616204 0.031250 0.056481
0 0.380990 0.066204 0.020313 0.065741
0 0.813281 0.514352 0.031771 0.067593
0 0.769271 0.138426 0.033333 0.062037
0 0.654427 0.537963 0.034896 0.044444
0 0.553906 0.562500 0.033854 0.054630
0 0.469531 0.726389 0.036979 0.049074
0 0.870833 0.355556 0.026042 0.064815
0 0.928385 0.455556 0.024479 0.068519
0 0.182292 0.333333 0.034375 0.072222
0 0.414062 0.804167 0.040625 0.041667
0 0.079167 0.643981 0.032292 0.063889
0 0.378385 0.772685 0.039062 0.043519
0 0.405729 0.355556 0.040625 0.055556
0 0.222917 0.512500 0.029167 0.067593
0 0.276823 0.636574 0.041146 0.037963
0 0.888802 0.507407 0.034896 0.048148
0 0.616146 0.254167 0.037500 0.045370
0 0.222396 0.166204 0.032292 0.056481
0 0.386979 0.548148 0.037500 0.038889
0 0.459115 0.596296 0.035937 0.055556
0 0.243750 0.112500 0.027083 0.067593
0 0.267188 0.177315 0.038542 0.037963
0 0.755990 0.579630 0.027604 0.055556
0 0.371354 0.512963 0.037500 0.038889
0 0.148438 0.316204 0.031250 0.071296
0 0.927083 0.366667 0.027083 0.059259
0 0.360417 0.574537 0.039583 0.036111
0 0.748958 0.506481 0.026042 0.066667
0 0.535156 0.221759 0.032813 0.062037
0 0.963021 0.443056 0.035417 0.049074
0 0.285938 0.514815 0.023958 0.066667
0 0.797917 0.339352 0.033333 0.047222
0 0.281250 0.291667 0.034375 0.061111
0 0.722656 0.325000 0.031771 0.059259
0 0.909896 0.403241 0.031250 0.054630
0 0.309115 0.362963 0.032813 0.062963
0 0.166667 0.251852 0.042708 0.059259
0 0.127604 0.246759 0.043750 0.054630
0 0.665885 0.403704 0.036979 0.055556
0 0.787500 0.541667 0.031250 0.055556
0 0.351823 0.406019 0.039062 0.054630
0 0.840365 0.168981 0.028646 0.063889
0 0.719010 0.280093 0.026562 0.062037
0 0.857552 0.496296 0.030729 0.057407
0 0.853646 0.418056 0.037500 0.054630
0 0.248698 0.534259 0.032813 0.051852
0 0.191406 0.537037 0.036979 0.062963
0 0.330990 0.879630 0.033854 0.062963
0 0.561458 0.148611 0.036458 0.041667
0 0.741927 0.638426 0.021354 0.065741
0 0.282292 0.110185 0.026042 0.066667
0 0.701042 0.455093 0.039583 0.058333
0 0.112240 0.415278 0.040104 0.041667
0 0.609115 0.427315 0.032813 0.062037
0 0.497135 0.036574 0.020313 0.067593
0 0.898958 0.300926 0.026042 0.062963
0 0.877604 0.540278 0.041667 0.043519
0 0.923698 0.172222 0.032813 0.064815
0 0.536198 0.325926 0.035937 0.044444
0 0.346875 0.225463 0.027083 0.073148
0 0.519271 0.359259 0.036458 0.061111
0 0.808854 0.680093 0.026042 0.065741
0 0.426823 0.772222 0.032813 0.066667
0 0.970052 0.265741 0.035937 0.053704
0 0.346094 0.077778 0.025521 0.062963
0 0.150260 0.702315 0.041146 0.054630
0 0.779948 0.485185 0.022396 0.061111
0 0.016406 0.569444 0.031771 0.053704
0 0.930990 0.111111 0.022396 0.061111
0 0.673698 0.195833 0.034896 0.056481
0 0.334375 0.276389 0.023958 0.075000
0 0.455990 0.026852 0.018229 0.051852
0 0.115104 0.724537 0.040625 0.045370
0 0.509375 0.758796 0.033333 0.045370
0 0.455469 0.792593 0.026562 0.064815
0 0.132292 0.160648 0.043750 0.060185
0 0.789844 0.597222 0.034896 0.064815
0 0.235417 0.390278 0.039583 0.043519
0 0.787240 0.657407 0.023438 0.059259
0 0.274219 0.575926 0.040104 0.066667
0 0.326562 0.500463 0.040625 0.050926
0 0.754687 0.077315 0.029167 0.060185
0 0.066146 0.518519 0.042708 0.050000
0 0.753906 0.437963 0.031771 0.072222
0 0.920052 0.739815 0.025521 0.061111
0 0.892708 0.383796 0.033333 0.049074
0 0.955208 0.106019 0.022917 0.060185
0 0.242448 0.274537 0.042188 0.041667
0 0.879167 0.299074 0.027083 0.055556
0 0.522656 0.153241 0.034896 0.065741
0 0.085938 0.451389 0.040625 0.047222
0 0.317969 0.597685 0.035937 0.060185
0 0.230990 0.830556 0.032813 0.059259
0 0.051042 0.719907 0.032292 0.056481
0 0.973177 0.103241 0.025521 0.058333
0 0.849219 0.071759 0.029687 0.062037
0 0.783854 0.074537 0.038542 0.047222
0 0.881510 0.688889 0.030729 0.062963
0 0.654427 0.024537 0.030729 0.045370
0 0.091146 0.253704 0.039583 0.040741
0 0.904948 0.800463 0.030729 0.058333
0 0.714063 0.082870 0.020833 0.067593
0 0.748177 0.350926 0.033854 0.066667
0 0.100521 0.540741 0.038542 0.050000
0 0.764583 0.727778 0.036458 0.061111
0 0.970573 0.045370 0.023438 0.059259
0 0.518229 0.607407 0.030208 0.068519
0 0.242448 0.347222 0.041146 0.053704
0 0.986458 0.399074 0.025000 0.062963
0 0.354948 0.147222 0.039062 0.055556
0 0.495052 0.138889 0.028646 0.074074
0 0.037240 0.242593 0.041146 0.062963
0 0.576302 0.046759 0.033854 0.065741
0 0.372396 0.298148 0.032292 0.070370
0 0.352604 0.700000 0.033333 0.066667
0 0.826823 0.189815 0.036979 0.064815
0 0.107031 0.372685 0.045312 0.058333
0 0.981771 0.234722 0.034375 0.043519
0 0.202344 0.089815 0.040104 0.053704
0 0.514583 0.719444 0.038542 0.050000
0 0.550521 0.093519 0.035417 0.068519
0 0.866927 0.168981 0.036979 0.062037
0 0.861979 0.811574 0.028125 0.063889
0 0.845052 0.116204 0.035937 0.060185
0 0.760938 0.678704 0.027083 0.062963
0 0.365625 0.889815 0.036458 0.066667
0 0.892448 0.734259 0.039062 0.046296
0 0.078646 0.166667 0.034375 0.062963
0 0.765365 0.623611 0.029687 0.058333
0 0.825000 0.722222 0.033333 0.064815
0 0.445573 0.075000 0.038021 0.074074
0 0.107292 0.647685 0.044792 0.075000
0 0.969010 0.793981 0.033854 0.049074
0 0.020573 0.648611 0.033854 0.067593
0 0.163542 0.112963 0.045833 0.044444
0 0.907813 0.073611 0.036458 0.043519
0 0.304688 0.081481 0.037500 0.055556
0 0.819531 0.218056 0.038021 0.054630
0 0.043229 0.164352 0.039583 0.056481
0 0.965104 0.705556 0.033333 0.053704
0 0.950000 0.152778 0.033333 0.040741
0 0.017708 0.714815 0.034375 0.051852
0 0.135937 0.897222 0.033333 0.048148
0 0.017969 0.253704 0.034896 0.048148
0 0.163802 0.834722 0.043229 0.052778
0 0.978125 0.740278 0.031250 0.056481
0 0.351562 0.023611 0.033333 0.045370
0 0.478385 0.851852 0.024479 0.072222
0 0.891927 0.025463 0.035937 0.049074
0 0.768229 0.213426 0.038542 0.049074
0 0.885938 0.852315 0.037500 0.039815
0 0.394531 0.022222 0.033854 0.042593
0 0.080990 0.047222 0.030729 0.066667
0 0.875521 0.821759 0.030208 0.062037
0 0.008073 0.452315 0.015104 0.060185
0 0.947917 0.855093 0.041667 0.049074
0 0.413802 0.896296 0.032813 0.070370
0 0.190365 0.025000 0.042188 0.048148
0 0.989062 0.171296 0.020833 0.068519
0 0.724479 0.023148 0.022917 0.044444
0 0.014063 0.210648 0.027083 0.052778
0 0.477604 0.900463 0.028125 0.056481
0 0.008333 0.371759 0.015625 0.071296
0 0.939323 0.918056 0.035937 0.054630
0 0.250000 0.084259 0.041667 0.050000
0 0.656510 0.900000 0.025521 0.070370
0 0.443490 0.934722 0.036979 0.069444
0 0.590104 0.891204 0.031250 0.071296
0 0.500781 0.944907 0.030729 0.063889
0 0.706771 0.937963 0.055208 0.100000
0 0.776563 0.938889 0.038542 0.070370
0 0.719271 0.923611 0.032292 0.067593
0 0.879948 0.941667 0.027604 0.062963
0 0.846354 0.978241 0.042708 0.036111
0 0.985677 0.969444 0.028646 0.024074
0 0.035937 0.974074 0.035417 0.024074
0 0.631510 0.950000 0.039062 0.046296
0 0.983073 0.925000 0.026562 0.037037
0 0.966927 0.901852 0.036979 0.033333
0 0.938542 0.883333 0.043750 0.053704
0 0.996354 0.587500 0.007292 0.036111
0 0.991667 0.444444 0.016667 0.044444
0 0.883333 0.446759 0.025000 0.069444
0 0.460938 0.100926 0.039583 0.057407
0 0.465104 0.143056 0.035417 0.069444
0 0.415625 0.024074 0.020833 0.046296
0 0.344010 0.033333 0.031771 0.046296
0 0.397656 0.458796 0.023438 0.071296
0 0.416927 0.454630 0.024479 0.070370
0 0.431771 0.431944 0.035417 0.062037
0 0.465365 0.456019 0.036979 0.049074
0 0.471875 0.507870 0.035417 0.067593
0 0.466146 0.401852 0.027083 0.070370
0 0.484635 0.421296 0.034896 0.029630
0 0.510677 0.393519 0.043229 0.051852
0 0.557813 0.223611 0.016667 0.071296
0 0.588802 0.196759 0.040104 0.045370
0 0.510417 0.508796 0.023958 0.062037
0 0.528646 0.525463 0.019792 0.062037
0 0.493750 0.458796 0.028125 0.045370
0 0.497917 0.495370 0.015625 0.062963
0 0.571354 0.525926 0.030208 0.051852
0 0.619792 0.542130 0.031250 0.058333
0 0.604948 0.560185 0.022396 0.077778
0 0.571875 0.103241 0.035417 0.054630
0 0.646094 0.195833 0.033854 0.071296
0 0.701302 0.163889 0.038021 0.061111
0 0.599479 0.023148 0.036458 0.044444
0 0.628646 0.027778 0.020833 0.053704
0 0.645052 0.059722 0.039062 0.047222
0 0.610938 0.115741 0.037500 0.055556
0 0.601302 0.058796 0.033854 0.058333
0 0.628385 0.087037 0.044271 0.042593
0 0.669792 0.067130 0.021875 0.043519
0 0.692187 0.090278 0.032292 0.047222
0 0.691667 0.127315 0.036458 0.047222
0 0.665885 0.134722 0.019271 0.067593
0 0.636198 0.130093 0.031771 0.060185
0 0.643229 0.151389 0.028125 0.056481
0 0.657552 0.238889 0.040104 0.051852
0 0.334115 0.547685 0.044271 0.037963
0 0.252604 0.419444 0.039583 0.044444
0 0.288542 0.373148 0.023958 0.079630
0 0.268229 0.336111 0.027083 0.059259
0 0.260937 0.367130 0.025000 0.062037
