0 0.360156 0.290741 0.026562 0.057407
0 0.368750 0.354630 0.031250 0.057407
0 0.440365 0.466204 0.032813 0.054630
0 0.559375 0.438426 0.026042 0.060185
0 0.922656 0.686111 0.030729 0.053704
0 0.386198 0.277778 0.023438 0.066667
0 0.326042 0.423611 0.022917 0.063889
0 0.670052 0.475926 0.023438 0.062963
0 0.134375 0.447222 0.021875 0.068519
0 0.524740 0.281944 0.025521 0.060185
0 0.156250 0.462963 0.025000 0.062963
0 0.224479 0.387500 0.028125 0.062037
0 0.280990 0.559259 0.025521 0.062963
0 0.396875 0.207407 0.025000 0.064815
0 0.800521 0.764352 0.030208 0.054630
0 0.522656 0.428704 0.020313 0.066667
0 0.527865 0.114352 0.020313 0.067593
0 0.628385 0.485185 0.023438 0.061111
0 0.614062 0.354167 0.028125 0.062037
0 0.296094 0.521296 0.024479 0.070370
0 0.861198 0.539352 0.030729 0.043519
0 0.082552 0.367593 0.028646 0.066667
0 0.320573 0.506481 0.018229 0.064815
0 0.327083 0.111111 0.029167 0.064815
0 0.586979 0.498611 0.028125 0.054630
0 0.519271 0.556019 0.018750 0.065741
0 0.164583 0.550000 0.038542 0.040741
0 0.473177 0.702315 0.030729 0.050926
0 0.254427 0.653241 0.020313 0.065741
0 0.689844 0.362963 0.018229 0.064815
0 0.716406 0.760185 0.031771 0.059259
0 0.259115 0.446296 0.028646 0.064815
0 0.350781 0.425926 0.019271 0.070370
0 0.721094 0.604630 0.028646 0.061111
0 0.307552 0.626389 0.031771 0.056481
0 0.288542 0.138889 0.021875 0.062963
0 0.395573 0.404630 0.019271 0.068519
0 0.127604 0.656019 0.041667 0.050926
0 0.152865 0.753704 0.030729 0.064815
0 0.416667 0.250463 0.021875 0.067593
0 0.619271 0.691204 0.036458 0.034259
0 0.721094 0.062963 0.018229 0.066667
0 0.526042 0.185648 0.031250 0.052778
0 0.781250 0.543056 0.021875 0.062037
0 0.464062 0.192593 0.034375 0.040741
0 0.928906 0.344444 0.021354 0.064815
0 0.377865 0.683333 0.023438 0.059259
0 0.942969 0.709722 0.021354 0.060185
0 0.635938 0.627778 0.029167 0.050000
0 0.369271 0.433796 0.018750 0.063889
0 0.587760 0.623611 0.022396 0.063889
0 0.067708 0.450000 0.037500 0.057407
0 0.533854 0.634722 0.034375 0.043519
0 0.476042 0.650926 0.032292 0.051852
0 0.581771 0.376389 0.022917 0.060185
0 0.803906 0.470833 0.034896 0.043519
0 0.840104 0.697685 0.022917 0.062037
0 0.748698 0.447685 0.036979 0.036111
0 0.128646 0.200000 0.026042 0.064815
0 0.752865 0.596759 0.029687 0.056481
0 0.889062 0.645833 0.038542 0.032407
0 0.497917 0.495833 0.017708 0.062037
0 0.419010 0.621759 0.031771 0.052778
0 0.825260 0.143981 0.026562 0.065741
0 0.426823 0.215741 0.034896 0.055556
0 0.700260 0.633333 0.032813 0.031481
0 0.347396 0.101389 0.030208 0.060185
0 0.398438 0.658796 0.028125 0.063889
0 0.325781 0.748611 0.031771 0.063889
0 0.452865 0.567593 0.022396 0.064815
0 0.798958 0.672222 0.028125 0.059259
0 0.882552 0.390278 0.025521 0.062037
0 0.643229 0.763426 0.037500 0.036111
0 0.915365 0.593981 0.021354 0.071296
0 0.115625 0.350000 0.028125 0.072222
0 0.206250 0.471296 0.030208 0.057407
0 0.259115 0.220370 0.024479 0.072222
0 0.306250 0.140278 0.018750 0.065741
0 0.764323 0.645370 0.024479 0.057407
0 0.214583 0.556481 0.035417 0.053704
0 0.933854 0.548611 0.020833 0.069444
0 0.407031 0.543519 0.019271 0.070370
0 0.226823 0.639815 0.033854 0.055556
0 0.505208 0.607870 0.018750 0.067593
0 0.187500 0.446296 0.033333 0.050000
0 0.381510 0.625926 0.035937 0.051852
0 0.909375 0.202778 0.025000 0.061111
0 0.604427 0.480093 0.020313 0.069444
0 0.604167 0.072222 0.016667 0.066667
0 0.829427 0.508796 0.038021 0.045370
0 0.183854 0.313426 0.032292 0.063889
0 0.369271 0.040278 0.028125 0.054630
0 0.297396 0.829630 0.034375 0.061111
0 0.846094 0.870833 0.028646 0.049074
0 0.941927 0.400463 0.020313 0.062037
0 0.749740 0.767130 0.019271 0.069444
0 0.775260 0.466667 0.021354 0.064815
0 0.424479 0.721759 0.037500 0.056481
0 0.845052 0.233333 0.020313 0.068519
0 0.089063 0.524537 0.043750 0.041667
0 0.933333 0.217130 0.026042 0.062037
0 0.671875 0.218056 0.033333 0.041667
0 0.948958 0.171296 0.031250 0.050000
0 0.730469 0.245370 0.030729 0.059259
0 0.878646 0.829167 0.019792 0.060185
0 0.313802 0.193981 0.027604 0.071296
0 0.722917 0.662037 0.033333 0.029630
0 0.492708 0.436111 0.021875 0.072222
0 0.781510 0.325463 0.024479 0.063889
0 0.214844 0.663426 0.040104 0.037963
0 0.253906 0.363889 0.036979 0.044444
0 0.720052 0.318519 0.036979 0.037037
0 0.682813 0.066204 0.034375 0.043519
0 0.234375 0.582407 0.034375 0.053704
0 0.087760 0.293056 0.042188 0.036111
0 0.282813 0.700926 0.040625 0.035185
0 0.429167 0.053241 0.032292 0.060185
0 0.329427 0.260648 0.029687 0.065741
0 0.231510 0.452778 0.033854 0.051852
0 0.361979 0.078241 0.032292 0.043519
0 0.154427 0.685185 0.031771 0.055556
0 0.819531 0.881019 0.025521 0.062037
0 0.312760 0.574074 0.035937 0.050000
0 0.594531 0.291667 0.039062 0.048148
0 0.967187 0.432870 0.023958 0.062037
0 0.062240 0.670833 0.038021 0.062037
0 0.871354 0.710185 0.018750 0.070370
0 0.754687 0.096759 0.037500 0.045370
0 0.777083 0.685185 0.018750 0.055556
0 0.331771 0.701852 0.036458 0.059259
0 0.652083 0.859722 0.035417 0.036111
0 0.776563 0.378241 0.034375 0.032407
0 0.234115 0.493056 0.042188 0.036111
0 0.689063 0.138889 0.038542 0.038889
0 0.869010 0.244444 0.021354 0.066667
0 0.788802 0.131481 0.035937 0.044444
0 0.420833 0.090278 0.036458 0.043519
0 0.837240 0.746296 0.034896 0.035185
0 0.902604 0.338426 0.033333 0.063889
0 0.473958 0.404630 0.017708 0.059259
0 0.155469 0.875000 0.042188 0.050000
0 0.838542 0.088889 0.037500 0.040741
0 0.184375 0.130093 0.040625 0.041667
0 0.664323 0.093981 0.038021 0.041667
0 0.346354 0.894444 0.039583 0.038889
0 0.488802 0.841204 0.033854 0.045370
0 0.933333 0.825926 0.032292 0.053704
0 0.978125 0.781944 0.027083 0.069444
0 0.787760 0.060185 0.036979 0.040741
0 0.342969 0.161111 0.035937 0.044444
0 0.981250 0.406019 0.025000 0.062037
0 0.203125 0.804630 0.038542 0.046296
0 0.657031 0.048611 0.017188 0.052778
0 0.311719 0.667130 0.033854 0.034259
0 0.144010 0.141204 0.039062 0.056481
0 0.876823 0.344444 0.036979 0.031481
0 0.888281 0.285185 0.025521 0.059259
0 0.922396 0.150463 0.034375 0.041667
0 0.810677 0.325000 0.038021 0.038889
0 0.027604 0.411111 0.021875 0.068519
0 0.832812 0.057407 0.035417 0.038889
0 0.572917 0.828241 0.028125 0.054630
0 0.249479 0.859722 0.026042 0.071296
0 0.950260 0.786574 0.033854 0.034259
0 0.131510 0.581481 0.029687 0.055556
0 0.067187 0.805556 0.037500 0.059259
0 0.971094 0.200926 0.026562 0.055556
0 0.465104 0.032407 0.028125 0.062963
0 0.073698 0.744907 0.035937 0.049074
0 0.929427 0.111111 0.036979 0.042593
0 0.568490 0.798611 0.034896 0.054630
0 0.030729 0.612037 0.022917 0.068519
0 0.871354 0.773148 0.031250 0.044444
0 0.807292 0.206944 0.038542 0.043519
0 0.854688 0.022222 0.034375 0.042593
0 0.981250 0.250463 0.030208 0.056481
0 0.091406 0.887963 0.031771 0.064815
0 0.289583 0.913889 0.029167 0.062963
0 0.264323 0.591667 0.023438 0.051852
0 0.192448 0.770833 0.045312 0.056481
0 0.451823 0.892593 0.034896 0.040741
0 0.017708 0.543981 0.032292 0.071296
0 0.417708 0.895370 0.032292 0.048148
0 0.485938 0.891204 0.028125 0.054630
0 0.158333 0.071759 0.042708 0.034259
0 0.025521 0.280093 0.037500 0.036111
0 0.064323 0.849537 0.043229 0.041667
0 0.237240 0.818981 0.038021 0.052778
0 0.086979 0.099074 0.021875 0.068519
0 0.439844 0.025000 0.024479 0.046296
0 0.554948 0.868056 0.020313 0.054630
0 0.014323 0.391204 0.027604 0.060185
0 0.578385 0.723148 0.027604 0.038889
0 0.658854 0.925926 0.033333 0.061111
0 0.037500 0.914352 0.031250 0.060185
0 0.077083 0.021759 0.021875 0.041667
0 0.984635 0.058796 0.029687 0.043519
0 0.995833 0.632870 0.008333 0.063889
0 0.384896 0.553704 0.017708 0.048148
0 0.845573 0.933796 0.036979 0.045370
0 0.992188 0.432407 0.015625 0.057407
0 0.010677 0.806019 0.020313 0.041667
0 0.622396 0.931019 0.034375 0.039815
0 0.071354 0.203704 0.041667 0.037037
0 0.676302 0.927315 0.028646 0.065741
0 0.994531 0.317130 0.010937 0.065741
0 0.957812 0.877778 0.041667 0.046296
0 0.180729 0.931944 0.036458 0.052778
0 0.719010 0.954630 0.032813 0.061111
0 0.925521 0.876852 0.041667 0.051852
0 0.401823 0.936111 0.021354 0.072222
0 0.759896 0.012500 0.016667 0.023148
0 0.063542 0.622222 0.030208 0.048148
0 0.123177 0.011111 0.019271 0.020370
0 0.136198 0.935185 0.035937 0.051852
0 0.222656 0.950000 0.036979 0.066667
0 0.901302 0.943981 0.024479 0.073148
0 0.144010 0.170370 0.033854 0.053704
0 0.511458 0.956944 0.027083 0.071296
0 0.146354 0.970370 0.033333 0.053704
0 0.702865 0.975000 0.035937 0.044444
0 0.244531 0.976852 0.041146 0.040741
0 0.073438 0.948611 0.039583 0.060185
0 0.952865 0.937037 0.038021 0.051852
0 0.819271 0.010185 0.025000 0.018519
0 0.040885 0.209722 0.026562 0.039815
0 0.030469 0.240741 0.023438 0.031481
0 0.475260 0.560185 0.023438 0.085185
0 0.430469 0.546759 0.021354 0.060185
0 0.250521 0.525463 0.019792 0.037963
0 0.217448 0.523148 0.047396 0.038889
0 0.384115 0.118519 0.021354 0.066667
0 0.400521 0.141667 0.026042 0.061111
0 0.924479 0.970833 0.027083 0.026852
0 0.764323 0.977778 0.025521 0.031481
0 0.504687 0.933333 0.023958 0.046296
0 0.481771 0.969907 0.030208 0.050926
0 0.415104 0.971759 0.016667 0.030556
0 0.462760 0.970833 0.018229 0.056481
0 0.628125 0.972222 0.023958 0.055556
0 0.932813 0.010648 0.040625 0.019444
0 0.426302 0.148148 0.027604 0.072222
0 0.438802 0.137500 0.023438 0.075000
0 0.454167 0.076852 0.021875 0.070370
0 0.483073 0.091667 0.022396 0.046296
0 0.497396 0.107407 0.022917 0.070370
0 0.507812 0.129630 0.020833 0.075926
0 0.579167 0.140741 0.035417 0.044444
0 0.559896 0.196296 0.022917 0.057407
0 0.549740 0.234722 0.021354 0.032407
0 0.578125 0.215741 0.023958 0.061111
0 0.597656 0.197222 0.038021 0.051852
0 0.603125 0.245833 0.033333 0.045370
0 0.638802 0.271296 0.031771 0.064815
0 0.630990 0.191204 0.040104 0.045370
0 0.642188 0.127778 0.017708 0.072222
0 0.658333 0.166204 0.025000 0.063889
0 0.632812 0.312500 0.040625 0.041667
0 0.623177 0.425926 0.027604 0.062963
0 0.644010 0.418056 0.021354 0.069444
0 0.647917 0.368056 0.026042 0.065741
0 0.673177 0.319444 0.038021 0.037037
0 0.681510 0.265741 0.031771 0.055556
0 0.695312 0.294907 0.023958 0.069444
0 0.710156 0.219907 0.036979 0.056481
0 0.621354 0.549537 0.045833 0.045370
0 0.627604 0.591667 0.026042 0.066667
0 0.791667 0.597222 0.032292 0.061111
0 0.819531 0.594444 0.039062 0.061111
0 0.847917 0.650000 0.039583 0.048148
0 0.836979 0.545370 0.022917 0.062963
0 0.852604 0.594444 0.032292 0.061111
0 0.790885 0.164815 0.038021 0.038889
0 0.784896 0.234722 0.029167 0.067593
0 0.802604 0.281481 0.041667 0.038889
0 0.752865 0.254630 0.023438 0.033333
0 0.897917 0.258333 0.035417 0.046296
0 0.849219 0.781481 0.029687 0.035185
0 0.992188 0.432407 0.015625 0.057407
0 0.593490 0.906944 0.022396 0.076852
0 0.995833 0.632870 0.008333 0.063889
