0 0.4091796875 0.56640625 0.0318603515625 0.057942708333333336
0 0.491455078125 0.49609375 0.03021240234375 0.05577256944444445
0 0.62939453125 0.6384548611111112 0.0303802490234375 0.05311414930555555
0 0.5224609375 0.3938802083333333 0.030853271484375 0.058159722222222224
0 0.7060546875 0.5598958333333334 0.0282135009765625 0.060872395833333336
0 0.432861328125 0.4292534722222222 0.0255126953125 0.0627170138888889
0 0.552734375 0.6566840277777778 0.02947998046875 0.0576171875
0 0.6669921875 0.4908854166666667 0.036285400390625 0.040473090277777776
0 0.677734375 0.4420572916666667 0.037200927734375 0.049126519097222224
0 0.7041015625 0.058159722222222224 0.02001953125 0.06700303819444445
0 0.497802734375 0.6393229166666666 0.028167724609375 0.056966145833333336
0 0.70458984375 0.24934895833333334 0.025665283203125 0.061197916666666664
0 0.2425537109375 0.6488715277777778 0.0313720703125 0.058919270833333336
0 0.76025390625 0.3923611111111111 0.0243377685546875 0.062337239583333336
0 0.1153564453125 0.5386284722222222 0.031982421875 0.056098090277777776
0 0.67529296875 0.14463975694444445 0.0262603759765625 0.0625
0 0.37353515625 0.5256076388888888 0.027740478515625 0.05259874131944445
0 0.448486328125 0.19368489583333334 0.0207977294921875 0.06901041666666667
0 0.1884765625 0.3207465277777778 0.0297088623046875 0.06027560763888889
0 0.5078125 0.4487847222222222 0.03253173828125 0.04820421006944445
0 0.6357421875 0.57421875 0.0328369140625 0.05984157986111111
0 0.430419921875 0.3266059027777778 0.0228424072265625 0.06852213541666667
0 0.21533203125 0.3387586805555556 0.026611328125 0.0673828125
0 0.74609375 0.49609375 0.0222015380859375 0.060601128472222224
0 0.1883544921875 0.2686631944444444 0.029205322265625 0.06993272569444445
0 0.3603515625 0.06825086805555555 0.0271148681640625 0.0615234375
0 0.37109375 0.3068576388888889 0.023193359375 0.06401909722222222
0 0.35791015625 0.1916232638888889 0.01971435546875 0.0705837673611111
0 0.3447265625 0.7478298611111112 0.03228759765625 0.062337239583333336
0 0.2152099609375 0.5868055555555556 0.039276123046875 0.04258897569444445
0 0.56494140625 0.4385850694444444 0.02215576171875 0.0686306423611111
0 0.72314453125 0.1277126736111111 0.020294189453125 0.07177734375
0 0.1358642578125 0.4657118055555556 0.0260009765625 0.06309678819444445
0 0.2193603515625 0.3923611111111111 0.03253173828125 0.05750868055555555
0 0.88525390625 0.64453125 0.0273284912109375 0.059624565972222224
0 0.57958984375 0.2608506944444444 0.0196075439453125 0.07177734375
0 0.57421875 0.3606770833333333 0.01898193359375 0.06944444444444445
0 0.57421875 0.7682291666666666 0.0263519287109375 0.06488715277777778
0 0.271240234375 0.1037326388888889 0.0200958251953125 0.07085503472222222
0 0.438232421875 0.6315104166666666 0.033905029296875 0.04885525173611111
0 0.150634765625 0.3439670138888889 0.0374755859375 0.054850260416666664
0 0.74072265625 0.703125 0.036773681640625 0.034586588541666664
0 0.63623046875 0.1162109375 0.0197906494140625 0.06597222222222222
0 0.646484375 0.3450520833333333 0.03173828125 0.050944010416666664
0 0.3759765625 0.1857638888888889 0.0217742919921875 0.06890190972222222
0 0.270263671875 0.6245659722222222 0.0323486328125 0.05514865451388889
0 0.63525390625 0.8285590277777778 0.033477783203125 0.05577256944444445
0 0.191650390625 0.3776041666666667 0.02288818359375 0.06212022569444445
0 0.2421875 0.337890625 0.02423095703125 0.06787109375
0 0.66015625 0.2224392361111111 0.0181884765625 0.06401909722222222
0 0.179443359375 0.5646701388888888 0.034423828125 0.04519314236111111
0 0.139892578125 0.5290798611111112 0.0289306640625 0.06282552083333333
0 0.37353515625 0.69921875 0.025177001953125 0.06282552083333333
0 0.2125244140625 0.2693142361111111 0.02191162109375 0.07177734375
0 0.49365234375 0.3956163194444444 0.0235137939453125 0.06461588541666667
0 0.07965087890625 0.4973958333333333 0.026763916015625 0.06597222222222222
0 0.7197265625 0.8077256944444444 0.0240478515625 0.06429036458333333
0 0.422607421875 0.042046440972222224 0.0279541015625 0.06380208333333333
0 0.4775390625 0.3687065972222222 0.0190582275390625 0.07074652777777778
0 0.7158203125 0.4116753472222222 0.032958984375 0.0537109375
0 0.385986328125 0.035942925347222224 0.0305633544921875 0.057183159722222224
0 0.4736328125 0.13368055555555555 0.018402099609375 0.0666232638888889
0 0.72509765625 0.54296875 0.0229339599609375 0.06439887152777778
0 0.46435546875 0.5490451388888888 0.0204925537109375 0.0686306423611111
0 0.291748046875 0.5277777777777778 0.0260009765625 0.06282552083333333
0 0.1458740234375 0.2502170138888889 0.0287017822265625 0.0730251736111111
0 0.05572509765625 0.41796875 0.03704833984375 0.057183159722222224
0 0.9580078125 0.8355034722222222 0.03326416015625 0.0681423611111111
0 0.83642578125 0.2571614583333333 0.0207672119140625 0.060492621527777776
0 0.130859375 0.19498697916666666 0.03643798828125 0.04942491319444445
0 0.82958984375 0.7730034722222222 0.034942626953125 0.052408854166666664
0 0.91357421875 0.3114149305555556 0.021697998046875 0.06548394097222222
0 0.4052734375 0.1906467013888889 0.03662109375 0.060492621527777776
0 0.1656494140625 0.22374131944444445 0.028167724609375 0.06993272569444445
0 0.332275390625 0.6901041666666666 0.0384521484375 0.044840494791666664
0 0.93359375 0.6158854166666666 0.02655029296875 0.057942708333333336
0 0.296875 0.10053168402777778 0.03125 0.06776258680555555
0 0.468994140625 0.7122395833333334 0.027069091796875 0.06559244791666667
0 0.60107421875 0.2248263888888889 0.0230712890625 0.07373046875
0 0.39794921875 0.13878038194444445 0.0345458984375 0.05422634548611111
0 0.394775390625 0.7760416666666666 0.033782958984375 0.036702473958333336
0 0.271484375 0.44921875 0.03240966796875 0.054443359375
0 0.1627197265625 0.6193576388888888 0.0341796875 0.048014322916666664
0 0.0618896484375 0.326171875 0.027008056640625 0.0715603298611111
0 0.12066650390625 0.2947048611111111 0.0279541015625 0.0675998263888889
0 0.91455078125 0.7391493055555556 0.0374755859375 0.04391818576388889
0 0.75 0.04258897569444445 0.0231475830078125 0.06575520833333333
0 0.462158203125 0.7894965277777778 0.0264129638671875 0.062337239583333336
0 0.03173828125 0.3181423611111111 0.03662109375 0.068359375
0 0.314453125 0.19498697916666666 0.0312042236328125 0.0700954861111111
0 0.7080078125 0.4479166666666667 0.021240234375 0.06309678819444445
0 0.76220703125 0.6636284722222222 0.036895751953125 0.033148871527777776
0 0.6904296875 0.3103298611111111 0.0318603515625 0.06016710069444445
0 0.7275390625 0.3517795138888889 0.033660888671875 0.068359375
0 0.72509765625 0.033745659722222224 0.018646240234375 0.06130642361111111
0 0.9375 0.8502604166666666 0.0289306640625 0.05504014756944445
0 0.6982421875 0.1743706597222222 0.0303802490234375 0.05221896701388889
0 0.246337890625 0.5473090277777778 0.03125 0.056966145833333336
0 0.10687255859375 0.4398871527777778 0.033966064453125 0.056206597222222224
0 0.2451171875 0.5881076388888888 0.0284423828125 0.0636935763888889
0 0.73193359375 0.8493923611111112 0.038238525390625 0.03567165798611111
0 0.2001953125 0.4385850694444444 0.0221099853515625 0.05783420138888889
0 0.301513671875 0.14811197916666666 0.0215301513671875 0.06673177083333333
0 0.798828125 0.1880425347222222 0.025421142578125 0.05984157986111111
0 0.671875 0.34765625 0.029083251953125 0.0661349826388889
0 0.52880859375 0.7404513888888888 0.0211639404296875 0.06429036458333333
0 0.248046875 0.4822048611111111 0.03125 0.05642361111111111
0 0.833984375 0.1713324652777778 0.02691650390625 0.05392795138888889
0 0.2171630859375 0.5325520833333334 0.0369873046875 0.054443359375
0 0.403564453125 0.6549479166666666 0.033966064453125 0.05433485243055555
0 0.9326171875 0.373046875 0.0215301513671875 0.06597222222222222
0 0.0970458984375 0.19813368055555555 0.027008056640625 0.07194010416666667
0 0.80126953125 0.7048611111111112 0.019989013671875 0.06309678819444445
0 0.18994140625 0.7078993055555556 0.033203125 0.05555555555555555
0 0.62060546875 0.7604166666666666 0.0177154541015625 0.06130642361111111
0 0.181396484375 0.4791666666666667 0.033843994140625 0.04641384548611111
0 0.0169830322265625 0.416015625 0.0293121337890625 0.0615234375
0 0.39990234375 0.7087673611111112 0.020294189453125 0.060492621527777776
0 0.65966796875 0.030897352430555556 0.0282135009765625 0.0537109375
0 0.52783203125 0.6254340277777778 0.022247314453125 0.06548394097222222
0 0.474365234375 0.8276909722222222 0.038177490234375 0.04527452256944445
0 0.392822265625 0.3621961805555556 0.039276123046875 0.04283311631944445
0 0.76513671875 0.7465277777777778 0.039794921875 0.03347439236111111
0 0.689453125 0.6076388888888888 0.0179901123046875 0.061197916666666664
0 0.468505859375 0.8663194444444444 0.0287017822265625 0.057074652777777776
0 0.8232421875 0.3200954861111111 0.022247314453125 0.06559244791666667
0 0.81982421875 0.5690104166666666 0.03643798828125 0.04359266493055555
0 0.9775390625 0.3328993055555556 0.0325927734375 0.048394097222222224
0 0.1551513671875 0.4913194444444444 0.0231475830078125 0.06401909722222222
0 0.5556640625 0.04391818576388889 0.032958984375 0.043267144097222224
0 0.51025390625 0.7222222222222222 0.01971435546875 0.06776258680555555
0 0.82568359375 0.2221137152777778 0.03515625 0.048583984375
0 0.8115234375 0.8745659722222222 0.036712646484375 0.047661675347222224
0 0.491943359375 0.7508680555555556 0.0225830078125 0.06510416666666667
0 0.135986328125 0.5881076388888888 0.021942138671875 0.06944444444444445
0 0.282470703125 0.034993489583333336 0.0223236083984375 0.06548394097222222
0 0.158447265625 0.16395399305555555 0.0343017578125 0.058051215277777776
0 0.9609375 0.3760850694444444 0.0192413330078125 0.06635199652777778
0 0.8203125 0.6228298611111112 0.033599853515625 0.05015733506944445
0 0.60009765625 0.5737847222222222 0.021575927734375 0.056966145833333336
0 0.149169921875 0.10801866319444445 0.0242767333984375 0.07438151041666667
0 0.93603515625 0.06477864583333333 0.0284423828125 0.054850260416666664
0 0.845703125 0.3828125 0.01861572265625 0.0627170138888889
0 0.87109375 0.3687065972222222 0.0343017578125 0.047037760416666664
0 0.334716796875 0.4544270833333333 0.034942626953125 0.05064561631944445
0 0.8828125 0.7013888888888888 0.0390625 0.05221896701388889
0 0.88671875 0.5217013888888888 0.039276123046875 0.033610026041666664
0 0.8662109375 0.07552083333333333 0.032958984375 0.047200520833333336
0 0.263671875 0.58203125 0.03173828125 0.04774305555555555
0 0.81884765625 0.046576605902777776 0.0177764892578125 0.06635199652777778
0 0.66845703125 0.8819444444444444 0.0190582275390625 0.06559244791666667
0 0.38916015625 0.8454861111111112 0.0239105224609375 0.06488715277777778
0 0.55859375 0.8376736111111112 0.0316162109375 0.054524739583333336
0 0.489501953125 0.67578125 0.0352783203125 0.03355577256944445
0 0.04779052734375 0.4518229166666667 0.027008056640625 0.06852213541666667
0 0.896484375 0.8294270833333334 0.04132080078125 0.03857421875
0 0.9443359375 0.3248697916666667 0.0293121337890625 0.04299587673611111
0 0.1771240234375 0.5177951388888888 0.036895751953125 0.044677734375
0 0.284423828125 0.24609375 0.0211639404296875 0.047661675347222224
0 0.3349609375 0.024061414930555556 0.0333251953125 0.046956380208333336
0 0.6806640625 0.08414713541666667 0.0333251953125 0.03662109375
0 0.1539306640625 0.3040364583333333 0.041778564453125 0.04163953993055555
0 0.57666015625 0.2119140625 0.034881591796875 0.046576605902777776
0 0.4462890625 0.6948784722222222 0.017303466796875 0.06412760416666667
0 0.1365966796875 0.3997395833333333 0.042022705078125 0.03599717881944445
0 0.07489013671875 0.3923611111111111 0.045684814453125 0.037760416666666664
0 0.54638671875 0.8693576388888888 0.0273284912109375 0.06586371527777778
0 0.4443359375 0.034912109375 0.027069091796875 0.06141493055555555
0 0.249755859375 0.14811197916666666 0.039947509765625 0.055474175347222224
0 0.8115234375 0.15907118055555555 0.0283355712890625 0.0661349826388889
0 0.263671875 0.029269748263888888 0.0239105224609375 0.057942708333333336
0 0.08587646484375 0.5859375 0.0257110595703125 0.06331380208333333
0 0.01512908935546875 0.7282986111111112 0.0276336669921875 0.06260850694444445
0 0.5205078125 0.8268229166666666 0.036773681640625 0.035807291666666664
0 0.4951171875 0.8728298611111112 0.0235137939453125 0.0661349826388889
0 0.09912109375 0.5868055555555556 0.0234222412109375 0.06890190972222222
0 0.2939453125 0.4392361111111111 0.0225830078125 0.06331380208333333
0 0.252197265625 0.396484375 0.035400390625 0.04258897569444445
0 0.0782470703125 0.7335069444444444 0.041473388671875 0.04391818576388889
0 0.84912109375 0.3376736111111111 0.03314208984375 0.040228949652777776
0 0.94140625 0.18934461805555555 0.021575927734375 0.0710177951388889
0 0.8427734375 0.109375 0.024566650390625 0.057291666666666664
0 0.321044921875 0.859375 0.02337646484375 0.06797960069444445
0 0.90869140625 0.4331597222222222 0.024566650390625 0.053304036458333336
0 0.89892578125 0.2185329861111111 0.041473388671875 0.050944010416666664
0 0.423583984375 0.7096354166666666 0.03167724609375 0.033365885416666664
0 0.96533203125 0.2001953125 0.033538818359375 0.04172092013888889
0 0.98681640625 0.2751736111111111 0.0262603759765625 0.04250759548611111
0 0.8193359375 0.1203342013888889 0.035491943359375 0.051215277777777776
0 0.982421875 0.4943576388888889 0.033538818359375 0.042426215277777776
0 0.335205078125 0.5959201388888888 0.042572021484375 0.05514865451388889
0 0.88037109375 0.09798177083333333 0.0265045166015625 0.04931640625
0 0.2362060546875 0.7569444444444444 0.03582763671875 0.06635199652777778
0 0.2108154296875 0.030192057291666668 0.027740478515625 0.05935329861111111
0 0.85986328125 0.4813368055555556 0.035888671875 0.06179470486111111
0 0.319091796875 0.5464409722222222 0.02532958984375 0.06222873263888889
0 0.01137542724609375 0.6627604166666666 0.0219879150390625 0.0703125
0 0.75927734375 0.26171875 0.037811279296875 0.03895399305555555
0 0.697265625 0.8793402777777778 0.0251312255859375 0.05259874131944445
0 0.908203125 0.3669704861111111 0.0352783203125 0.05381944444444445
0 0.015899658203125 0.20084635416666666 0.0276947021484375 0.06749131944444445
0 0.9940104166666667 0.15787037037037038 0.011979166666666667 0.05462962962962963
0 0.55810546875 0.7113715277777778 0.02203369140625 0.048583984375
0 0.9501953125 0.4921875 0.03192138671875 0.036702473958333336
0 0.08978271484375 0.3459201388888889 0.0279541015625 0.057183159722222224
0 0.90087890625 0.7894965277777778 0.0265045166015625 0.0498046875
0 0.451171875 0.9192708333333334 0.03302001953125 0.05984157986111111
0 0.7890625 0.279296875 0.0272216796875 0.06429036458333333
0 0.9880208333333333 0.6652777777777777 0.023958333333333335 0.062037037037037036
0 0.21142578125 0.8663194444444444 0.04345703125 0.05259874131944445
0 0.48779296875 0.019680447048611112 0.0188751220703125 0.038655598958333336
0 0.8828125 0.7730034722222222 0.026702880859375 0.04820421006944445
0 0.1571044921875 0.8454861111111112 0.04327392578125 0.051703559027777776
0 0.544921875 0.9253472222222222 0.0260009765625 0.06477864583333333
0 0.033721923828125 0.6801215277777778 0.0295867919921875 0.06646050347222222
0 0.0699462890625 0.8676215277777778 0.042633056640625 0.05300564236111111
0 0.194091796875 0.7756076388888888 0.04534912109375 0.04172092013888889
0 0.35302734375 0.9184027777777778 0.039276123046875 0.03233506944444445
0 0.05780029296875 0.1906467013888889 0.04931640625 0.07286241319444445
0 0.045440673828125 0.8289930555555556 0.0283355712890625 0.0675998263888889
0 0.9716796875 0.15592447916666666 0.0215301513671875 0.051513671875
0 0.86767578125 0.027004665798611112 0.0416259765625 0.03477647569444445
0 0.98671875 0.8564814814814815 0.0265625 0.06666666666666667
0 0.9697265625 0.11121961805555555 0.040313720703125 0.036078559027777776
0 0.01983642578125 0.11393229166666667 0.03912353515625 0.03805881076388889
0 0.30908203125 0.9175347222222222 0.039337158203125 0.041802300347222224
0 0.9901041666666667 0.20694444444444443 0.019791666666666666 0.04537037037037037
0 0.9059895833333333 0.01990740740740741 0.03177083333333333 0.03981481481481482
0 0.1475830078125 0.79296875 0.045440673828125 0.044921875
0 0.79296875 0.010674370659722222 0.036224365234375 0.021185980902777776
0 0.017447916666666667 0.8708333333333333 0.034895833333333334 0.05648148148148148
0 0.9306640625 0.2536892361111111 0.0197906494140625 0.04676649305555555
0 0.0278472900390625 0.05007595486111111 0.036224365234375 0.041802300347222224
0 0.42919921875 0.9418402777777778 0.021942138671875 0.060384114583333336
0 0.119384765625 0.9184027777777778 0.0271148681640625 0.06684027777777778
0 0.294677734375 0.9522569444444444 0.0268096923828125 0.06797960069444445
0 0.49951171875 0.9548611111111112 0.032470703125 0.06879340277777778
0 0.98095703125 0.9496527777777778 0.034942626953125 0.05642361111111111
0 0.466064453125 0.9635416666666666 0.0299224853515625 0.056966145833333336
0 0.10284423828125 0.8932291666666666 0.030853271484375 0.059027777777777776
0 0.818359375 0.9409722222222222 0.034881591796875 0.043999565972222224
0 0.955078125 0.9722222222222222 0.036224365234375 0.044243706597222224
0 0.07708740234375 0.016221788194444444 0.039642333984375 0.0322265625
0 0.98583984375 0.8884548611111112 0.0279083251953125 0.056640625
0 0.498779296875 0.06624348958333333 0.01302337646484375 0.03125
0 0.12420654296875 0.6701388888888888 0.0217742919921875 0.025987413194444444
0 0.1971435546875 0.9427083333333334 0.0374755859375 0.049967447916666664
0 0.262451171875 0.9375 0.035003662109375 0.04503038194444445
0 0.66259765625 0.9479166666666666 0.03253173828125 0.04649522569444445
0 0.0379638671875 0.6193576388888888 0.02056884765625 0.040608723958333336
0 0.6796875 0.9756944444444444 0.033599853515625 0.021755642361111112