0 0.7749010416666666 0.5308148148148147 0.028932291666666762 0.05951851851851849
0 0.427 0.20898148148148146 0.023239583333333275 0.0625
0 0.2605 0.2127777777777778 0.020765625000000003 0.07259259259259257
0 0.431640625 0.3923611111111111 0.029375000000000047 0.058055555555555596
0 0.671875 0.434462962962963 0.03302083333333338 0.049314814814814804
0 0.1818854166666667 0.4016944444444444 0.021864583333333344 0.06488888888888893
0 0.7592760416666666 0.49175 0.029984375000000084 0.055037037037037086
0 0.2302239583333333 0.3485277777777778 0.023026041666666684 0.06488888888888893
0 0.6396510416666668 0.5047777777777778 0.022890624999999904 0.0653796296296296
0 0.4770520833333334 0.2304722222222222 0.02116145833333339 0.06016666666666666
0 0.5498072916666668 0.6831574074074074 0.028276041666666647 0.0572962962962964
0 0.5961927083333334 0.7018240740740741 0.026260416666666706 0.06119444444444437
0 0.20446875 0.3691388888888889 0.033203125 0.053712962962962955
0 0.484375 0.3077222222222222 0.025557291666666634 0.0588148148148148
0 0.496828125 0.4782962962962962 0.02964583333333337 0.059731481481481476
0 0.249390625 0.28341666666666665 0.02474999999999999 0.06787037037037033
0 0.17175520833333333 0.4921851851851851 0.03726041666666665 0.04527777777777781
0 0.3713385416666667 0.4518240740740741 0.029036458333333334 0.05132407407407408
0 0.521484375 0.43966666666666665 0.027067708333333287 0.06331481481481481
0 0.4587395833333333 0.3732685185185185 0.02276562500000002 0.06439814814814811
0 0.6884791666666668 0.3088148148148148 0.031203124999999925 0.054527777777777765
0 0.28246875 0.30360185185185184 0.024843750000000022 0.0629351851851852
0 0.7055677083333334 0.5616296296296296 0.01971354166666662 0.06130555555555559
0 0.5922864583333334 0.41298148148148145 0.018510416666666647 0.06684259259259265
0 0.5854479166666666 0.6254351851851853 0.022416666666666647 0.06412962962962962
0 0.2229010416666667 0.5416666666666666 0.02215624999999998 0.06500000000000004
0 0.21582291666666667 0.465712962962963 0.03418229166666666 0.06190740740740737
0 0.4846197916666667 0.6961851851851851 0.027328125000000016 0.06401851851851861
0 0.64453125 0.4166666666666667 0.021406249999999953 0.06635185185185183
0 0.27075 0.4778611111111111 0.03616145833333337 0.03925000000000004
0 0.6762708333333334 0.6132777777777778 0.019911458333333344 0.05848148148148156
0 0.23620833333333333 0.4743888888888889 0.030276041666666663 0.06380555555555557
0 0.4584947916666666 0.5290833333333333 0.020692708333333344 0.06646296296296293
0 0.37378125 0.4982685185185185 0.019864583333333387 0.0672222222222222
0 0.3127447916666667 0.43901851851851853 0.03891145833333335 0.03643518518518521
0 0.3068854166666667 0.3374537037037037 0.03384375000000001 0.049231481481481446
0 0.8505885416666668 0.5664074074074075 0.027223958333333322 0.0614166666666666
0 0.8129895833333334 0.4578981481481481 0.03423958333333322 0.04416666666666671
0 0.8090833333333334 0.6645 0.03033333333333322 0.056638888888888954
0 0.3395989583333333 0.6671018518518519 0.02780208333333339 0.06635185185185193
0 0.28808854166666664 0.19303703703703703 0.025755208333333356 0.06673148148148147
0 0.4724114583333333 0.4856759259259259 0.03548958333333339 0.052407407407407375
0 0.6215833333333334 0.4474814814814815 0.026765624999999935 0.04641666666666666
0 0.47363541666666664 0.05805555555555556 0.02116145833333339 0.06477777777777778
0 0.7446302083333334 0.4058148148148148 0.03671354166666655 0.03420370370370376
0 0.4311510416666666 0.32508333333333334 0.03408854166666669 0.03871296296296302
0 0.3540052083333334 0.2599814814814815 0.016661458333333337 0.061194444444444475
0 0.4331041666666666 0.471787037037037 0.035947916666666656 0.044592592592592614
0 0.5366197916666666 0.5598981481481482 0.03661979166666664 0.04326851851851853
0 0.6518541666666666 0.25 0.028593750000000046 0.04980555555555555
0 0.4790052083333334 0.6236944444444444 0.02752604166666662 0.0633148148148147
0 0.4672864583333334 0.7552129629629629 0.03732291666666671 0.05311111111111102
0 0.5141614583333334 0.786888888888889 0.021864583333333344 0.0654814814814815
0 0.163453125 0.3565555555555555 0.03970312500000001 0.041018518518518475
0 0.4985364583333334 0.5438333333333334 0.021041666666666715 0.06749074074074084
0 0.595703125 0.18966666666666668 0.029312500000000106 0.05794444444444443
0 0.599609375 0.07128703703703704 0.0184322916666666 0.06900925925925926
0 0.6166979166666666 0.2923148148148148 0.03033333333333322 0.05631481481481486
0 0.7265625 0.631074074074074 0.027635416666666638 0.0554722222222223
0 0.14807291666666667 0.4385833333333333 0.03796354166666666 0.04242592592592597
0 0.8139635416666666 0.4142777777777778 0.030380208333333294 0.050944444444444424
0 0.7026354166666666 0.7777777777777778 0.030380208333333294 0.05837962962962959
0 0.3110364583333334 0.23394444444444445 0.03738541666666665 0.039305555555555545
0 0.48046875 0.3726111111111111 0.019057291666666625 0.06982407407407404
0 0.544921875 0.2562962962962963 0.020218750000000084 0.06320370370370369
0 0.4555677083333334 0.5946203703703704 0.03796354166666672 0.04047222222222226
0 0.218015625 0.4201388888888889 0.039182291666666674 0.044592592592592566
0 0.82421875 0.3611111111111111 0.03010416666666676 0.056861111111111085
0 0.8657239583333334 0.650175925925926 0.033083333333333326 0.057074074074074166
0 0.73828125 0.5915833333333333 0.03881770833333344 0.03477777777777773
0 0.6728541666666668 0.18348148148148147 0.031557291666666744 0.050564814814814826
0 0.5673854166666668 0.25673148148148145 0.020692708333333344 0.06737962962962961
0 0.6552760416666668 0.30686111111111114 0.035890624999999926 0.04676851851851851
0 0.638671875 0.11208333333333333 0.019500000000000028 0.056101851851851854
0 0.29199479166666664 0.7304722222222222 0.023911458333333375 0.06559259259259252
0 0.5122083333333334 0.6015648148148148 0.019500000000000028 0.06352777777777768
0 0.089109375 0.6358518518518519 0.03216666666666666 0.060055555555555466
0 0.5693385416666668 0.1499537037037037 0.027114583333333307 0.05400925925925924
0 0.3774427083333334 0.15961111111111112 0.03015104166666672 0.059138888888888894
0 0.2934583333333334 0.6610277777777778 0.022291666666666644 0.06087037037037038
0 0.14111458333333332 0.3363703703703703 0.03567708333333333 0.05045370370370371
0 0.4301770833333334 0.2701851851851852 0.036989583333333326 0.05007407407407411
0 0.525390625 0.11393518518518518 0.030729166666666665 0.05707407407407409
0 0.60546875 0.5186666666666666 0.019197916666666735 0.06927777777777772
0 0.2524427083333333 0.6471388888888888 0.02332812499999998 0.07009259259259264
0 0.8022447916666666 0.6063333333333334 0.021453125000000028 0.06109259259259261
0 0.25879166666666664 0.15516666666666667 0.035276041666666674 0.03798148148148146
0 0.7724635416666668 0.61675 0.023072916666666762 0.06152777777777782
0 0.06854166666666667 0.4448796296296297 0.03845312499999999 0.036787037037037056
0 0.3618177083333334 0.16569444444444442 0.031984375000000044 0.056638888888888905
0 0.48046875 0.8632777777777778 0.026307291666666663 0.06917592592592596
0 0.4064947916666667 0.13530555555555554 0.025510416666666678 0.059731481481481476
0 0.082703125 0.41450000000000004 0.04519791666666668 0.04107407407407409
0 0.030500000000000003 0.5820277777777778 0.03265625 0.06825000000000003
0 0.29004166666666664 0.09456481481481481 0.03759895833333336 0.045277777777777785
0 0.9018541666666666 0.3546018518518519 0.035890624999999926 0.036916666666666674
0 0.475828125 0.5655370370370371 0.019119791666666684 0.06722222222222214
0 0.6928697916666666 0.2293796296296296 0.034421875000000074 0.040148148148148134
0 0.357421875 0.20974074074074076 0.03970312500000001 0.03805555555555558
0 0.218015625 0.1172962962962963 0.03488020833333335 0.04038888888888889
0 0.712890625 0.12478703703703704 0.01861458333333322 0.06331481481481481
0 0.841796875 0.09114814814814814 0.029145833333333353 0.05547222222222221
0 0.9497083333333334 0.5073796296296297 0.0379635416666666 0.03553703703703714
0 0.06756770833333332 0.7000833333333334 0.03454687499999999 0.0614166666666666
0 0.658203125 0.044000000000000004 0.0323489583333334 0.046416666666666676
0 0.346921875 0.10877777777777778 0.03353645833333339 0.05094444444444445
0 0.21996875 0.6953148148148148 0.03567708333333333 0.049046296296296324
0 0.3337395833333333 0.16102777777777777 0.03402604166666663 0.05045370370370371
0 0.689453125 0.05170370370370371 0.0284427083333334 0.05576851851851851
0 0.6396510416666668 0.06537962962962963 0.029541666666666563 0.04785185185185186
0 0.12878645833333335 0.30012962962962964 0.033661458333333345 0.05311111111111112
0 0.5649427083333334 0.20616666666666666 0.035890624999999926 0.04367592592592594
0 0.5961927083333334 0.8385462962962963 0.029203125000000087 0.0551481481481481
0 0.9545885416666666 0.26062962962962966 0.02365104166666659 0.0648888888888889
0 0.9389635416666666 0.19575 0.02801562499999998 0.05718518518518518
0 0.482421875 0.42491666666666666 0.03476041666666667 0.035398148148148165
0 0.3208020833333334 0.05045370370370371 0.03533854166666662 0.04738888888888888
0 0.5375989583333334 0.6280370370370371 0.035276041666666674 0.04212962962962963
0 0.04077083333333333 0.3342037037037037 0.03308333333333334 0.06369444444444441
0 0.7080104166666668 0.19737037037037036 0.027374999999999972 0.0511296296296296
0 0.06536979166666666 0.3641481481481481 0.02615104166666667 0.06390740740740739
0 0.058562499999999997 0.5954907407407407 0.033385416666666674 0.06775925925925932
0 0.9204114583333334 0.6397592592592594 0.021776041666666638 0.06624074074074071
0 0.8989270833333334 0.7078981481481481 0.02619791666666676 0.06597222222222222
0 0.8813489583333334 0.40841666666666665 0.03839062500000002 0.0396851851851852
0 0.8168958333333334 0.5581574074074074 0.03540104166666656 0.05652777777777773
0 0.5112291666666666 0.19541666666666668 0.03540104166666668 0.04598148148148145
0 0.6313489583333334 0.8532962962962962 0.023375000000000055 0.06223148148148151
0 0.9829114583333334 0.4275185185185185 0.03167708333333342 0.05064814814814819
0 0.448 0.7061666666666666 0.019453124999999953 0.0651018518518518
0 0.038453125 0.389537037037037 0.03521875 0.05610185185185188
0 0.8647447916666666 0.74175 0.023104166666666735 0.06380555555555563
0 0.07080208333333333 0.5377592592592593 0.027375 0.06927777777777772
0 0.9506822916666666 0.3878055555555555 0.03506250000000009 0.04180555555555553
0 0.7329114583333334 0.2452222222222222 0.033265624999999945 0.05485185185185186
0 0.45605729166666664 0.8463518518518518 0.024093749999999994 0.06450925925925932
0 0.5546875 0.0632037037037037 0.03548958333333327 0.04400000000000001
0 0.156984375 0.2712685185185185 0.028062499999999997 0.0640185185185185
0 0.6528333333333334 0.8081574074074074 0.038328125000000074 0.04695370370370374
0 0.7548854166666668 0.21191666666666667 0.030916666666666735 0.053712962962962955
0 0.2653802083333333 0.7565092592592593 0.03839062500000002 0.04969444444444451
0 0.30957291666666664 0.5169259259259259 0.04107812500000006 0.05311111111111102
0 0.8842760416666666 0.8172777777777778 0.02833333333333338 0.058703703703703786
0 0.7700208333333334 0.3077222222222222 0.03454687499999996 0.049046296296296324
0 0.4643541666666666 0.1360648148148148 0.035276041666666674 0.04283333333333333
0 0.9091822916666668 0.22743518518518518 0.020218750000000084 0.0621203703703704
0 0.5668958333333334 0.4518240740740741 0.02747916666666678 0.05783333333333337
0 0.11181770833333333 0.5525185185185185 0.02493229166666667 0.06798148148148155
0 0.9780260416666666 0.6406296296296297 0.03149479166666656 0.05772222222222215
0 0.12560937499999997 0.7530370370370371 0.027265624999999998 0.0669999999999999
0 0.2758802083333334 0.8394074074074074 0.02854687499999997 0.05772222222222215
0 0.9448229166666666 0.4205740740740741 0.03881770833333344 0.0349166666666667
0 0.7631822916666666 0.13433333333333333 0.03010416666666676 0.06428703703703705
0 0.3359375 0.8411481481481482 0.03515625 0.06646296296296293
0 0.685546875 0.12662962962962962 0.03010416666666676 0.05848148148148147
0 0.8540052083333334 0.30338888888888893 0.020723958333333313 0.06309259259259258
0 0.5883802083333334 0.7899351851851851 0.021817708333333265 0.07009259259259264
0 0.41675 0.0835462962962963 0.034421874999999956 0.04885185185185184
0 0.6298854166666668 0.6059074074074075 0.032411458333333344 0.041314814814814714
0 0.7368177083333334 0.7486944444444444 0.03167708333333342 0.059027777777777776
0 0.9296875 0.7864629629629629 0.02161979166666678 0.06851851851851852
0 0.91796875 0.41167592592592595 0.022416666666666647 0.07248148148148145
0 0.8969739583333334 0.30815740740740744 0.0323489583333334 0.040611111111111126
0 0.38940625 0.05341666666666667 0.03555208333333333 0.04730555555555556
0 0.27441666666666664 0.04014814814814815 0.03927604166666668 0.04283333333333333
0 0.880859375 0.5724814814814815 0.03738541666666677 0.05311111111111102
0 0.9814479166666668 0.33160185185185187 0.03515625 0.053009259259259256
0 0.425046875 0.693574074074074 0.018187500000000037 0.0669999999999999
0 0.27075 0.6028611111111112 0.02089062499999998 0.06390740740740739
0 0.338625 0.39778703703703705 0.03295833333333332 0.033796296296296297
0 0.2605 0.7934074074074075 0.03845312500000002 0.04408333333333324
0 0.8422864583333334 0.7595462962962962 0.030671874999999935 0.05083333333333342
0 0.9409166666666666 0.7100740740740741 0.021776041666666638 0.06271296296296298
0 0.744140625 0.34635185185185186 0.039854166666666656 0.043074074074074056
0 0.31367708333333333 0.7954259259259259 0.031229166666666686 0.06534259259259254
0 0.13330208333333332 0.07568518518518517 0.036776041666666676 0.056203703703703714
0 0.771484375 0.17773148148148146 0.032468750000000074 0.051435185185185195
0 0.7602552083333334 0.2719166666666667 0.02635416666666662 0.045351851851851865
0 0.3540052083333334 0.028731481481481483 0.030276041666666722 0.05663888888888889
0 0.892578125 0.17187962962962963 0.037109375 0.033092592592592604
0 0.388671875 0.568574074074074 0.023817708333333344 0.0411481481481482
0 0.7915052083333334 0.13194444444444445 0.03661979166666664 0.03662037037037038
0 0.8203125 0.04633333333333333 0.034182291666666725 0.04014814814814815
0 0.014838541666666665 0.3548148148148148 0.025619791666666666 0.06223148148148151
0 0.8110364583333334 0.17653703703703702 0.03004687500000003 0.04712037037037036
0 0.810546875 0.7274351851851851 0.020963541666666665 0.06087037037037038
0 0.8310572916666668 0.724388888888889 0.02571354166666661 0.06646296296296293
0 0.599609375 0.8789074074074075 0.030276041666666722 0.040694444444444484
0 0.40527604166666664 0.8511296296296297 0.03689583333333329 0.06537962962962954
0 0.892578125 0.7664907407407406 0.03533854166666662 0.043999999999999984
0 0.798828125 0.25781481481481483 0.020645833333333266 0.0640185185185185
0 0.783203125 0.09439814814814815 0.03891145833333335 0.036351851851851844
0 0.8833020833333334 0.2389351851851852 0.03476041666666655 0.0347777777777778
0 0.9501979166666668 0.08105555555555556 0.03179687500000009 0.052898148148148146
0 0.17175520833333333 0.23719444444444446 0.036562500000000026 0.05718518518518518
0 0.5786145833333334 0.7282962962962962 0.02908333333333341 0.05074999999999995
0 0.9760729166666666 0.1998703703703704 0.03747395833333324 0.04283333333333333
0 0.875 0.3107685185185185 0.02017187500000001 0.04738888888888884
0 0.837890625 0.5121574074074075 0.0457760416666666 0.0382777777777777
0 0.2326666666666667 0.832462962962963 0.03347916666666665 0.054120370370370416
0 0.02194270833333333 0.7825555555555556 0.03072916666666666 0.0629351851851852
0 0.8134791666666668 0.8797777777777778 0.031984374999999926 0.06320370370370369
0 0.03430208333333333 0.284287037037037 0.03548958333333334 0.05229629629629631
0 0.4711927083333334 0.9071203703703704 0.03548958333333339 0.0411481481481482
0 0.7334010416666668 0.039851851851851854 0.03423958333333322 0.035046296296296305
0 0.9794947916666668 0.7977407407407406 0.02706770833333323 0.060055555555555466
0 0.389890625 0.016537037037037038 0.04009895833333334 0.03233333333333333
0 0.8959947916666666 0.034722222222222224 0.030854166666666554 0.05514814814814815
0 0.108765625 0.027537037037037037 0.02386458333333333 0.05289814814814815
0 0.65625 0.8611111111111112 0.03548958333333327 0.04326851851851853
0 0.37207291666666664 0.9027777777777778 0.027328125000000016 0.06500000000000004
0 0.06793229166666667 0.8767407407407407 0.037812500000000006 0.03925000000000009
0 0.5551770833333334 0.11062037037037037 0.016343750000000056 0.03909259259259258
0 0.161375 0.7565092592592593 0.03384375000000001 0.07221296296296296
0 0.021088541666666672 0.8285555555555556 0.038968749999999996 0.03985185185185182
0 0.3942864583333333 0.912324074074074 0.02752604166666662 0.07194444444444438
0 0.17468229166666666 0.9045185185185185 0.03114062499999998 0.06412962962962962
0 0.89453125 0.931425925925926 0.03004687500000003 0.05064814814814809
0 0.90625 0.894962962962963 0.03540104166666656 0.039685185185185094
0 0.4396979166666667 0.9409722222222222 0.028593750000000046 0.06412962962962973
0 0.39965625 0.40537962962962965 0.015718750000000035 0.03328703703703708
0 0.5434583333333334 0.9531296296296298 0.025864583333333316 0.06927777777777783
0 0.986328125 0.02762962962962963 0.0225833333333334 0.036564814814814814
0 0.7592760416666666 0.01100925925925926 0.017515625000000055 0.021592592592592594
0 0.3410625 0.7847222222222222 0.029250000000000043 0.037759259259259235
0 0.011979166666666667 0.8717592592592592 0.023958333333333335 0.05092592592592592
0 0.056640625 0.010759259259259258 0.028380208333333337 0.020944444444444446
0 0.14721875 0.9105925925925926 0.023515624999999988 0.061907407407407314
0 0.9228541666666668 0.8941018518518519 0.03494270833333341 0.05452777777777787
0 0.40918229166666664 0.9140648148148148 0.024338541666666675 0.05392592592592593
0 0.8178697916666666 0.9392407407407408 0.038328125000000074 0.04912962962962968
0 0.08105729166666667 0.931425925925926 0.04061979166666667 0.03887037037037039
0 0.626953125 0.01088888888888889 0.014505208333333287 0.021027777777777777
0 0.9964270833333334 0.06862962962962964 0.007140625000000019 0.0253888888888889
0 0.560546875 0.8845462962962962 0.05380208333333343 0.05211111111111109
0 0.8569322916666666 0.9340277777777778 0.033322916666666674 0.033287037037036976
0 0.4604479166666666 0.9661481481481482 0.038328124999999956 0.05474074074074064
0 0.7680677083333334 0.7673611111111112 0.014838541666666554 0.02637962962962964
0 0.9770520833333334 0.2517407407407407 0.023239583333333275 0.03328703703703705
0 0.5043958333333334 0.9618055555555556 0.03811458333333337 0.058592592592592675
0 0.46972916666666664 0.013064814814814814 0.027906249999999962 0.02558333333333333
0 0.208375 0.9888240740740741 0.03726041666666665 0.022351851851851734
0 0.708984375 0.931425925925926 0.031312499999999945 0.07020370370370375
0 0.30238020833333334 0.9713425925925926 0.036374999999999956 0.03948148148148136
0 0.244984375 0.9690462962962962 0.02734375 0.031833333333333436
0 0.9849791666666667 0.8918518518518519 0.03004166666666658 0.04612037037037032
0 0.38520312500000004 0.09021296296296297 0.038223958333333384 0.07275925925925925
0 0.43852083333333336 0.15612962962962965 0.04395312500000005 0.0712962962962963
0 0.4932916666666667 0.12439814814814815 0.021249999999999977 0.08258333333333333
0 0.5189010416666666 0.16068518518518518 0.031187500000000055 0.049148148148148135
0 0.6399114583333334 0.18487962962962962 0.03715104166666663 0.07100000000000001
0 0.70978125 0.01176851851851852 0.0425052083333334 0.02353703703703704
0 0.7440104166666667 0.010648148148148148 0.0109375 0.021296296296296296
0 0.6781354166666667 0.08443518518518518 0.03195312499999995 0.03421296296296295
0 0.6649479166666666 0.1298240740740741 0.03997916666666678 0.05432407407407409
0 0.6048645833333333 0.2703611111111111 0.03371354166666667 0.04724074074074072
0 0.5918281249999999 0.25051851851851853 0.03745833333333337 0.04697222222222224
0 0.6801770833333334 0.90625 0.013953124999999981 0.023962962962963064
0 0.8901354166666666 0.01916666666666667 0.020723958333333313 0.025203703703703707