0 0.383333 0.562500 0.036458 0.043519
0 0.480729 0.540278 0.031250 0.056481
0 0.475781 0.287037 0.028646 0.059259
0 0.283854 0.608333 0.028125 0.059259
0 0.545573 0.498611 0.026562 0.062037
0 0.360417 0.803241 0.030208 0.060185
0 0.338281 0.539352 0.035937 0.045370
0 0.340885 0.356944 0.027604 0.058333
0 0.374479 0.401852 0.026042 0.059259
0 0.351562 0.473148 0.021875 0.064815
0 0.356771 0.324537 0.035417 0.050926
0 0.377604 0.524537 0.034375 0.037963
0 0.273698 0.233796 0.029687 0.065741
0 0.256771 0.441204 0.037500 0.045370
0 0.229167 0.441667 0.025000 0.061111
0 0.650260 0.353704 0.026562 0.064815
0 0.342708 0.417130 0.021875 0.067593
0 0.420573 0.447685 0.032813 0.043519
0 0.176302 0.300463 0.032813 0.054630
0 0.282552 0.748148 0.034896 0.040741
0 0.319271 0.806481 0.039583 0.044444
0 0.651302 0.608796 0.030729 0.054630
0 0.575521 0.359259 0.018750 0.068519
0 0.508073 0.316204 0.033854 0.047222
0 0.330469 0.145833 0.025521 0.069444
0 0.398438 0.215278 0.022917 0.065741
0 0.595313 0.346296 0.017708 0.064815
0 0.463281 0.502315 0.036979 0.045370
0 0.325000 0.468981 0.019792 0.063889
0 0.439583 0.311574 0.036458 0.039815
0 0.303646 0.156019 0.021875 0.062037
0 0.416146 0.367130 0.035417 0.037963
0 0.299479 0.438889 0.032292 0.044444
0 0.384115 0.092130 0.031771 0.060185
0 0.703906 0.267130 0.019271 0.069444
0 0.412760 0.749074 0.036979 0.044444
0 0.633073 0.246296 0.032813 0.048148
0 0.246875 0.494444 0.039583 0.038889
0 0.343229 0.290741 0.036458 0.048148
0 0.433594 0.489815 0.018229 0.066667
0 0.587500 0.292593 0.036458 0.044444
0 0.207292 0.445833 0.021875 0.060185
0 0.515104 0.718519 0.034375 0.048148
0 0.260677 0.641204 0.039062 0.041667
0 0.556771 0.652315 0.033333 0.060185
0 0.604167 0.400463 0.037500 0.039815
0 0.576823 0.440278 0.021354 0.063889
0 0.394271 0.808333 0.037500 0.035185
0 0.465885 0.231019 0.035937 0.047222
0 0.924479 0.676389 0.033333 0.054630
0 0.388281 0.276852 0.036979 0.046296
0 0.311458 0.395370 0.020833 0.064815
0 0.455469 0.150000 0.035937 0.044444
0 0.926562 0.329630 0.038542 0.044444
0 0.870313 0.528704 0.027083 0.046296
0 0.202865 0.308333 0.034896 0.055556
0 0.515104 0.379630 0.037500 0.040741
0 0.284375 0.549074 0.031250 0.059259
0 0.729688 0.222685 0.026042 0.067593
0 0.289844 0.120833 0.024479 0.063889
0 0.889844 0.782407 0.039062 0.048148
0 0.815104 0.415278 0.031250 0.054630
0 0.790625 0.505556 0.033333 0.042593
0 0.210417 0.361111 0.019792 0.070370
0 0.223438 0.655556 0.027083 0.061111
0 0.923438 0.768056 0.030208 0.049074
0 0.183854 0.370370 0.025000 0.066667
0 0.770573 0.262037 0.040104 0.033333
0 0.716927 0.416667 0.035937 0.037037
0 0.529948 0.293981 0.034896 0.052778
0 0.226562 0.128241 0.037500 0.050926
0 0.678906 0.275000 0.022396 0.064815
0 0.546094 0.437963 0.018229 0.066667
0 0.360417 0.853241 0.039583 0.034259
0 0.853125 0.232870 0.035417 0.032407
0 0.601302 0.572685 0.023438 0.058333
0 0.251302 0.095833 0.024479 0.065741
0 0.265625 0.155093 0.018750 0.069444
0 0.850260 0.342593 0.032813 0.044444
0 0.049740 0.437963 0.034896 0.035185
0 0.644010 0.737037 0.032813 0.050000
0 0.176823 0.591667 0.033854 0.053704
0 0.864323 0.292130 0.026562 0.062037
0 0.914844 0.373611 0.028646 0.065741
0 0.776563 0.475463 0.035417 0.041667
0 0.540625 0.250000 0.027083 0.064815
0 0.885938 0.413889 0.018750 0.064815
0 0.852865 0.194907 0.034896 0.041667
0 0.752604 0.543981 0.031250 0.034259
0 0.896094 0.640741 0.032813 0.051852
0 0.108333 0.152778 0.039583 0.068519
0 0.577344 0.671759 0.027604 0.045370
0 0.538281 0.759722 0.028646 0.058333
0 0.150521 0.783796 0.036458 0.056481
0 0.570573 0.750463 0.032813 0.052778
0 0.763021 0.684722 0.031250 0.050926
0 0.288542 0.878241 0.036458 0.037963
0 0.816667 0.370370 0.022917 0.062963
0 0.118229 0.238889 0.033333 0.053704
0 0.204687 0.554630 0.043750 0.035185
0 0.150781 0.388889 0.020313 0.070370
0 0.959635 0.724074 0.033854 0.035185
0 0.072396 0.803241 0.035417 0.054630
0 0.859115 0.475926 0.032813 0.051852
0 0.673177 0.570833 0.020313 0.065741
0 0.204687 0.717593 0.032292 0.059259
0 0.328906 0.392593 0.018229 0.066667
0 0.482812 0.733333 0.039583 0.035185
0 0.555469 0.384722 0.019271 0.065741
0 0.864062 0.625926 0.023958 0.062963
0 0.788281 0.177778 0.022396 0.062963
0 0.760938 0.196296 0.036458 0.042593
0 0.222135 0.810648 0.021354 0.067593
0 0.308333 0.704167 0.036458 0.047222
0 0.864583 0.734722 0.036458 0.036111
0 0.816146 0.178241 0.023958 0.065741
0 0.136979 0.461111 0.029167 0.053704
0 0.188021 0.727315 0.037500 0.058333
0 0.898958 0.578241 0.018750 0.062037
0 0.977083 0.233333 0.020833 0.062963
0 0.755990 0.418056 0.040104 0.036111
0 0.821094 0.602315 0.022396 0.069444
0 0.884896 0.695833 0.039583 0.045370
0 0.542188 0.845833 0.025000 0.067593
0 0.531510 0.691667 0.024479 0.059259
0 0.701823 0.093056 0.020313 0.069444
0 0.150000 0.115278 0.022917 0.076852
0 0.440885 0.094907 0.031771 0.063889
0 0.032813 0.266667 0.030208 0.062963
0 0.867708 0.367593 0.040625 0.035185
0 0.676042 0.093056 0.034375 0.036111
0 0.136979 0.516667 0.034375 0.066667
0 0.259635 0.373148 0.038021 0.033333
0 0.671094 0.169444 0.021354 0.062963
0 0.221615 0.589352 0.042188 0.032407
0 0.320312 0.061111 0.038542 0.037037
0 0.911198 0.280093 0.039062 0.034259
0 0.785677 0.317593 0.040104 0.053704
0 0.664062 0.049074 0.028125 0.055556
0 0.952083 0.493519 0.033333 0.048148
0 0.157552 0.833796 0.043229 0.037963
0 0.216406 0.082407 0.035937 0.048148
0 0.109115 0.860648 0.044271 0.047222
0 0.072135 0.873148 0.035937 0.055556
0 0.279687 0.039352 0.028125 0.062037
0 0.831771 0.297685 0.037500 0.037963
0 0.717969 0.761574 0.021354 0.065741
0 0.938281 0.214815 0.027604 0.062963
0 0.199219 0.672685 0.043229 0.037963
0 0.187500 0.047222 0.037500 0.057407
0 0.828906 0.147685 0.024479 0.063889
0 0.131771 0.067130 0.030208 0.069444
0 0.934375 0.642130 0.036458 0.054630
0 0.635677 0.110648 0.032813 0.041667
0 0.745313 0.132870 0.030208 0.047222
0 0.954688 0.237037 0.022917 0.068519
0 0.472396 0.073148 0.018750 0.064815
0 0.677604 0.819907 0.035417 0.041667
0 0.178125 0.491204 0.037500 0.058333
0 0.636458 0.078704 0.034375 0.038889
0 0.921094 0.808333 0.032813 0.042593
0 0.659896 0.226852 0.018750 0.061111
0 0.141146 0.554630 0.038542 0.042593
0 0.079167 0.500000 0.023958 0.066667
0 0.810677 0.248148 0.026562 0.068519
0 0.915885 0.725000 0.036979 0.033333
0 0.091927 0.587037 0.038021 0.059259
0 0.048177 0.297222 0.033854 0.064815
0 0.102344 0.402778 0.033854 0.048148
0 0.726302 0.584722 0.030729 0.034259
0 0.529687 0.623611 0.019792 0.071296
0 0.788802 0.415278 0.028646 0.058333
0 0.054948 0.141204 0.028646 0.069444
0 0.950000 0.140741 0.031250 0.061111
0 0.475000 0.846296 0.021875 0.064815
0 0.386719 0.038889 0.034896 0.040741
0 0.184375 0.761574 0.033333 0.065741
0 0.136979 0.590741 0.023958 0.068519
0 0.664323 0.500926 0.021354 0.068519
0 0.113542 0.507870 0.038542 0.047222
0 0.037760 0.663889 0.026562 0.068519
0 0.052604 0.843519 0.039583 0.048148
0 0.770312 0.221759 0.041667 0.039815
0 0.446875 0.571759 0.018750 0.067593
0 0.434635 0.029167 0.038021 0.043519
0 0.748698 0.044907 0.023438 0.067593
0 0.962500 0.556019 0.038542 0.062037
0 0.015104 0.393519 0.026042 0.066667
0 0.360938 0.031944 0.025000 0.056481
0 0.498958 0.647222 0.020833 0.070370
0 0.908073 0.095370 0.030729 0.051852
0 0.775521 0.444444 0.040625 0.038889
0 0.444792 0.720370 0.034375 0.031481
0 0.018229 0.131944 0.035417 0.062037
0 0.722917 0.034259 0.018750 0.064815
0 0.017188 0.830093 0.033333 0.043519
0 0.028385 0.598148 0.025521 0.068519
0 0.764844 0.873148 0.032813 0.062963
0 0.610156 0.907407 0.038021 0.037037
0 0.122135 0.712963 0.030729 0.070370
0 0.582812 0.797222 0.019792 0.055556
0 0.179948 0.892130 0.042188 0.039815
0 0.018229 0.339815 0.031250 0.037037
0 0.928906 0.175926 0.031771 0.059259
0 0.233854 0.900000 0.025000 0.062963
0 0.093229 0.047685 0.038542 0.056481
0 0.014583 0.651389 0.028125 0.037963
0 0.641927 0.924074 0.035937 0.046296
0 0.555990 0.021296 0.018229 0.040741
0 0.878125 0.096296 0.028125 0.048148
0 0.989583 0.815741 0.019792 0.051852
0 0.378125 0.913426 0.038542 0.036111
0 0.154167 0.260648 0.035417 0.073148
0 0.145313 0.912963 0.040625 0.031481
0 0.795052 0.746296 0.028646 0.029630
0 0.668750 0.017593 0.035417 0.033333
0 0.093490 0.900463 0.026562 0.052778
0 0.930469 0.066204 0.039062 0.030556
0 0.866927 0.070833 0.028646 0.037963
0 0.534115 0.892130 0.036979 0.062037
0 0.243229 0.183333 0.026042 0.038889
0 0.524740 0.954630 0.020313 0.072222
0 0.443490 0.883333 0.018229 0.064815
0 0.029167 0.047685 0.034375 0.037963
0 0.661979 0.751389 0.018750 0.052778
0 0.077604 0.012037 0.036458 0.022222
0 0.189323 0.012500 0.043229 0.023148
0 0.609635 0.957407 0.039062 0.035185
0 0.976302 0.029630 0.031771 0.057407
0 0.486458 0.962037 0.029167 0.057407
0 0.314844 0.948611 0.039062 0.047222
0 0.443750 0.762037 0.027083 0.031481
0 0.969531 0.107870 0.039062 0.052778
0 0.459375 0.933796 0.034375 0.041667
0 0.903906 0.018056 0.033854 0.034259
0 0.067187 0.711111 0.026042 0.038889
0 0.009115 0.175000 0.017188 0.033333
0 0.745833 0.743519 0.016667 0.025926
0 0.343750 0.959259 0.034375 0.051852
0 0.634896 0.972685 0.033333 0.041667
0 0.566146 0.093519 0.021875 0.031481
0 0.672135 0.945370 0.032813 0.033333
0 0.591146 0.979630 0.035417 0.029630
0 0.142187 0.980556 0.039583 0.029630
0 0.284115 0.397222 0.031771 0.038889
0 0.236198 0.966204 0.051562 0.052778
0 0.565625 0.130556 0.035417 0.048148
0 0.575521 0.177315 0.037500 0.062037
0 0.548438 0.180556 0.023958 0.068519
0 0.566667 0.208796 0.027083 0.071296
0 0.514323 0.025926 0.031771 0.050000
0 0.483854 0.018519 0.028125 0.035185
0 0.499219 0.056481 0.034896 0.044444
0 0.525000 0.076852 0.021875 0.083333
0 0.490104 0.105093 0.035417 0.056481
0 0.495312 0.166204 0.021875 0.067593
0 0.506510 0.135185 0.023438 0.075926
0 0.520052 0.168056 0.019271 0.076852
0 0.640885 0.151389 0.036979 0.052778
0 0.160417 0.442593 0.037500 0.042593
0 0.173958 0.412500 0.035417 0.037963
0 0.932813 0.974537 0.036458 0.047222
0 0.011458 0.977315 0.020833 0.026852
0 0.557031 0.276852 0.022396 0.066667
0 0.515104 0.249074 0.037500 0.046296
0 0.599740 0.219444 0.032813 0.042593
0 0.842708 0.089352 0.032292 0.065741
0 0.532552 0.395370 0.024479 0.066667
0 0.557552 0.336574 0.023438 0.049074
0 0.422917 0.068981 0.022917 0.052778
0 0.992188 0.690741 0.014583 0.040741
0 0.993490 0.651852 0.013021 0.024074
0 0.993490 0.222222 0.011979 0.046296
0 0.973698 0.071296 0.023438 0.029630
0 0.994271 0.147222 0.011458 0.029630
0 0.231771 0.391204 0.029167 0.060185
0 0.154427 0.277315 0.033854 0.034259
0 0.190885 0.481481 0.020313 0.064815
0 0.177604 0.792130 0.023958 0.065741
