0 0.397703125 0.4865462962962963 0.027328125000000016 0.05935185185185182
0 0.1467291666666667 0.39496296296296296 0.025666666666666654 0.0654814814814815
0 0.228515625 0.40625 0.023374999999999996 0.0614166666666667
0 0.4294427083333333 0.4058148148148148 0.03482291666666661 0.051916666666666715
0 0.36328125 0.3433148148148148 0.027265624999999953 0.05729629629629629
0 0.4060052083333333 0.15625 0.017776041666666725 0.06813888888888892
0 0.289796875 0.5633703703703704 0.022536458333333325 0.06836111111111104
0 0.4350572916666666 0.46744444444444444 0.031203125000000043 0.04801851851851853
0 0.229859375 0.6471388888888888 0.03796354166666666 0.049046296296296324
0 0.233765625 0.14051851851851851 0.026854166666666696 0.06499999999999999
0 0.397703125 0.26172222222222224 0.028807291666666637 0.06087037037037038
0 0.4282239583333334 0.6145833333333334 0.029588541666666638 0.05360185185185194
0 0.5991197916666666 0.25434259259259256 0.020020833333333363 0.06575925925925924
0 0.20348958333333333 0.5238703703703703 0.027067708333333346 0.06380555555555563
0 0.28003125 0.4691851851851852 0.028276041666666647 0.057398148148148156
0 0.701171875 0.29730555555555555 0.02838020833333322 0.051509259259259255
0 0.5786145833333334 0.4479166666666667 0.03515625 0.046851851851851874
0 0.3002916666666666 0.6293425925925926 0.03649999999999996 0.042666666666666596
0 0.22925 0.5377592592592593 0.02897395833333333 0.06597222222222222
0 0.21277083333333333 0.3535185185185185 0.021989583333333347 0.06320370370370369
0 0.2885729166666666 0.2580277777777778 0.034609375000000026 0.0628240740740741
0 0.6528333333333334 0.7834166666666667 0.03179687500000009 0.0614166666666666
0 0.39721875 0.6462685185185185 0.03372395833333333 0.047388888888888946
0 0.2534166666666667 0.09407407407407407 0.021578124999999972 0.06412962962962962
0 0.4028333333333334 0.3222685185185185 0.023999999999999962 0.059138888888888894
0 0.541015625 0.25195370370370374 0.030104166666666703 0.061194444444444475
0 0.21142708333333332 0.8107685185185185 0.03555208333333333 0.04774074074074069
0 0.16442708333333333 0.3953981481481481 0.02400000000000002 0.06309259259259258
0 0.4821770833333333 0.28624074074074074 0.018479166666666675 0.06500000000000004
0 0.25683854166666664 0.16482407407407407 0.024703125000000003 0.06575925925925924
0 0.5112291666666666 0.5898425925925925 0.024229166666666656 0.06119444444444437
0 0.46753125 0.7022592592592594 0.025755208333333356 0.05474074074074064
0 0.6489270833333334 0.3532962962962963 0.027223958333333322 0.0614166666666667
0 0.19494791666666667 0.3448333333333333 0.022078124999999994 0.06862962962962964
0 0.5341822916666668 0.47005555555555556 0.035218749999999945 0.04274999999999996
0 0.19043229166666667 0.42448148148148146 0.03396354166666669 0.056861111111111085
0 0.4565416666666666 0.2875462962962963 0.027177083333333366 0.05783333333333337
0 0.2827135416666666 0.32790740740740737 0.03573437499999998 0.0456296296296296
0 0.4609375 0.7530370370370371 0.021651041666666634 0.06342592592592593
0 0.6357447916666668 0.6684074074074075 0.023817708333333344 0.05525925925925932
0 0.326171875 0.8615462962962963 0.03347916666666665 0.06439814814814811
0 0.48535416666666664 0.6076388888888888 0.03004687500000003 0.05251851851851854
0 0.30566666666666664 0.4978333333333333 0.027906249999999962 0.04613888888888882
0 0.3256822916666666 0.06537962962962963 0.028104166666666687 0.056749999999999995
0 0.2534166666666667 0.5664074074074075 0.026151041666666687 0.06390740740740739
0 0.07763541666666667 0.506074074074074 0.027437500000000004 0.0642870370370371
0 0.701171875 0.08430555555555555 0.019838541666666744 0.06722222222222221
0 0.1872552083333333 0.4704907407407407 0.03430208333333334 0.04519444444444439
0 0.074890625 0.43966666666666665 0.03079166666666667 0.06559259259259262
0 0.1171875 0.5421018518518519 0.021041666666666656 0.06711111111111112
0 0.31909375 0.5915833333333333 0.037901041666666656 0.035805555555555625
0 0.166625 0.4461851851851852 0.024994791666666672 0.0584814814814815
0 0.5986354166666668 0.7539074074074075 0.035218749999999945 0.040064814814814796
0 0.5395520833333334 0.7009537037037037 0.021208333333333287 0.06271296296296298
0 0.5732447916666668 0.32725925925925925 0.029708333333333316 0.0544444444444444
0 0.3610833333333333 0.6488703703703703 0.039124999999999945 0.03198148148148145
0 0.14599479166666668 0.1095925925925926 0.027953124999999992 0.06851851851851853
0 0.333984375 0.3059907407407408 0.03845312499999996 0.04554629629629635
0 0.22375520833333334 0.5911481481481482 0.03832812500000002 0.03512962962962968
0 0.4411614583333333 0.16655555555555554 0.018770833333333313 0.0735648148148148
0 0.5258802083333334 0.5030370370370371 0.03469791666666661 0.0360000000000001
0 0.763671875 0.10335185185185186 0.020692708333333344 0.06624074074074075
0 0.568359375 0.6809907407407407 0.03283854166666676 0.058703703703703786
0 0.6401354166666666 0.12033333333333333 0.023697916666666666 0.05815740740740741
0 0.6572291666666668 0.7413240740740741 0.023286458333333353 0.0625
0 0.340578125 0.6788240740740741 0.020567708333333337 0.06212037037037029
0 0.4025885416666667 0.6037314814814815 0.035218749999999945 0.04459259259259267
0 0.14026041666666667 0.5173611111111112 0.024796875000000006 0.05587962962962954
0 0.13903645833333333 0.24326851851851852 0.035489583333333324 0.05181481481481482
0 0.50390625 0.3732685185185185 0.03149479166666668 0.05620370370370375
0 0.43090625 0.7204907407407407 0.019864583333333387 0.05837962962962959
0 0.168703125 0.5303796296296296 0.026765624999999994 0.06130555555555559
0 0.662109375 0.2246111111111111 0.020218750000000084 0.06537962962962962
0 0.15539583333333334 0.7057314814814816 0.03494270833333335 0.0489351851851851
0 0.62109375 0.7256944444444444 0.030916666666666735 0.06352777777777768
0 0.2553697916666667 0.8255185185185184 0.03234895833333334 0.05750925925925917
0 0.319578125 0.40190740740740744 0.02041666666666669 0.06462037037037034
0 0.2692864583333333 0.047657407407407405 0.024385416666666663 0.06559259259259259
0 0.6435572916666668 0.19672222222222224 0.030380208333333294 0.05729629629629629
0 0.4392083333333333 0.3474351851851852 0.03515625 0.04218518518518514
0 0.10778645833333332 0.1231574074074074 0.033322916666666674 0.06119444444444446
0 0.5190416666666666 0.3020833333333333 0.03442187500000002 0.04492592592592591
0 0.33203125 0.5191018518518519 0.02854687499999997 0.04961111111111104
0 0.11047395833333334 0.18055555555555555 0.034364583333333344 0.05382407407407407
0 0.492921875 0.6766481481481481 0.019942708333333316 0.06369444444444441
0 0.297609375 0.4461851851851852 0.019562499999999972 0.06813888888888886
0 0.13781770833333334 0.4618055555555556 0.028546874999999985 0.05631481481481481
0 0.06335416666666666 0.37934259259259256 0.035677083333333325 0.04695370370370374
0 0.09386979166666666 0.36024074074074075 0.031083333333333338 0.05260185185185191
0 0.365234375 0.03887037037037037 0.020723958333333313 0.06917592592592592
0 0.6665052083333334 0.14539814814814814 0.02606249999999998 0.05555555555555555
0 0.6723645833333334 0.07926851851851852 0.0284427083333334 0.05191666666666666
0 0.18005208333333333 0.6996574074074075 0.021088541666666672 0.06927777777777772
0 0.5219739583333334 0.4238240740740741 0.0328385416666667 0.04942592592592592
0 0.546875 0.3615462962962963 0.02517708333333341 0.06369444444444441
0 0.662109375 0.6380185185185184 0.0225833333333334 0.06098148148148139
0 0.3041979166666666 0.2886296296296297 0.03720312500000003 0.04858333333333336
0 0.171140625 0.7656296296296297 0.03802604166666666 0.04758333333333343
0 0.22253645833333333 0.2764722222222222 0.03845312500000002 0.04038888888888889
0 0.5766614583333334 0.6367222222222222 0.02504166666666663 0.061907407407407314
0 0.4020989583333333 0.09597222222222222 0.02801562499999998 0.0466851851851852
0 0.6020520833333334 0.5750833333333334 0.0225833333333334 0.05848148148148156
0 0.7241197916666666 0.6145833333333334 0.03781249999999995 0.03452777777777775
0 0.9516614583333334 0.7330740740740741 0.028932291666666762 0.06320370370370369
0 0.378171875 0.21560185185185185 0.0390625 0.03754629629629631
0 0.09686458333333332 0.4127592592592592 0.024093749999999994 0.06462037037037034
0 0.4672864583333334 0.047657407407407405 0.024656249999999956 0.059842592592592586
0 0.5883802083333334 0.7070277777777778 0.027328124999999894 0.06152777777777782
0 0.4040520833333333 0.8242222222222222 0.03540104166666668 0.033750000000000044
0 0.09588541666666667 0.7226574074074075 0.040010416666666666 0.05382407407407418
0 0.7705104166666668 0.2575925925925926 0.023770833333333265 0.06537962962962965
0 0.7822291666666668 0.23047222222222222 0.02566666666666677 0.05935185185185182
0 0.9209010416666668 0.6705740740740741 0.026411458333333353 0.05433333333333339
0 0.08447395833333333 0.0899537037037037 0.03622395833333334 0.06037962962962961
0 0.9072291666666668 0.33485185185185184 0.03271354166666664 0.05170370370370373
0 0.19775520833333332 0.6471388888888888 0.04360937500000001 0.0360000000000001
0 0.7475572916666666 0.5759537037037037 0.02964583333333337 0.05962037037037046
0 0.8803697916666666 0.5672777777777778 0.03143229166666662 0.05045370370370371
0 0.5107447916666666 0.6558148148148147 0.018187500000000037 0.059953703703703703
0 0.9150416666666668 0.23806481481481484 0.020291666666666687 0.06836111111111112
0 0.8276354166666666 0.1486574074074074 0.02229166666666676 0.0640185185185185
0 0.8486354166666668 0.34223148148148147 0.029588541666666638 0.046851851851851874
0 0.552734375 0.2851574074074074 0.033322916666666674 0.0533055555555556
0 0.9033229166666668 0.6267407407407407 0.02474999999999999 0.05913888888888879
0 0.46582291666666664 0.8611111111111112 0.02670312499999999 0.06130555555555559
0 0.560546875 0.4086388888888889 0.035218749999999945 0.04695370370370374
0 0.6259791666666668 0.3142407407407407 0.018770833333333313 0.06760185185185184
0 0.05194270833333334 0.7994814814814816 0.042572916666666655 0.05229629629629631
0 0.8388697916666668 0.4138425925925926 0.018874999999999885 0.06271296296296298
0 0.20276041666666667 0.7209166666666667 0.02041666666666669 0.06955555555555566
0 0.7294947916666668 0.10037037037037037 0.03372395833333333 0.05360185185185184
0 0.4475104166666667 0.568138888888889 0.018479166666666675 0.06862962962962973
0 0.9375 0.5529537037037038 0.025953124999999962 0.06450925925925932
0 0.8984375 0.5186666666666666 0.026000000000000037 0.059953703703703703
0 0.52734375 0.059842592592592586 0.02975520833333339 0.050648148148148144
0 0.767578125 0.04730555555555556 0.02706770833333323 0.06179629629629631
0 0.126953125 0.7339444444444444 0.02279687499999999 0.060055555555555466
0 0.6875 0.6210925925925925 0.033265624999999945 0.0463333333333333
0 0.2739270833333334 0.71875 0.03768749999999998 0.03586111111111113
0 0.2473125 0.7625833333333334 0.02194270833333333 0.07437962962962956
0 0.62109375 0.15180555555555555 0.030958333333333362 0.05620370370370369
0 0.1369635416666667 0.5842037037037038 0.021911458333333345 0.06526851851851853
0 0.3205572916666667 0.13150925925925927 0.038755208333333374 0.03909259259259258
0 0.7260729166666666 0.440537037037037 0.026151041666666687 0.059731481481481476
0 0.061890625 0.11187037037037037 0.02433854166666666 0.0691759259259259
0 0.35815625 0.8836851851851851 0.028062500000000056 0.065861111111111
0 0.9497083333333334 0.27235185185185184 0.022536458333333325 0.06635185185185183
0 0.94921875 0.6783888888888888 0.029416666666666678 0.038435185185185176
0 0.943359375 0.11816666666666667 0.02263020833333324 0.06450925925925928
0 0.890625 0.1072037037037037 0.02964583333333337 0.052518518518518506
0 0.6879895833333334 0.4583333333333333 0.017989583333333316 0.06369444444444441
0 0.9858385416666666 0.5364629629629629 0.023604166666666752 0.06380555555555563
0 0.2790520833333333 0.4171018518518519 0.03482291666666664 0.04408333333333335
0 0.03289583333333333 0.7135462962962963 0.036989583333333326 0.05064814814814819
0 0.7080104166666668 0.4312037037037037 0.025510416666666678 0.05718518518518518
0 0.28246875 0.3791203703703704 0.036989583333333326 0.04274999999999996
0 0.5913072916666666 0.12456481481481482 0.03476041666666655 0.0448425925925926
0 0.3647447916666666 0.8224814814814815 0.02017187500000001 0.06586111111111122
0 0.74609375 0.13585185185185186 0.028760416666666563 0.04801851851851853
0 0.7158229166666668 0.5807314814814816 0.03423958333333322 0.034453703703703736
0 0.9184583333333334 0.420787037037037 0.03732291666666659 0.03512962962962957
0 0.93359375 0.4817685185185185 0.02365104166666659 0.06119444444444442
0 0.5297864583333334 0.38325000000000004 0.036989583333333326 0.03670370370370369
0 0.6489270833333334 0.8424444444444444 0.02975520833333339 0.053416666666666716
0 0.8911145833333334 0.7955740740740741 0.032468750000000074 0.05162037037037037
0 0.4223645833333334 0.8793425925925926 0.02833333333333338 0.06462037037037034
0 0.9169947916666668 0.5603333333333333 0.020369791666666734 0.06462037037037034
0 0.6245104166666666 0.3715277777777778 0.02947916666666662 0.03697222222222218
0 0.7407239583333334 0.04502777777777778 0.034182291666666725 0.04685185185185186
0 0.9853541666666668 0.2962222222222222 0.022031250000000096 0.06500000000000004
0 0.9125989583333334 0.7191851851851853 0.029416666666666678 0.051027777777777686
0 0.5908229166666668 0.5980925925925926 0.02194270833333339 0.060055555555555466
0 0.8286145833333334 0.6276018518518518 0.03656249999999991 0.055037037037037086
0 0.9291979166666666 0.37304629629629626 0.024614583333333447 0.06390740740740739
0 0.14807291666666667 0.1622222222222222 0.04183854166666667 0.04283333333333333
0 0.9541041666666668 0.06141666666666667 0.020765624999999944 0.06369444444444444
0 0.2605 0.900175925925926 0.0366197916666667 0.04519444444444439
0 0.8857447916666668 0.4414074074074074 0.03423958333333322 0.044842592592592545
0 0.5239270833333334 0.02578703703703704 0.035947916666666656 0.040527777777777774
0 0.9370104166666666 0.3172777777777778 0.034364583333333344 0.05707407407407406
0 0.3879375 0.040768518518518516 0.03540104166666668 0.03792592592592593
0 0.03726041666666667 0.6653611111111112 0.02571354166666667 0.07166666666666675
0 0.9130885416666668 0.46049999999999996 0.02670312499999999 0.06190740740740742
0 0.9624010416666666 0.1542962962962963 0.021364583333333322 0.06005555555555557
0 0.8627916666666666 0.4856759259259259 0.02801562499999998 0.054740740740740694
0 0.7934583333333334 0.17046296296296296 0.0379635416666666 0.041638888888888864
0 0.869140625 0.2777777777777778 0.023239583333333275 0.06760185185185184
0 0.865234375 0.07568518518518517 0.02897395833333339 0.04598148148148148
0 0.9809583333333334 0.4782962962962962 0.030671874999999935 0.04893518518518515
0 0.8671875 0.36718518518518517 0.04153645833333333 0.03439814814814813
0 0.12670833333333334 0.061796296296296294 0.03860416666666668 0.0431574074074074
0 0.2993177083333334 0.7630185185185184 0.018234374999999994 0.07085185185185183
0 0.08196874999999999 0.6067685185185184 0.025223958333333338 0.06944444444444445
0 0.7221666666666666 0.19271296296296295 0.03353645833333327 0.06439814814814816
0 0.8891614583333334 0.06488888888888888 0.023770833333333265 0.05881481481481483
0 0.958984375 0.8224814814814815 0.0401614583333334 0.03925000000000009
0 0.18591145833333333 0.033666666666666664 0.027437499999999972 0.06699999999999999
0 0.8837916666666668 0.7000833333333334 0.03643750000000002 0.06060185185185189
0 0.073546875 0.05007407407407407 0.04077083333333334 0.033796296296296297
0 0.8720729166666668 0.02753703703703704 0.03295833333333344 0.04613888888888889
0 0.06536979166666666 0.1854351851851852 0.026609375 0.07128703703703705
0 0.031921875 0.837675925925926 0.044098958333333334 0.03621296296296287
0 0.015250000000000001 0.7573796296296297 0.030213541666666663 0.03798148148148146
0 0.12359375 0.9010462962962963 0.04385416666666667 0.038657407407407404
0 0.12011979166666667 0.3884537037037037 0.02833333333333332 0.046138888888888924
0 0.892578125 0.16536111111111113 0.03460937499999991 0.032472222222222215
0 0.8432604166666666 0.19737037037037036 0.039854166666666656 0.037620370370370367
0 0.33325 0.02244444444444444 0.03628645833333337 0.03477777777777778
0 0.8798854166666668 0.3287777777777778 0.02276562500000002 0.051435185185185146
0 0.8120104166666666 0.24153703703703705 0.034421875000000074 0.06369444444444444
0 0.9252916666666666 0.07411111111111111 0.0321041666666666 0.04014814814814814
0 0.8735364583333334 0.7521666666666667 0.03167708333333342 0.050370370370370454
0 0.028380208333333334 0.786888888888889 0.039703125 0.042666666666666596
0 0.970703125 0.2326388888888889 0.03253125000000002 0.03938888888888888
0 0.447265625 0.8229166666666666 0.028932291666666644 0.06862962962962953
0 0.4860833333333333 0.9010462962962963 0.021088541666666672 0.05074999999999995
0 0.9311510416666666 0.2495648148148148 0.02033854166666676 0.053009259259259256
0 0.013067708333333334 0.471787037037037 0.025802083333333333 0.07204629629629625
0 0.9750989583333334 0.09944444444444445 0.032229166666666725 0.041879629629629635
0 0.8491197916666666 0.5043425925925926 0.023375000000000055 0.05026851851851848
0 0.9291979166666666 0.1793611111111111 0.027906249999999962 0.0635277777777778
0 0.4008802083333334 0.8632777777777778 0.031614583333333356 0.044675925925925924
0 0.9008802083333334 0.894962962962963 0.021041666666666715 0.06282407407407399
0 0.9933385416666667 0.8164074074074075 0.013322916666666629 0.04424074074074071
0 0.5170885416666666 0.9279537037037038 0.018369791666666656 0.0654814814814814
0 0.0280625 0.04649074074074075 0.03726041666666667 0.03466666666666667
0 0.028166666666666666 0.9340277777777778 0.0378125 0.0396851851851852
0 0.794921875 0.7465277777777778 0.027328124999999894 0.029944444444444367
0 0.4377447916666667 0.9461851851851851 0.03622395833333331 0.03895370370370364
0 0.05728125000000001 0.869361111111111 0.04544270833333334 0.03762037037037047
0 0.9877604166666667 0.2375 0.024479166666666666 0.04722222222222222
0 0.7758802083333334 0.5742222222222222 0.017380208333333275 0.03662037037037033
0 0.06597916666666667 0.9583333333333334 0.03095833333333333 0.06775925925925921
0 0.08434895833333332 0.012083333333333335 0.03521875 0.02333333333333333
0 0.4877916666666666 0.9678796296296296 0.023999999999999962 0.04877777777777773
0 0.059541666666666666 0.8984351851851852 0.031739583333333335 0.03878703703703713
0 0.4643541666666666 0.9809074074074076 0.03149479166666668 0.0327685185185184
0 0.008848958333333332 0.17556481481481484 0.017515625 0.030898148148148154
0 0.43203125 0.9814814814814815 0.034895833333333334 0.037037037037037035
0 0.00671875 0.309462962962963 0.013067708333333334 0.07232407407407408
0 0.04525520833333333 0.9644074074074074 0.022583333333333327 0.05973148148148158
0 0.904296875 0.012861111111111111 0.028166666666666628 0.02489814814814815
0 0.39965625 0.9809074074074076 0.038697916666666644 0.027861111111111246
0 0.6108385416666666 0.010185185185185186 0.03506250000000009 0.01946296296296296
0 0.6196302083333334 0.9401018518518518 0.017989583333333316 0.04885185185185195
0 0.625 0.9756944444444444 0.029036458333333334 0.03954629629629633
0 0.19738541666666667 0.9479166666666666 0.028593749999999987 0.07470370370370366
0 0.046114583333333334 0.012277777777777778 0.01490104166666666 0.023333333333333334
0 0.4411614583333333 0.761287037037037 0.026411458333333353 0.028370370370370462
0 0.5366197916666666 0.9791666666666666 0.023468749999999972 0.023509259259259143
0 0.591796875 0.9765648148148148 0.02120833333333323 0.020305555555555403
0 0.9125989583333334 0.9600740740740742 0.03372395833333333 0.034453703703703736
0 0.009000000000000001 0.9713518518518518 0.018000000000000002 0.04250925925925912
0 0.3511770833333333 0.06143518518518518 0.019593749999999945 0.0691759259259259
0 0.4218072916666667 0.08812962962962964 0.018609375000000008 0.04887037037037037
0 0.4515572916666667 0.10228703703703704 0.018760416666666658 0.0485462962962963
0 0.43332291666666667 0.13102777777777777 0.03566666666666667 0.046111111111111124
0 0.44964583333333336 0.056685185185185186 0.02666666666666669 0.044481481481481476
0 0.44302604166666665 0.023759259259259258 0.03093229166666672 0.047518518518518515
0 0.5210364583333332 0.0058240740740740735 0.03880208333333327 0.01163888888888889
0 0.49655208333333334 0.0520462962962963 0.030515624999999956 0.04261111111111111
0 0.47083854166666667 0.10625925925925928 0.028260416666666663 0.061638888888888896
0 0.46039583333333334 0.18480555555555556 0.014828125000000015 0.07929629629629628
0 0.4781302083333333 0.21816666666666668 0.02716145833333338 0.053981481481481464
0 0.4847604166666667 0.17221296296296298 0.023947916666666676 0.06525925925925928
0 0.5095885416666667 0.1401388888888889 0.015958333333333387 0.06316666666666665
0 0.499234375 0.1655925925925926 0.016817708333333313 0.057592592592592584
0 0.5191770833333333 0.1676388888888889 0.023312499999999996 0.06939814814814814
0 0.5375833333333334 0.1454074074074074 0.027281250000000055 0.05806481481481481
0 0.5045677083333333 0.09376851851851851 0.03527083333333335 0.045435185185185176
0 0.37690625 0.2676111111111111 0.019625000000000035 0.054509259259259264
0 0.430484375 0.25400925925925927 0.03529687499999999 0.04065740740740738
0 0.42789062499999997 0.3070185185185185 0.03587500000000006 0.053787037037037064
0 0.5664895833333333 0.21083333333333332 0.02649479166666661 0.058981481481481496
0 0.5701666666666667 0.17787037037037037 0.028369791666666564 0.06488888888888887
0 0.59103125 0.1723796296296296 0.031718750000000046 0.06981481481481484
0 0.3494114583333333 0.3793703703703704 0.027499999999999976 0.0544444444444444
0 0.27755729166666665 0.3483703703703704 0.021890624999999986 0.04380555555555551
0 0.24616145833333333 0.3782777777777778 0.03245312499999997 0.03806481481481483
0 0.3983802083333333 0.7842870370370371 0.02296874999999995 0.027898148148148248
0 0.52984375 0.6124259259259259 0.016286458333333323 0.06790740740740733
0 0.5546927083333333 0.630361111111111 0.020661458333333372 0.05390740740740743
0 0.5506614583333334 0.5374259259259259 0.029125000000000036 0.06108333333333336
0 0.556796875 0.5685833333333333 0.024208333333333342 0.0639629629629629
0 0.5786197916666667 0.5712962962962963 0.02678645833333325 0.0693981481481482
0 0.9537447916666667 0.4869444444444444 0.023937500000000018 0.04499999999999997
0 0.4470104166666667 0.8863240740740741 0.01776041666666662 0.062407407407407495
0 0.431296875 0.8865 0.013765625000000033 0.02510185185185176
0 0.9494375 0.4107037037037037 0.031015625000000095 0.060111111111111074