0 0.3564453125 0.6436631944444444 0.033203125 0.052300347222222224
0 0.40673828125 0.5811631944444444 0.03424072265625 0.05270724826388889
0 0.669921875 0.2777777777777778 0.0207977294921875 0.0661349826388889
0 0.40966796875 0.4956597222222222 0.034759521484375 0.043755425347222224
0 0.57177734375 0.3565538194444444 0.02337646484375 0.06331380208333333
0 0.30224609375 0.2703993055555556 0.0255584716796875 0.06852213541666667
0 0.478759765625 0.7973090277777778 0.033843994140625 0.05674913194444445
0 0.261962890625 0.4192708333333333 0.0196075439453125 0.06993272569444445
0 0.423095703125 0.1847873263888889 0.018829345703125 0.06776258680555555
0 0.2156982421875 0.4359809027777778 0.02069091796875 0.06749131944444445
0 0.67822265625 0.20475260416666666 0.023651123046875 0.06309678819444445
0 0.4853515625 0.3498263888888889 0.0285491943359375 0.05750868055555555
0 0.402587890625 0.7131076388888888 0.0240478515625 0.06944444444444445
0 0.6962890625 0.2764756944444444 0.028167724609375 0.0681423611111111
0 0.5341796875 0.5655381944444444 0.033203125 0.047661675347222224
0 0.1749267578125 0.5407986111111112 0.0252227783203125 0.05772569444444445
0 0.2880859375 0.5347222222222222 0.036285400390625 0.0478515625
0 0.420654296875 0.3361545138888889 0.033477783203125 0.04904513888888889
0 0.39013671875 0.7907986111111112 0.036163330078125 0.04893663194444445
0 0.411865234375 0.4290364583333333 0.03515625 0.05674913194444445
0 0.5107421875 0.6245659722222222 0.024383544921875 0.06222873263888889
0 0.28955078125 0.5855034722222222 0.0266571044921875 0.0666232638888889
0 0.5361328125 0.7925347222222222 0.03460693359375 0.044243706597222224
0 0.492919921875 0.4518229166666667 0.0261077880859375 0.060980902777777776
0 0.1927490234375 0.3595920138888889 0.02423095703125 0.061089409722222224
0 0.64453125 0.3524305555555556 0.0210113525390625 0.06575520833333333
0 0.462646484375 0.4305555555555556 0.0293731689453125 0.054633246527777776
0 0.145751953125 0.23328993055555555 0.02801513671875 0.07438151041666667
0 0.45947265625 0.4861111111111111 0.0265045166015625 0.06016710069444445
0 0.60595703125 0.3023003472222222 0.0197906494140625 0.06575520833333333
0 0.364990234375 0.11371527777777778 0.0254669189453125 0.06684027777777778
0 0.1456298828125 0.3161892361111111 0.0225372314453125 0.06635199652777778
0 0.224609375 0.5364583333333334 0.03125 0.051432291666666664
0 0.32080078125 0.4865451388888889 0.024749755859375 0.07020399305555555
0 0.263671875 0.4774305555555556 0.03759765625 0.04408094618055555
0 0.452880859375 0.5872395833333334 0.0226287841796875 0.06635199652777778
0 0.2099609375 0.5811631944444444 0.037322998046875 0.052897135416666664
0 0.333984375 0.8493923611111112 0.035675048828125 0.055474175347222224
0 0.1865234375 0.4309895833333333 0.0225067138671875 0.0673828125
0 0.346435546875 0.4683159722222222 0.0208892822265625 0.06635199652777778
0 0.2034912109375 0.6150173611111112 0.035003662109375 0.05311414930555555
0 0.272705078125 0.68359375 0.037689208984375 0.041015625
0 0.420654296875 0.8420138888888888 0.03228759765625 0.054741753472222224
0 0.280517578125 0.11143663194444445 0.018829345703125 0.06879340277777778
0 0.68896484375 0.5451388888888888 0.021575927734375 0.06526692708333333
0 0.54736328125 0.7391493055555556 0.0294189453125 0.05837673611111111
0 0.2379150390625 0.6627604166666666 0.019561767578125 0.06575520833333333
0 0.71142578125 0.10921223958333333 0.0238189697265625 0.0681423611111111
0 0.360595703125 0.7252604166666666 0.0202484130859375 0.06787109375
0 0.65283203125 0.7530381944444444 0.029876708984375 0.06293402777777778
0 0.1573486328125 0.4913194444444444 0.0194244384765625 0.06928168402777778
0 0.244873046875 0.5490451388888888 0.027587890625 0.0576171875
0 0.67578125 0.12272135416666667 0.0255126953125 0.05837673611111111
0 0.3935546875 0.84765625 0.0211639404296875 0.06201171875
0 0.261962890625 0.5837673611111112 0.03289794921875 0.049235026041666664
0 0.41015625 0.22916666666666666 0.03228759765625 0.060980902777777776
0 0.3486328125 0.4077690972222222 0.03448486328125 0.034722222222222224
0 0.51025390625 0.7408854166666666 0.026763916015625 0.05588107638888889
0 0.505859375 0.3029513888888889 0.0230712890625 0.07177734375
0 0.67431640625 0.7903645833333334 0.0258026123046875 0.06130642361111111
0 0.294677734375 0.22102864583333334 0.0217437744140625 0.05772569444444445
0 0.837890625 0.2515190972222222 0.0272216796875 0.06282552083333333
0 0.33447265625 0.1674262152777778 0.033782958984375 0.06401909722222222
0 0.7626953125 0.4631076388888889 0.0282745361328125 0.06646050347222222
0 0.6767578125 0.7009548611111112 0.0293731689453125 0.06412760416666667
0 0.60009765625 0.57421875 0.02203369140625 0.059027777777777776
0 0.2783203125 0.8628472222222222 0.0222015380859375 0.06575520833333333
0 0.53759765625 0.3943142361111111 0.017303466796875 0.06380208333333333
0 0.61474609375 0.6931423611111112 0.0196075439453125 0.06461588541666667
0 0.049224853515625 0.4398871527777778 0.02191162109375 0.07112630208333333
0 0.62841796875 0.2730034722222222 0.0184783935546875 0.06749131944444445
0 0.82421875 0.6015625 0.0297088623046875 0.062337239583333336
0 0.07904052734375 0.4939236111111111 0.0234222412109375 0.06477864583333333
0 0.77490234375 0.1095920138888889 0.0211639404296875 0.0625
0 0.1177978515625 0.5238715277777778 0.02532958984375 0.06293402777777778
0 0.13720703125 0.7265625 0.037261962890625 0.03895399305555555
0 0.1748046875 0.2632378472222222 0.033477783203125 0.04820421006944445
0 0.4716796875 0.7109375 0.02215576171875 0.06537543402777778
0 0.52783203125 0.6276041666666666 0.020721435546875 0.0632052951388889
0 0.1527099609375 0.8337673611111112 0.037261962890625 0.05577256944444445
0 0.1373291015625 0.4644097222222222 0.023651123046875 0.06391059027777778
0 0.5791015625 0.2730034722222222 0.0213623046875 0.06179470486111111
0 0.521484375 0.3899739583333333 0.017181396484375 0.06439887152777778
0 0.51611328125 0.4500868055555556 0.02056884765625 0.0675998263888889
0 0.55859375 0.6085069444444444 0.034027099609375 0.04554578993055555
0 0.38427734375 0.03526475694444445 0.0257568359375 0.06488715277777778
0 0.457763671875 0.5407986111111112 0.0240936279296875 0.050455729166666664
0 0.2391357421875 0.3706597222222222 0.03753662109375 0.03477647569444445
0 0.57470703125 0.6354166666666666 0.036285400390625 0.034586588541666664
0 0.54052734375 0.06027560763888889 0.0310821533203125 0.051513671875
0 0.290771484375 0.3812934027777778 0.035400390625 0.051215277777777776
0 0.2509765625 0.7769097222222222 0.023773193359375 0.0671115451388889
0 0.72998046875 0.11555989583333333 0.024139404296875 0.0675998263888889
0 0.55517578125 0.8654513888888888 0.024566650390625 0.06353081597222222
0 0.1229248046875 0.2686631944444444 0.0391845703125 0.05026584201388889
0 0.4951171875 0.8424479166666666 0.03521728515625 0.05433485243055555
0 0.08526611328125 0.5872395833333334 0.0240478515625 0.05653211805555555
0 0.237060546875 0.23372395833333334 0.03607177734375 0.03857421875
0 0.875 0.376953125 0.033782958984375 0.06353081597222222
0 0.72265625 0.03477647569444445 0.020721435546875 0.06130642361111111
0 0.054595947265625 0.5620659722222222 0.028167724609375 0.06559244791666667
0 0.8359375 0.15104166666666666 0.0216522216796875 0.06190321180555555
0 0.4951171875 0.8875868055555556 0.03228759765625 0.06222873263888889
0 0.10821533203125 0.7847222222222222 0.03704833984375 0.03683810763888889
0 0.341796875 0.3658854166666667 0.04083251953125 0.03819444444444445
0 0.1239013671875 0.8263888888888888 0.0238189697265625 0.06309678819444445
0 0.06524658203125 0.3851996527777778 0.042877197265625 0.05360243055555555
0 0.293212890625 0.4181857638888889 0.0240478515625 0.06684027777777778
0 0.1007080078125 0.5889756944444444 0.0203399658203125 0.06450737847222222
0 0.1580810546875 0.6163194444444444 0.039337158203125 0.049126519097222224
0 0.13671875 0.5217013888888888 0.019866943359375 0.061197916666666664
0 0.2418212890625 0.3103298611111111 0.03326416015625 0.06342230902777778
0 0.1175537109375 0.4461805555555556 0.03240966796875 0.05848524305555555
0 0.341796875 0.0749782986111111 0.03594970703125 0.043755425347222224
0 0.380859375 0.3240017361111111 0.0369873046875 0.036078559027777776
0 0.262939453125 0.029730902777777776 0.0212860107421875 0.056315104166666664
0 0.5400390625 0.6809895833333334 0.017913818359375 0.06282552083333333
0 0.73828125 0.19466145833333334 0.03607177734375 0.04503038194444445
0 0.7421875 0.56640625 0.0261993408203125 0.051025390625
0 0.224853515625 0.2769097222222222 0.03302001953125 0.05504014756944445
0 0.60791015625 0.4713541666666667 0.0251312255859375 0.06825086805555555
0 0.97607421875 0.5763888888888888 0.029083251953125 0.06130642361111111
0 0.32275390625 0.3127170138888889 0.0303802490234375 0.050835503472222224
0 0.69677734375 0.0686306423611111 0.0225067138671875 0.07373046875
0 0.71875 0.4192708333333333 0.0360107421875 0.03420681423611111
0 0.68505859375 0.7508680555555556 0.0323486328125 0.03762478298611111
0 0.85595703125 0.1284722222222222 0.021331787109375 0.05881076388888889
0 0.74560546875 0.03512912326388889 0.026458740234375 0.060872395833333336
0 0.939453125 0.5698784722222222 0.03656005859375 0.051323784722222224
0 0.5224609375 0.703125 0.0182342529296875 0.06391059027777778
0 0.283203125 0.03599717881944445 0.025665283203125 0.06353081597222222
0 0.5927734375 0.8207465277777778 0.044281005859375 0.03504774305555555
0 0.69140625 0.361328125 0.034759521484375 0.051025390625
0 0.55859375 0.6805555555555556 0.018096923828125 0.06353081597222222
0 0.427490234375 0.6744791666666666 0.03607177734375 0.035725911458333336
0 0.1356201171875 0.5872395833333334 0.0206451416015625 0.06282552083333333
0 0.177978515625 0.3125 0.021575927734375 0.06222873263888889
0 0.72119140625 0.8103298611111112 0.024749755859375 0.07177734375
0 0.8994140625 0.2172309027777778 0.03277587890625 0.059624565972222224
0 0.2109375 0.8059895833333334 0.0416259765625 0.03648546006944445
0 0.79638671875 0.6935763888888888 0.0224609375 0.07166883680555555
0 0.226318359375 0.18446180555555555 0.0305023193359375 0.06488715277777778
0 0.0999755859375 0.3689236111111111 0.039703369140625 0.04212782118055555
0 0.040618896484375 0.7252604166666666 0.0229339599609375 0.07020399305555555
0 0.9599609375 0.6905381944444444 0.0225830078125 0.06353081597222222
0 0.35986328125 0.031141493055555556 0.018829345703125 0.05995008680555555
0 0.5682291666666667 0.030555555555555555 0.020833333333333332 0.06111111111111111
0 0.9541015625 0.16276041666666666 0.0263519287109375 0.062337239583333336
0 0.0269622802734375 0.3198784722222222 0.04345703125 0.05056423611111111
0 0.2108154296875 0.9192708333333334 0.0225067138671875 0.06499565972222222
0 0.9150390625 0.3268229166666667 0.0343017578125 0.04283311631944445
0 0.431396484375 0.06282552083333333 0.037322998046875 0.043158637152777776
0 0.9833984375 0.3029513888888889 0.0323486328125 0.05259874131944445
0 0.150390625 0.11490885416666667 0.02508544921875 0.07481553819444445
0 0.2264404296875 0.8385416666666666 0.039276123046875 0.037543402777777776
0 0.90869140625 0.3639322916666667 0.033538818359375 0.060980902777777776
0 0.281982421875 0.3452690972222222 0.03985595703125 0.03870985243055555
0 0.08526611328125 0.287109375 0.024566650390625 0.068359375
0 0.359375 0.2775607638888889 0.036712646484375 0.035400390625
0 0.029205322265625 0.4075520833333333 0.04046630859375 0.055365668402777776
0 0.293212890625 0.4618055555555556 0.02276611328125 0.062337239583333336
0 0.36767578125 0.8450520833333334 0.0189056396484375 0.06499565972222222
0 0.0323486328125 0.6775173611111112 0.036224365234375 0.06646050347222222
0 0.66455078125 0.6592881944444444 0.03521728515625 0.041069878472222224
0 0.81396484375 0.3326822916666667 0.0268096923828125 0.055474175347222224
0 0.84765625 0.3782552083333333 0.023651123046875 0.061686197916666664
0 0.90673828125 0.5620659722222222 0.03533935546875 0.058051215277777776
0 0.1884765625 0.8515625 0.038543701171875 0.043511284722222224
0 0.76708984375 0.17903645833333334 0.02532958984375 0.06917317708333333
0 0.6591796875 0.027628580729166668 0.023193359375 0.05319552951388889
0 0.92041015625 0.20833333333333334 0.027740478515625 0.056966145833333336
0 0.85498046875 0.5972222222222222 0.0313720703125 0.058159722222222224
0 0.96044921875 0.24609375 0.0287017822265625 0.06282552083333333
0 0.79248046875 0.2025824652777778 0.020599365234375 0.047119140625
0 0.275634765625 0.7586805555555556 0.023101806640625 0.0627170138888889
0 0.9848958333333333 0.8291666666666667 0.030208333333333334 0.05277777777777778
0 0.91455078125 0.1496310763888889 0.0306243896484375 0.05381944444444445
0 0.0631103515625 0.8059895833333334 0.042572021484375 0.035807291666666664
0 0.90869140625 0.5108506944444444 0.036712646484375 0.040608723958333336
0 0.2218017578125 0.8676215277777778 0.0386962890625 0.036431206597222224
0 0.8642578125 0.0749782986111111 0.038177490234375 0.052300347222222224
0 0.859375 0.4809027777777778 0.034088134765625 0.062337239583333336
0 0.87353515625 0.6271701388888888 0.044281005859375 0.05783420138888889
0 0.051544189453125 0.7799479166666666 0.04345703125 0.036431206597222224
0 0.86669921875 0.2586805555555556 0.03533935546875 0.06005859375
0 0.763671875 0.6927083333333334 0.02508544921875 0.05056423611111111
0 0.0244293212890625 0.5724826388888888 0.035400390625 0.0671115451388889
0 0.68408203125 0.8663194444444444 0.036224365234375 0.06635199652777778
0 0.7861328125 0.03553602430555555 0.03656005859375 0.045355902777777776
0 0.94970703125 0.4926215277777778 0.030792236328125 0.039469401041666664
0 0.1917724609375 0.04275173611111111 0.037689208984375 0.043999565972222224
0 0.04840087890625 0.2966579861111111 0.0460205078125 0.05300564236111111
0 0.9814453125 0.4526909722222222 0.03594970703125 0.03431532118055555
0 0.1044921875 0.4249131944444444 0.041534423828125 0.04139539930555555
0 0.8095703125 0.1615668402777778 0.0330810546875 0.058268229166666664
0 0.7509765625 0.2608506944444444 0.042022705078125 0.049235026041666664
0 0.849609375 0.3387586805555556 0.03436279296875 0.04147677951388889
0 0.012054443359375 0.7265625 0.0236053466796875 0.060384114583333336
0 0.67529296875 0.8949652777777778 0.0227203369140625 0.060980902777777776
0 0.88330078125 0.6879340277777778 0.042633056640625 0.042670355902777776
0 0.93359375 0.2983940972222222 0.02630615234375 0.0576171875
0 0.0177764892578125 0.18250868055555555 0.03204345703125 0.06624348958333333
0 0.0869140625 0.18055555555555555 0.034423828125 0.06787109375
0 0.07666015625 0.2513020833333333 0.044921875 0.037407769097222224
0 0.9404296875 0.7877604166666666 0.03759765625 0.038492838541666664
0 0.9287109375 0.05360243055555555 0.037322998046875 0.04820421006944445
0 0.8232421875 0.8845486111111112 0.0360107421875 0.05514865451388889
0 0.25341796875 0.9175347222222222 0.038970947265625 0.04969618055555555
0 0.403564453125 0.9010416666666666 0.04168701171875 0.03976779513888889
0 0.411865234375 0.9427083333333334 0.03167724609375 0.047661675347222224
0 0.05560302734375 0.8524305555555556 0.029541015625 0.06353081597222222
0 0.9814453125 0.2250434027777778 0.0255126953125 0.06201171875
0 0.927734375 0.09830729166666667 0.0391845703125 0.043755425347222224
0 0.90576171875 0.2730034722222222 0.03271484375 0.04212782118055555
0 0.9846354166666667 0.6986111111111111 0.030729166666666665 0.06574074074074074
0 0.806640625 0.12456597222222222 0.03839111328125 0.034261067708333336
0 0.87744140625 0.7443576388888888 0.044677734375 0.04416232638888889
0 0.88916015625 0.08702256944444445 0.035400390625 0.04212782118055555
0 0.48072916666666665 0.9703703703703703 0.027083333333333334 0.05925925925925926
0 0.083740234375 0.3342013888888889 0.021484375 0.05319552951388889
0 0.2110595703125 0.018079969618055556 0.0189361572265625 0.03615993923611111
0 0.97119140625 0.1449652777777778 0.028656005859375 0.04383680555555555
0 0.560546875 0.9392361111111112 0.025177001953125 0.056098090277777776
0 0.96923828125 0.11263020833333333 0.0391845703125 0.040608723958333336
0 0.0141143798828125 0.12684461805555555 0.02801513671875 0.039632161458333336
0 0.4541015625 0.9244791666666666 0.0306243896484375 0.04408094618055555
0 0.86181640625 0.7960069444444444 0.021575927734375 0.037055121527777776
0 0.50048828125 0.9444444444444444 0.024383544921875 0.045979817708333336
0 0.89208984375 0.7157118055555556 0.030853271484375 0.041314019097222224
0 0.7880859375 0.279296875 0.036895751953125 0.0703125
0 0.07159423828125 0.019083658854166668 0.035736083984375 0.03683810763888889
0 0.7236328125 0.9331597222222222 0.022674560546875 0.06309678819444445
0 0.010528564453125 0.6705729166666666 0.0204925537109375 0.03797743055555555
0 0.90546875 0.022222222222222223 0.0265625 0.044444444444444446
0 0.869140625 0.5520833333333334 0.02484130859375 0.037407769097222224
0 0.4208984375 0.08637152777777778 0.018402099609375 0.032280815972222224
0 0.0289306640625 0.05015733506944445 0.03424072265625 0.041015625
0 0.0869140625 0.9340277777777778 0.0284423828125 0.07221137152777778
0 0.390380859375 0.96875 0.038604736328125 0.06076388888888889
0 0.00878143310546875 0.8255208333333334 0.0169830322265625 0.06005859375
0 0.47265625 0.009955512152777778 0.026702880859375 0.018296983506944444
0 0.0125 0.9398148148148148 0.025 0.044444444444444446
0 0.1240234375 0.6701388888888888 0.02056884765625 0.025485568576388888
0 0.2587890625 0.9791666666666666 0.045257568359375 0.038140190972222224
0 0.98095703125 0.07112630208333333 0.01433563232421875 0.019382052951388888
0 0.43359375 0.8854166666666666 0.042083740234375 0.05221896701388889
0 0.14505208333333333 0.975925925925926 0.044270833333333336 0.04814814814814815