0 0.509375 0.704167 0.028125 0.054630
0 0.709115 0.416667 0.025521 0.055556
0 0.283333 0.272685 0.028125 0.065741
0 0.240885 0.125000 0.024479 0.064815
0 0.466406 0.757407 0.029687 0.057407
0 0.310677 0.339352 0.027604 0.063889
0 0.280990 0.332870 0.027604 0.060185
0 0.384375 0.298611 0.030208 0.062037
0 0.210677 0.202778 0.025521 0.061111
0 0.654427 0.633796 0.024479 0.062037
0 0.308333 0.643519 0.036458 0.051852
0 0.621875 0.569907 0.027083 0.063889
0 0.369010 0.574537 0.030729 0.052778
0 0.397396 0.587500 0.026042 0.062037
0 0.574479 0.475000 0.034375 0.044444
0 0.195312 0.153241 0.025000 0.062037
0 0.631250 0.630093 0.022917 0.065741
0 0.432292 0.769444 0.019792 0.061111
0 0.273438 0.148611 0.021875 0.067593
0 0.416667 0.463889 0.037500 0.038889
0 0.257031 0.531481 0.033854 0.057407
0 0.335677 0.623611 0.030729 0.047222
0 0.863542 0.621759 0.031250 0.058333
0 0.666406 0.505093 0.029687 0.058333
0 0.094531 0.244907 0.032813 0.065741
0 0.170573 0.331944 0.031771 0.058333
0 0.361719 0.315741 0.022396 0.066667
0 0.526042 0.626852 0.019792 0.066667
0 0.485156 0.654167 0.023438 0.062037
0 0.638802 0.317130 0.020313 0.063889
0 0.373698 0.808796 0.028646 0.065741
0 0.437240 0.370833 0.032813 0.056481
0 0.704427 0.654630 0.022396 0.064815
0 0.657813 0.229167 0.019792 0.060185
0 0.746875 0.300000 0.030208 0.050000
0 0.623698 0.752778 0.030729 0.055556
0 0.149219 0.111574 0.024479 0.069444
0 0.266406 0.602315 0.030729 0.056481
0 0.434375 0.300926 0.026042 0.062963
0 0.385156 0.205556 0.031771 0.050000
0 0.531510 0.455556 0.034896 0.037037
0 0.293229 0.131944 0.018750 0.073148
0 0.161198 0.450000 0.030729 0.053704
0 0.169010 0.239815 0.020313 0.064815
0 0.481510 0.415278 0.031771 0.050926
0 0.227344 0.645370 0.038021 0.046296
0 0.759115 0.082407 0.024479 0.066667
0 0.765365 0.358796 0.018229 0.063889
0 0.451042 0.427315 0.017708 0.065741
0 0.448177 0.071296 0.022396 0.057407
0 0.578906 0.199537 0.017188 0.069444
0 0.755469 0.240741 0.024479 0.070370
0 0.668229 0.380556 0.018750 0.066667
0 0.895312 0.490278 0.037500 0.043519
0 0.465365 0.686111 0.018229 0.070370
0 0.507552 0.406944 0.030729 0.052778
0 0.527083 0.127778 0.020833 0.066667
0 0.408073 0.546759 0.023438 0.069444
0 0.417448 0.707870 0.019271 0.069444
0 0.072135 0.246759 0.028646 0.071296
0 0.292448 0.684722 0.024479 0.067593
0 0.159115 0.167130 0.039062 0.049074
0 0.161719 0.400000 0.024479 0.066667
0 0.650521 0.164352 0.027083 0.060185
0 0.180729 0.097222 0.037500 0.053704
0 0.773177 0.157870 0.033854 0.049074
0 0.317448 0.207870 0.031771 0.056481
0 0.143750 0.255556 0.025000 0.064815
0 0.686198 0.863426 0.029687 0.065741
0 0.747656 0.712500 0.029687 0.043519
0 0.271875 0.751389 0.026042 0.063889
0 0.885938 0.187037 0.022917 0.061111
0 0.195312 0.457870 0.037500 0.043519
0 0.573177 0.253704 0.034896 0.037037
0 0.591406 0.530556 0.035937 0.040741
0 0.120833 0.387963 0.036458 0.057407
0 0.144010 0.350000 0.021354 0.068519
0 0.853385 0.733333 0.027604 0.062963
0 0.227344 0.437037 0.024479 0.062963
0 0.539844 0.543981 0.018229 0.062037
0 0.156771 0.502315 0.023958 0.067593
0 0.048698 0.438889 0.040104 0.044444
0 0.633073 0.197685 0.030729 0.052778
0 0.097135 0.099074 0.035937 0.055556
0 0.177604 0.527315 0.022917 0.065741
0 0.339844 0.352778 0.030729 0.059259
0 0.616927 0.045833 0.029687 0.054630
0 0.708073 0.270833 0.020313 0.058333
0 0.083333 0.365741 0.035417 0.064815
0 0.600260 0.875463 0.019271 0.067593
0 0.590885 0.724537 0.033854 0.037963
0 0.188802 0.373148 0.039062 0.037037
0 0.069271 0.172685 0.025000 0.076852
0 0.934375 0.318519 0.021875 0.057407
0 0.091406 0.495370 0.025521 0.064815
0 0.840625 0.702778 0.029167 0.055556
0 0.533073 0.057870 0.031771 0.052778
0 0.940625 0.483796 0.037500 0.043519
0 0.311198 0.061111 0.033854 0.053704
0 0.029687 0.681019 0.026042 0.073148
0 0.830469 0.604167 0.034896 0.054630
0 0.194010 0.255093 0.038021 0.037963
0 0.096354 0.685185 0.029167 0.070370
0 0.475781 0.847222 0.021354 0.061111
0 0.461719 0.034722 0.036979 0.045370
0 0.123438 0.123611 0.025000 0.067593
0 0.849219 0.381019 0.029687 0.058333
0 0.543750 0.826389 0.034375 0.036111
0 0.402083 0.170370 0.039583 0.035185
0 0.207813 0.601389 0.022917 0.069444
0 0.133854 0.311574 0.039583 0.050926
0 0.745052 0.043519 0.024479 0.059259
0 0.101562 0.150463 0.039583 0.041667
0 0.505729 0.889352 0.028125 0.062037
0 0.741667 0.344907 0.037500 0.039815
0 0.724479 0.041667 0.021875 0.061111
0 0.912240 0.717130 0.030729 0.056481
0 0.166927 0.796759 0.025521 0.067593
0 0.548177 0.369444 0.018229 0.064815
0 0.286979 0.463426 0.025000 0.073148
0 0.589063 0.355556 0.017708 0.068519
0 0.076823 0.634722 0.028646 0.067593
0 0.057813 0.734259 0.022917 0.070370
0 0.272135 0.080556 0.039062 0.040741
0 0.123438 0.267593 0.034375 0.062963
0 0.333333 0.041204 0.031250 0.060185
0 0.027604 0.606019 0.025000 0.065741
0 0.765885 0.615278 0.039062 0.032407
0 0.800000 0.603241 0.027083 0.067593
0 0.128125 0.466204 0.038542 0.050926
0 0.684635 0.281481 0.020313 0.050000
0 0.401823 0.794907 0.019271 0.062037
0 0.372396 0.891204 0.029167 0.065741
0 0.747656 0.566667 0.022396 0.051852
0 0.821615 0.692130 0.027604 0.058333
0 0.898698 0.452778 0.041146 0.037037
0 0.039844 0.542593 0.026562 0.066667
0 0.030208 0.739815 0.031250 0.059259
0 0.708333 0.741204 0.033333 0.032407
0 0.383073 0.031019 0.031771 0.049074
0 0.146875 0.676852 0.027083 0.068519
0 0.959375 0.195833 0.020833 0.063889
0 0.798438 0.824537 0.021875 0.063889
0 0.969010 0.156944 0.023438 0.062037
0 0.024740 0.492130 0.024479 0.063889
0 0.819531 0.469444 0.027604 0.044444
0 0.289583 0.543056 0.034375 0.075000
0 0.865885 0.046759 0.023438 0.060185
0 0.847396 0.051852 0.019792 0.062963
0 0.664844 0.921296 0.027604 0.055556
0 0.144271 0.569907 0.021875 0.071296
0 0.122396 0.515741 0.043750 0.046296
0 0.751302 0.805556 0.021354 0.066667
0 0.201302 0.796296 0.031771 0.059259
0 0.761979 0.522685 0.028125 0.049074
0 0.939063 0.120833 0.026042 0.056481
0 0.165885 0.846759 0.041146 0.036111
0 0.806250 0.675926 0.027083 0.059259
0 0.965104 0.557407 0.025000 0.066667
0 0.636979 0.926389 0.021875 0.067593
0 0.892708 0.338426 0.038542 0.032407
0 0.600781 0.572685 0.020313 0.056481
0 0.069010 0.576389 0.022396 0.067593
0 0.909375 0.188889 0.026042 0.061111
0 0.359375 0.754630 0.037500 0.040741
0 0.848698 0.463889 0.025521 0.062963
0 0.128646 0.850926 0.036458 0.055556
0 0.872396 0.236111 0.039583 0.040741
0 0.983073 0.508333 0.031771 0.055556
0 0.103646 0.574537 0.041667 0.056481
0 0.228385 0.035185 0.041146 0.037037
0 0.871354 0.300926 0.044792 0.037037
0 0.055729 0.556481 0.025000 0.070370
0 0.058333 0.089352 0.023958 0.067593
0 0.061979 0.503241 0.042708 0.039815
0 0.880990 0.366667 0.035937 0.037037
0 0.834635 0.559259 0.043229 0.055556
0 0.215104 0.844907 0.040625 0.034259
0 0.154167 0.616204 0.041667 0.043519
0 0.744271 0.135185 0.026042 0.044444
0 0.964323 0.271759 0.030729 0.060185
0 0.892708 0.131944 0.031250 0.058333
0 0.603906 0.956019 0.023438 0.069444
0 0.849219 0.330093 0.033854 0.037963
0 0.980208 0.131944 0.026042 0.062037
0 0.272396 0.929167 0.031250 0.056481
0 0.529948 0.017130 0.034896 0.032407
0 0.125781 0.886574 0.034896 0.050926
0 0.206250 0.304167 0.020833 0.052778
0 0.182031 0.873148 0.042188 0.035185
0 0.845833 0.181481 0.040625 0.044444
0 0.932292 0.681481 0.041667 0.044444
0 0.013281 0.821296 0.025521 0.066667
0 0.227083 0.869907 0.034375 0.032407
0 0.825521 0.212963 0.033333 0.050000
0 0.066406 0.875000 0.024479 0.064815
0 0.927083 0.256019 0.031250 0.063889
0 0.979427 0.074537 0.038021 0.032407
0 0.419792 0.094444 0.022917 0.040741
0 0.046615 0.647222 0.026562 0.064815
0 0.577865 0.944444 0.020313 0.070370
0 0.846354 0.107407 0.034375 0.044444
0 0.914844 0.091667 0.025521 0.042593
0 0.018490 0.112037 0.028646 0.075926
0 0.117708 0.760648 0.028125 0.067593
0 0.882552 0.693519 0.034896 0.040741
0 0.289062 0.031019 0.023958 0.060185
0 0.206510 0.898611 0.041146 0.036111
0 0.096875 0.887500 0.026042 0.065741
0 0.927865 0.029630 0.038021 0.037037
0 0.532552 0.940278 0.033854 0.043519
0 0.432812 0.017593 0.026042 0.033333
0 0.012760 0.455093 0.024479 0.063889
0 0.983594 0.847222 0.032813 0.048148
0 0.244531 0.938889 0.021354 0.053704
0 0.014583 0.356019 0.028125 0.049074
0 0.411198 0.337037 0.022396 0.048148
0 0.990104 0.240741 0.019792 0.050000
0 0.504427 0.959259 0.025521 0.066667
0 0.665885 0.012037 0.027604 0.022222
0 0.988802 0.718056 0.021354 0.058333
0 0.764844 0.938426 0.036979 0.041667
0 0.178385 0.940741 0.040104 0.042593
0 0.457552 0.888426 0.030729 0.054630
0 0.925521 0.959722 0.027083 0.062037
0 0.033333 0.929167 0.029167 0.063889
0 0.094792 0.947685 0.042708 0.060185
0 0.010417 0.236111 0.019792 0.038889
0 0.785677 0.977778 0.035937 0.038889
0 0.070573 0.014815 0.036979 0.027778
0 0.148698 0.943981 0.030729 0.054630
0 0.132031 0.978704 0.036979 0.038889
0 0.537760 0.981481 0.028646 0.035185
0 0.204427 0.975926 0.022396 0.046296
0 0.827083 0.951389 0.027083 0.073148
0 0.559375 0.099537 0.015625 0.028704
0 0.747396 0.979630 0.040625 0.031481
0 0.984115 0.977315 0.026562 0.019444
0 0.436198 0.999537 0.121354 0.000926
0 0.635938 0.976852 0.048958 0.046296
0 0.292187 0.974537 0.036458 0.049074
0 0.888021 0.982870 0.022917 0.032407
0 0.266667 0.981944 0.019792 0.036111
0 0.399479 0.981944 0.023958 0.030556
0 0.008333 0.672685 0.015625 0.078704
0 0.006771 0.580556 0.012500 0.079630
0 0.248438 0.975000 0.021875 0.029630
0 0.218750 0.402778 0.030208 0.051852
0 0.238281 0.372685 0.034896 0.037963
0 0.258594 0.407407 0.032813 0.031481
0 0.271615 0.429167 0.036979 0.052778
0 0.330729 0.441667 0.039583 0.061111
0 0.309375 0.525926 0.023958 0.068519
0 0.327604 0.502778 0.027083 0.061111
0 0.363802 0.472222 0.025521 0.064815
0 0.432552 0.531019 0.023438 0.067593
0 0.454167 0.544907 0.018750 0.065741
0 0.444531 0.591667 0.036979 0.044444
0 0.455990 0.630556 0.035937 0.046296
0 0.482552 0.595833 0.035937 0.050926
0 0.466146 0.461111 0.017708 0.040741
0 0.489583 0.505556 0.034375 0.042593
0 0.518750 0.503704 0.019792 0.046296
0 0.277865 0.612500 0.017188 0.025000
0 0.273698 0.020370 0.016146 0.038889
0 0.362760 0.375463 0.035937 0.052778
0 0.438021 0.190278 0.030208 0.060185
0 0.454948 0.148611 0.028646 0.056481
0 0.477344 0.167593 0.027604 0.068519
0 0.502083 0.175000 0.027083 0.061111
0 0.461198 0.204630 0.030729 0.057407
0 0.444271 0.248148 0.029167 0.055556
0 0.458854 0.296296 0.033333 0.062963
0 0.475000 0.264815 0.034375 0.051852
0 0.497917 0.230093 0.039583 0.041667
0 0.533854 0.236111 0.019792 0.050000
0 0.486198 0.076389 0.033854 0.045370
0 0.503906 0.105556 0.025521 0.064815
0 0.560677 0.014352 0.023438 0.026852
0 0.592708 0.015278 0.017708 0.028704
0 0.533073 0.177778 0.024479 0.055556
0 0.471875 0.357870 0.031250 0.056481
0 0.494010 0.306019 0.032813 0.062037
0 0.528646 0.305556 0.027083 0.066667
0 0.553125 0.309722 0.034375 0.039815
0 0.590104 0.288426 0.038542 0.036111
0 0.519531 0.378704 0.031771 0.035185
0 0.928906 0.159722 0.035937 0.054630
0 0.958333 0.114352 0.017708 0.045370
0 0.990365 0.210185 0.019271 0.033333
0 0.990104 0.466667 0.018750 0.027778
0 0.990885 0.774074 0.018229 0.038889
0 0.564844 0.983796 0.028646 0.030556
0 0.369010 0.981019 0.030729 0.026852
0 0.678385 0.461111 0.042188 0.046296
