0 0.36230729166666664 0.255212962962963 0.018510416666666647 0.06917592592592593
0 0.3100572916666666 0.6080740740740741 0.03192187499999998 0.053712962962962955
0 0.3537604166666667 0.5091111111111112 0.025953124999999962 0.05848148148148156
0 0.1384270833333333 0.3031666666666667 0.025999999999999992 0.06825000000000003
0 0.4516614583333334 0.4264351851851852 0.020692708333333344 0.06526851851851853
0 0.214234375 0.5125833333333334 0.035276041666666674 0.05056481481481472
0 0.3747552083333333 0.5664074074074075 0.03302083333333338 0.05686111111111119
0 0.5825208333333334 0.20019444444444445 0.021453125000000028 0.06526851851851853
0 0.161375 0.33225 0.024229166666666656 0.07009259259259264
0 0.3149427083333334 0.5160555555555556 0.032895833333333374 0.053009259259259256
0 0.4338385416666667 0.2684444444444445 0.017989583333333316 0.07074999999999997
0 0.34253125 0.39951851851851855 0.029250000000000043 0.06309259259259258
0 0.428953125 0.8151018518518518 0.030333333333333337 0.056962962962962944
0 0.190671875 0.4385833333333333 0.033203125 0.05674999999999997
0 0.245484375 0.37412962962962965 0.025864583333333316 0.06700000000000002
0 0.5659166666666666 0.5464444444444444 0.02488541666666677 0.06575925925925924
0 0.66015625 0.5811666666666666 0.030916666666666735 0.05555555555555555
0 0.15466145833333333 0.4171018518518519 0.02635416666666668 0.06390740740740739
0 0.337890625 0.6679722222222222 0.03253125000000002 0.05132407407407413
0 0.3852552083333334 0.3641481481481481 0.02752604166666662 0.07031481481481487
0 0.2612291666666666 0.5820277777777778 0.03747395833333333 0.046064814814814815
0 0.3168958333333334 0.8368055555555556 0.026609374999999956 0.06586111111111122
0 0.4809583333333334 0.4448796296296297 0.03402604166666663 0.04432407407407408
0 0.451171875 0.7434907407407407 0.02606249999999998 0.06439814814814811
0 0.4558125 0.3513425925925926 0.01854166666666662 0.06982407407407404
0 0.292234375 0.537324074074074 0.04168749999999998 0.040064814814814796
0 0.404296875 0.4804722222222222 0.021406249999999953 0.06439814814814811
0 0.6923854166666668 0.1860925925925926 0.018369791666666656 0.06179629629629631
0 0.6235364583333334 0.5798611111111112 0.02964583333333337 0.05815740740740736
0 0.4370104166666666 0.08512037037037037 0.029874999999999947 0.06109259259259261
0 0.6396510416666668 0.31857407407407407 0.020723958333333313 0.06575925925925924
0 0.14978125 0.11750925925925926 0.02332812499999998 0.0720462962962963
0 0.475828125 0.7990462962962963 0.024229166666666656 0.06152777777777782
0 0.205078125 0.25087037037037035 0.029921875000000025 0.06510185185185188
0 0.21984895833333334 0.40017592592592593 0.03228645833333334 0.05270370370370366
0 0.45190625 0.27235185185185184 0.019609375000000047 0.06749074074074073
0 0.4497083333333334 0.6579907407407407 0.03253125000000002 0.04785185185185191
0 0.5385729166666666 0.08230555555555556 0.02691666666666664 0.06027777777777777
0 0.16711458333333334 0.2205925925925926 0.03418229166666666 0.057620370370370384
0 0.6591822916666668 0.22417592592592595 0.01964062500000002 0.0623333333333333
0 0.5556666666666668 0.20225925925925925 0.018796875000000077 0.06575925925925924
0 0.5815416666666666 0.8250833333333334 0.02897395833333339 0.060379629629629665
0 0.3286145833333334 0.4461851851851852 0.02049479166666662 0.06212037037037035
0 0.7607447916666668 0.08213888888888889 0.025802083333333316 0.0630925925925926
0 0.68359375 0.7139722222222222 0.03283854166666676 0.05170370370370363
0 0.5249010416666666 0.2105 0.029249999999999984 0.05240740740740743
0 0.4606927083333333 0.5160555555555556 0.025510416666666678 0.05319444444444449
0 0.8706041666666666 0.4479166666666667 0.02263020833333324 0.06488888888888887
0 0.481203125 0.6032962962962962 0.03540104166666668 0.03740740740740749
0 0.5922864583333334 0.2534722222222222 0.025468750000000047 0.04866666666666664
0 0.66015625 0.29535185185185187 0.023421874999999894 0.05935185185185187
0 0.4978020833333333 0.8198796296296297 0.03302083333333338 0.058055555555555596
0 0.6162135416666668 0.05870370370370371 0.019010416666666665 0.06428703703703705
0 0.31543229166666664 0.7313333333333334 0.03601041666666672 0.05121296296296291
0 0.6059583333333334 0.6358518518518519 0.035218749999999945 0.044675925925925924
0 0.392578125 0.2968796296296296 0.017244791666666613 0.06684259259259265
0 0.20934895833333333 0.6002592592592593 0.022463541666666663 0.06635185185185193
0 0.09417708333333333 0.4926203703703703 0.020645833333333325 0.06662037037037041
0 0.3264166666666667 0.3107685185185185 0.0390625 0.044842592592592545
0 0.6352552083333334 0.6263055555555556 0.018369791666666656 0.06760185185185184
0 0.3732916666666667 0.18250925925925926 0.03500520833333335 0.05642592592592592
0 0.6899427083333334 0.31792592592592595 0.036989583333333326 0.0371388888888889
0 0.720703125 0.4205740740740741 0.03567708333333333 0.035537037037037034
0 0.142578125 0.5837685185185185 0.03079166666666667 0.06813888888888882
0 0.5522447916666666 0.24935185185185185 0.030380208333333294 0.049888888888888885
0 0.5825208333333334 0.8715277777777778 0.028166666666666628 0.06119444444444437
0 0.4025885416666667 0.5816018518518519 0.036989583333333326 0.045111111111111137
0 0.11938541666666667 0.5052129629629629 0.03796354166666668 0.04961111111111104
0 0.5405260416666666 0.5451388888888888 0.018510416666666647 0.06559259259259252
0 0.244140625 0.7569444444444444 0.02680729166666668 0.060277777777777694
0 0.3439947916666667 0.7595462962962962 0.020140625000000037 0.06749074074074084
0 0.4829114583333334 0.37695370370370374 0.02474999999999999 0.06261111111111112
0 0.7875989583333334 0.2951388888888889 0.025270833333333322 0.059842592592592586
0 0.5185572916666666 0.505638888888889 0.02084374999999999 0.05170370370370363
0 0.47558854166666664 0.7022592592592594 0.02041666666666669 0.06119444444444437
0 0.53515625 0.5976574074074075 0.02161979166666672 0.06282407407407399
0 0.5825208333333334 0.4479166666666667 0.03540104166666656 0.042259259259259246
0 0.4162604166666667 0.6940092592592593 0.018124999999999978 0.0654814814814815
0 0.25293229166666664 0.4578981481481481 0.035218750000000035 0.058592592592592564
0 0.1755364583333333 0.588111111111111 0.03832812500000002 0.0419629629629629
0 0.7548854166666668 0.24001851851851855 0.020692708333333344 0.06749074074074073
0 0.151125 0.1946574074074074 0.036776041666666676 0.054444444444444455
0 0.15966666666666668 0.5052129629629629 0.024276041666666675 0.06586111111111105
0 0.5546875 0.12771296296296297 0.029416666666666678 0.05642592592592592
0 0.19177083333333333 0.712675925925926 0.03390625000000001 0.044759259259259186
0 0.5463854166666666 0.3652314814814815 0.020765624999999944 0.06711111111111112
0 0.12597916666666667 0.6848981481481482 0.02615104166666667 0.06613888888888894
0 0.8862291666666666 0.1893425925925926 0.023239583333333275 0.06813888888888892
0 0.9428697916666666 0.57075 0.03881770833333344 0.04359259259259252
0 0.3083489583333333 0.2656296296296296 0.03802604166666666 0.04163888888888891
0 0.33984375 0.3496111111111111 0.035947916666666656 0.03836111111111107
0 0.12854166666666667 0.4613703703703703 0.029479166666666678 0.06342592592592593
0 0.6606458333333334 0.1231574074074074 0.030854166666666554 0.05045370370370371
0 0.25879166666666664 0.6974814814814815 0.03149479166666668 0.06537962962962954
0 0.12292708333333335 0.38042592592592595 0.04193229166666668 0.03878703703703702
0 0.2797864583333334 0.7725740740740741 0.021119791666666644 0.0642870370370371
0 0.7412135416666668 0.6527777777777778 0.03555208333333345 0.04250925925925934
0 0.4643541666666666 0.1418148148148148 0.035890625000000044 0.04218518518518519
0 0.06384375 0.5989629629629629 0.025755208333333342 0.07194444444444449
0 0.11902083333333333 0.1854351851851852 0.033265624999999986 0.06684259259259259
0 0.4376979166666667 0.18566666666666667 0.03476041666666667 0.04877777777777778
0 0.5141614583333334 0.36957407407407405 0.029921875000000025 0.06613888888888894
0 0.5810572916666668 0.067 0.03079166666666661 0.046064814814814815
0 0.8041979166666666 0.4835092592592593 0.035947916666666656 0.0389537037037037
0 0.4299322916666667 0.7526018518518518 0.02801562499999998 0.053009259259259256
0 0.0755625 0.6731759259259259 0.028213541666666675 0.06450925925925932
0 0.1535625 0.26062962962962966 0.04025520833333331 0.059731481481481476
0 0.6796875 0.4631111111111112 0.031369791666666674 0.03705555555555559
0 0.693359375 0.08637037037037038 0.018984374999999904 0.06428703703703705
0 0.84765625 0.37760185185185186 0.024046875000000037 0.061194444444444475
0 0.12127604166666667 0.11599074074074074 0.03643749999999999 0.06462037037037037
0 0.9497083333333334 0.636287037037037 0.03540104166666656 0.04554629629629635
0 0.173828125 0.15700925925925927 0.03253125000000002 0.06309259259259258
0 0.7407239583333334 0.599824074074074 0.03656249999999991 0.035398148148148165
0 0.10778645833333332 0.34938888888888886 0.03979687499999998 0.03355555555555556
0 0.9638697916666668 0.5108518518518519 0.04098437500000003 0.045111111111111137
0 0.8510729166666666 0.4479166666666667 0.02418750000000003 0.06223148148148151
0 0.5239270833333334 0.6267407407407407 0.01640104166666667 0.06320370370370369
0 0.58984375 0.3546018518518519 0.018156250000000065 0.06879629629629626
0 0.7866197916666666 0.7460925925925925 0.026458333333333427 0.05924074074074076
0 0.3852552083333334 0.031842592592592596 0.03302083333333338 0.05251851851851852
0 0.03854166666666667 0.5620648148148147 0.037322916666666664 0.06488888888888882
0 0.09619270833333333 0.6297777777777778 0.04193229166666666 0.03878703703703713
0 0.16174479166666667 0.7400185185185185 0.03875520833333332 0.04147222222222219
0 0.9130885416666668 0.45399074074074075 0.03726041666666665 0.04432407407407408
0 0.4233385416666666 0.636287037037037 0.03759895833333336 0.03545370370370367
0 0.3334947916666666 0.16362962962962962 0.039124999999999945 0.044675925925925924
0 0.33301041666666664 0.03697222222222222 0.033265624999999945 0.0568611111111111
0 0.385984375 0.7847222222222222 0.03817708333333331 0.03545370370370367
0 0.5112291666666666 0.06646296296296296 0.03143229166666662 0.05083333333333334
0 0.3901354166666666 0.2341574074074074 0.03845312499999996 0.0542222222222222
0 0.09844791666666668 0.2541203703703704 0.040682291666666676 0.04641666666666666
0 0.09204166666666666 0.5416666666666666 0.04138020833333333 0.040064814814814796
0 0.599609375 0.5733518518518519 0.020250000000000056 0.056638888888888954
0 0.8266614583333334 0.5868055555555556 0.03347916666666677 0.05848148148148156
0 0.7172864583333334 0.10525 0.023604166666666752 0.0619074074074074
0 0.4809583333333334 0.3198796296296297 0.03634895833333331 0.04774074074074069
0 0.7265625 0.03749074074074075 0.017911458333333265 0.06342592592592593
0 0.2673333333333333 0.744361111111111 0.019088541666666684 0.06722222222222214
0 0.509765625 0.16623148148148148 0.03430208333333328 0.0448425925925926
0 0.7919947916666668 0.6827222222222222 0.029984375000000084 0.05576851851851854
0 0.7421875 0.34809259259259256 0.03811458333333325 0.038490740740740784
0 0.9458020833333334 0.3743518518518519 0.03573437500000007 0.05132407407407403
0 0.5278333333333334 0.02937962962962963 0.031312499999999945 0.05037037037037037
0 0.2927239583333333 0.8658888888888888 0.024229166666666656 0.07128703703703705
0 0.83203125 0.7039907407407406 0.02865624999999999 0.0551481481481481
0 0.17480729166666667 0.5412314814814815 0.026109374999999997 0.057398148148148156
0 0.921875 0.7916666666666666 0.028869791666666582 0.06152777777777782
0 0.7719739583333334 0.1582037037037037 0.03548958333333327 0.049314814814814804
0 0.6533229166666668 0.17100925925925925 0.031312499999999945 0.04475925925925929
0 0.13818229166666668 0.7638888888888888 0.03283854166666666 0.06787037037037033
0 0.744140625 0.04961111111111111 0.020692708333333344 0.06293518518518518
0 0.9174791666666666 0.6410555555555556 0.03607291666666678 0.04424074074074071
0 0.4724114583333333 0.06862962962962964 0.034421874999999956 0.03836111111111112
0 0.06536979166666666 0.5108518518518519 0.04016145833333332 0.05132407407407413
0 0.4548333333333333 0.029055555555555553 0.03817708333333331 0.041805555555555554
0 0.5673854166666668 0.7834166666666667 0.021406249999999953 0.06130555555555559
0 0.04968229166666667 0.3795555555555556 0.04177604166666667 0.04204629629629627
0 0.9692395833333334 0.06684259259259259 0.03228645833333322 0.05121296296296297
0 0.884765625 0.5915833333333333 0.039796874999999926 0.03836111111111117
0 0.8544947916666668 0.8016481481481481 0.029541666666666563 0.06223148148148151
0 0.6499010416666666 0.875 0.03283854166666676 0.04527777777777786
0 0.35644791666666664 0.823787037037037 0.027223958333333322 0.06060185185185189
0 0.2424322916666667 0.30424999999999996 0.03589062499999998 0.05260185185185191
0 0.8002916666666666 0.5768240740740741 0.03167708333333342 0.04969444444444451
0 0.029145833333333333 0.676212962962963 0.024749999999999998 0.07437962962962956
0 0.082703125 0.17653703703703702 0.027223958333333322 0.06684259259259259
0 0.8666979166666666 0.04598148148148148 0.023911458333333257 0.058055555555555555
0 0.796875 0.6384537037037037 0.038755208333333256 0.03518518518518519
0 0.08728125 0.7296018518518519 0.027526041666666678 0.06369444444444441
0 0.3828125 0.8242222222222222 0.03781249999999995 0.05015740740740748
0 0.032776041666666665 0.61675 0.03500520833333333 0.057620370370370384
0 0.876953125 0.37521296296296297 0.022463541666666722 0.06439814814814811
0 0.270265625 0.8090277777777778 0.034421874999999984 0.04123148148148146
0 0.2885729166666666 0.030759259259259257 0.02833333333333338 0.061416666666666654
0 0.9008802083333334 0.34505555555555556 0.03271354166666664 0.054527777777777765
0 0.8642604166666668 0.28255555555555556 0.026656249999999916 0.0602777777777778
0 0.9365260416666668 0.3055555555555556 0.022322916666666734 0.0629351851851852
0 0.9340833333333334 0.6805555555555556 0.03384375000000001 0.027537037037037044
0 0.20422395833333334 0.1557037037037037 0.044921875 0.0473888888888889
0 0.04968229166666667 0.7460925925925925 0.025864583333333333 0.06352777777777768
0 0.8100572916666666 0.1505 0.030562499999999916 0.05837962962962964
0 0.15979166666666667 0.8072962962962963 0.038697916666666644 0.0382777777777777
0 0.259765625 0.8472222222222222 0.04311979166666665 0.04831481481481487
0 0.8374010416666666 0.053518518518518514 0.02975520833333339 0.04996296296296297
0 0.9801614583333333 0.1875 0.03967187500000004 0.08772222222222223
0 0.8774427083333334 0.23785185185185184 0.024338541666666675 0.06526851851851853
0 0.9809583333333334 0.26172222222222224 0.03677604166666673 0.04649074074074078
0 0.9326197916666668 0.09581481481481482 0.025755208333333238 0.06711111111111111
0 0.8657239583333334 0.5516481481481481 0.03253125000000002 0.03857407407407415
0 0.19055208333333334 0.8554722222222222 0.026552083333333344 0.06369444444444441
0 0.147828125 0.8402777777777778 0.03811458333333332 0.05229629629629631
0 0.76171875 0.5234351851851852 0.028213541666666706 0.046064814814814815
0 0.6918958333333334 0.7621574074074075 0.03149479166666656 0.03900925925925936
0 0.9829114583333334 0.3767407407407407 0.031312499999999945 0.033092592592592604
0 0.5126979166666666 0.9088518518518518 0.025510416666666678 0.059731481481481476
0 0.05603125 0.46744444444444444 0.04046875000000001 0.04250925925925923
0 0.2731927083333333 0.08137962962962964 0.04107812499999997 0.037055555555555564
0 0.7524427083333334 0.8055555555555556 0.022031250000000096 0.06488888888888882
0 0.6694322916666666 0.9253518518518518 0.02116145833333339 0.057833333333333264
0 0.8427760416666668 0.8758703703703704 0.037901041666666656 0.046416666666666766
0 0.7749010416666666 0.855037037037037 0.02044791666666678 0.06352777777777768
0 0.015192708333333334 0.4743888888888889 0.029645833333333333 0.04212962962962963
0 0.8818385416666668 0.6974814814814815 0.039124999999999945 0.03719444444444451
0 0.9174791666666666 0.3164074074074074 0.020723958333333313 0.06016666666666668
0 0.8989270833333334 0.6775185185185185 0.03515625 0.05392592592592593
0 0.5190416666666666 0.8398425925925925 0.018906249999999975 0.07221296296296296
0 0.3500989583333334 0.08094444444444444 0.027010416666666613 0.044435185185185196
0 0.06476041666666667 0.8446203703703704 0.038114583333333334 0.05555555555555555
0 0.8466822916666668 0.09494444444444446 0.03125 0.04432407407407408
0 0.014953125000000001 0.5130185185185184 0.029708333333333337 0.038657407407407404
0 0.6889635416666666 0.9149351851851851 0.0225833333333334 0.06119444444444437
0 0.9326197916666668 0.2504351851851852 0.027265624999999953 0.043592592592592606
0 0.8486354166666668 0.3305092592592592 0.032468750000000074 0.03477777777777783
0 0.487546875 0.9296851851851852 0.024520833333333294 0.06271296296296298
0 0.09668229166666667 0.7799444444444444 0.04311979166666668 0.03954629629629633
0 0.02773958333333333 0.26952777777777776 0.038239583333333334 0.06862962962962964
0 0.87890625 0.09923148148148149 0.025421874999999972 0.0461388888888889
0 0.6943385416666668 0.020222222222222218 0.022078124999999935 0.040231481481481486
0 0.9301770833333334 0.15983333333333333 0.04068229166666673 0.04820370370370371
0 0.9565416666666666 0.3378888888888889 0.03661979166666664 0.03662037037037033
0 0.12805208333333334 0.8975740740740741 0.03854166666666667 0.03553703703703714
0 0.24511979166666667 0.9557314814814816 0.02493229166666667 0.06575925925925924
0 0.927734375 0.02937962962962963 0.04031250000000005 0.03643518518518519
0 0.04132291666666667 0.15646296296296294 0.04723958333333333 0.04266666666666665
0 0.013588541666666667 0.36024074074074075 0.02655208333333333 0.04299999999999995
0 0.13464583333333333 0.8619814814814816 0.03942708333333334 0.05772222222222215
0 0.9594739583333334 0.1275 0.020921875000000038 0.05330555555555555
0 0.5864270833333334 0.9539907407407406 0.018234375000000115 0.06813888888888892
0 0.015427083333333333 0.8216111111111112 0.030380208333333332 0.07128703703703705
0 0.5634791666666668 0.014333333333333333 0.021911458333333418 0.027629629629629626
0 0.9262708333333334 0.18641666666666667 0.03927604166666659 0.055259259259259265
0 0.26953125 0.9218796296296297 0.03817708333333331 0.04212962962962963
0 0.6298854166666668 0.36437037037037034 0.015671875000000075 0.04571296296296297
0 0.21496354166666667 0.020074074074074074 0.04001041666666663 0.03930555555555556
0 0.9765625 0.11577777777777779 0.022109374999999907 0.06037962962962964
0 0.09368749999999999 0.9340277777777778 0.03500520833333332 0.04408333333333335
0 0.9135729166666666 0.09673148148148147 0.023999999999999962 0.04502777777777777
0 0.09552083333333333 0.8958333333333334 0.0390625 0.04747222222222221
0 0.3354479166666666 0.9470462962962962 0.037109375 0.05007407407407401
0 0.46386979166666664 0.4635462962962963 0.016843749999999956 0.044592592592592614
0 0.9899947916666666 0.84375 0.020010416666666704 0.05772222222222215
0 0.6079114583333334 0.9496574074074076 0.02229166666666676 0.0651018518518518
0 0.2827135416666666 0.9696203703703704 0.041380208333333356 0.05064814814814809
0 0.2443854166666667 0.06813888888888889 0.021619791666666662 0.053111111111111116
0 0.426515625 0.8593796296296297 0.04247916666666664 0.05281481481481478
0 0.19189583333333332 0.9832222222222223 0.036562500000000026 0.03355555555555535
0 0.262453125 0.9838148148148148 0.03390625000000001 0.032361111111110945
0 0.143796875 0.980037037037037 0.02267708333333333 0.029490740740740658
0 0.06994791666666668 0.015194444444444448 0.04147395833333333 0.030194444444444444
0 0.10778645833333332 0.9817685185185184 0.023026041666666656 0.03425925925925926
0 0.44653125 0.980037037037037 0.04168749999999998 0.03136111111111101
0 0.8330104166666668 0.9782962962962962 0.029416666666666678 0.02297222222222217
0 0.5473645833333334 0.9710277777777778 0.037046875000000055 0.057944444444444375
0 0.18403124999999998 0.32687037037037037 0.029281250000000016 0.04896296296296296
0 0.21759374999999997 0.2906388888888889 0.017281249999999974 0.0581111111111111
0 0.21690104166666666 0.34140740740740744 0.03178124999999999 0.05794444444444448
0 0.20321875 0.36987962962962967 0.03381770833333331 0.030138888888888847
0 0.11818229166666665 0.42333333333333334 0.04250520833333333 0.041009259259259224
0 0.17166145833333332 0.4616481481481481 0.031880208333333354 0.05972222222222217
0 0.5346666666666666 0.9817685185185184 0.017302083333333287 0.03296296296296288
0 0.3049322916666667 0.422962962962963 0.022718749999999944 0.06412962962962962
0 0.29129166666666667 0.47053703703703703 0.041322916666666626 0.02862962962962959
0 0.27400520833333336 0.4188425925925926 0.03241666666666667 0.06812037037037032
0 0.41803125 0.09001851851851851 0.022916666666666665 0.037833333333333344
0 0.42839062499999997 0.12881481481481483 0.03359375 0.04257407407407408
0 0.40665104166666666 0.1973240740740741 0.029666666666666685 0.06267592592592593
0 0.46228125000000003 0.22753703703703704 0.03732291666666671 0.03714814814814815
0 0.496796875 0.12818518518518518 0.038536458333333336 0.03489814814814814
0 0.5047395833333334 0.31283333333333335 0.02617708333333333 0.05145370370370375
0 0.43706249999999996 0.5896296296296296 0.035947916666666656 0.06086111111111113
0 0.44869791666666664 0.6115370370370371 0.028375000000000008 0.02821296296296299
0 0.2769270833333334 0.6126203703703703 0.015031249999999947 0.027675925925926017
0 0.66978125 0.16128703703703703 0.019229166666666703 0.0518240740740741
0 0.7441145833333334 0.12916666666666668 0.025192708333333275 0.036861111111111115
0 0.9907239583333334 0.9809074074074076 0.018401041666666628 0.029055555555555657
0 0.8657239583333334 0.974824074074074 0.038328125000000074 0.04912962962962958
0 0.99375 0.33240740740740743 0.0125 0.06296296296296296
0 0.9911822916666666 0.21494444444444444 0.017635416666666733 0.035388888888888914
0 0.6729635416666666 0.012333333333333333 0.019151041666666656 0.024231481481481482
0 0.5993802083333333 0.013620370370370371 0.01640625 0.027240740740740742
0 0.703125 0.9756944444444444 0.018098958333333335 0.01937962962962948