0 0.761979 0.499074 0.031250 0.051852
0 0.233073 0.613426 0.032813 0.054630
0 0.506510 0.449537 0.034896 0.045370
0 0.380990 0.459259 0.032813 0.053704
0 0.314844 0.277315 0.024479 0.063889
0 0.488021 0.241667 0.025000 0.059259
0 0.603385 0.528241 0.034896 0.043519
0 0.624740 0.425926 0.025521 0.053704
0 0.749219 0.180093 0.023438 0.063889
0 0.832292 0.617130 0.032292 0.049074
0 0.488021 0.396759 0.027083 0.056481
0 0.368229 0.346759 0.033333 0.049074
0 0.283333 0.561574 0.029167 0.058333
0 0.511458 0.394907 0.030208 0.054630
0 0.491667 0.309722 0.030208 0.052778
0 0.419271 0.243519 0.020833 0.070370
0 0.822396 0.431481 0.034375 0.046296
0 0.689844 0.347222 0.024479 0.061111
0 0.757552 0.367130 0.030729 0.056481
0 0.560677 0.347685 0.030729 0.052778
0 0.804167 0.550926 0.028125 0.064815
0 0.608594 0.377778 0.024479 0.055556
0 0.116146 0.425463 0.031250 0.052778
0 0.397396 0.346296 0.023958 0.070370
0 0.352604 0.518519 0.035417 0.046296
0 0.516406 0.730556 0.027604 0.068519
0 0.302083 0.521759 0.027083 0.063889
0 0.452604 0.333333 0.018750 0.062963
0 0.780469 0.231481 0.033854 0.059259
0 0.927344 0.236111 0.020313 0.064815
0 0.307292 0.664352 0.035417 0.047222
0 0.231250 0.315278 0.036458 0.056481
0 0.564844 0.136574 0.020313 0.063889
0 0.327344 0.113889 0.026562 0.061111
0 0.411719 0.469444 0.030729 0.053704
0 0.615104 0.485648 0.034375 0.039815
0 0.758073 0.604630 0.026562 0.062963
0 0.863021 0.616204 0.025000 0.058333
0 0.539323 0.635648 0.028646 0.056481
0 0.705469 0.284722 0.031771 0.056481
0 0.736458 0.580093 0.022917 0.063889
0 0.659375 0.401389 0.023958 0.062037
0 0.527865 0.120833 0.025521 0.065741
0 0.803906 0.222685 0.021354 0.065741
0 0.693750 0.698611 0.035417 0.043519
0 0.562500 0.608796 0.023958 0.069444
0 0.968490 0.431944 0.031771 0.054630
0 0.720573 0.064352 0.019271 0.060185
0 0.839844 0.548611 0.021354 0.065741
0 0.684896 0.473611 0.032292 0.037963
0 0.423698 0.171296 0.027604 0.061111
0 0.732292 0.320370 0.023958 0.062963
0 0.823958 0.699537 0.030208 0.063889
0 0.247396 0.440741 0.035417 0.042593
0 0.664323 0.548148 0.032813 0.037037
0 0.223177 0.233333 0.022396 0.070370
0 0.268750 0.400463 0.035417 0.045370
0 0.658854 0.613426 0.026042 0.069444
0 0.561198 0.194444 0.026562 0.057407
0 0.915625 0.590278 0.021875 0.063889
0 0.371615 0.643056 0.035937 0.037963
0 0.662240 0.756944 0.025521 0.063889
0 0.415625 0.722685 0.026042 0.062037
0 0.915365 0.393519 0.030729 0.053704
0 0.534896 0.356481 0.021875 0.061111
0 0.066406 0.368519 0.033854 0.055556
0 0.719792 0.202778 0.017708 0.062963
0 0.782813 0.542593 0.022917 0.066667
0 0.173437 0.437963 0.028125 0.062963
0 0.740885 0.247685 0.027604 0.071296
0 0.919010 0.700000 0.023438 0.062963
0 0.843490 0.762500 0.021354 0.062037
0 0.714063 0.727315 0.033333 0.050926
0 0.739583 0.125926 0.026042 0.061111
0 0.911458 0.198148 0.030208 0.062963
0 0.264062 0.493981 0.037500 0.039815
0 0.225781 0.467593 0.034896 0.037037
0 0.493229 0.583333 0.025000 0.055556
0 0.907292 0.773148 0.025000 0.066667
0 0.862500 0.336111 0.036458 0.040741
0 0.231771 0.516204 0.021875 0.062037
0 0.905990 0.353704 0.023438 0.062963
0 0.452344 0.702778 0.020313 0.064815
0 0.622656 0.597222 0.033854 0.040741
0 0.463802 0.144444 0.034896 0.042593
0 0.174219 0.330093 0.025521 0.060185
0 0.635938 0.313889 0.034375 0.038889
0 0.325781 0.641204 0.035937 0.037963
0 0.395833 0.169444 0.029167 0.055556
0 0.787240 0.348148 0.035937 0.057407
0 0.774740 0.637963 0.021354 0.064815
0 0.948438 0.531481 0.026042 0.057407
0 0.349219 0.611111 0.033854 0.038889
0 0.796615 0.706019 0.033854 0.047222
0 0.720052 0.662963 0.032813 0.037037
0 0.402604 0.805556 0.035417 0.068519
0 0.459896 0.193056 0.036458 0.043519
0 0.386458 0.411111 0.036458 0.044444
0 0.432031 0.649074 0.023438 0.064815
0 0.444792 0.531019 0.038542 0.039815
0 0.349740 0.170833 0.032813 0.050926
0 0.789323 0.129630 0.036979 0.044444
0 0.147135 0.349074 0.036979 0.037037
0 0.864583 0.454630 0.036458 0.053704
0 0.709635 0.350926 0.018229 0.059259
0 0.604167 0.068981 0.017708 0.063889
0 0.111458 0.275926 0.027083 0.068519
0 0.555729 0.729630 0.028125 0.053704
0 0.182031 0.521759 0.024479 0.073148
0 0.900521 0.475000 0.037500 0.038889
0 0.881510 0.304630 0.032813 0.055556
0 0.588021 0.623611 0.020833 0.065741
0 0.321094 0.509722 0.018229 0.063889
0 0.384635 0.524537 0.038021 0.034259
0 0.189323 0.612037 0.035937 0.040741
0 0.855729 0.707407 0.031250 0.048148
0 0.479687 0.068981 0.027083 0.062037
0 0.952344 0.465741 0.035937 0.050000
0 0.898177 0.700000 0.021354 0.066667
0 0.946615 0.396759 0.034896 0.047222
0 0.274479 0.648611 0.032292 0.054630
0 0.948438 0.594444 0.034375 0.059259
0 0.359115 0.268056 0.032813 0.056481
0 0.250000 0.553704 0.036458 0.038889
0 0.978385 0.375463 0.038021 0.045370
0 0.880990 0.413889 0.036979 0.042593
0 0.437500 0.049074 0.023958 0.059259
0 0.188281 0.567130 0.036979 0.043519
0 0.259115 0.219907 0.023438 0.071296
0 0.669531 0.109259 0.033854 0.044444
0 0.065885 0.445833 0.033854 0.056481
0 0.251042 0.366204 0.037500 0.037963
0 0.285156 0.123611 0.027604 0.047222
0 0.739323 0.036111 0.020313 0.061111
0 0.786458 0.062037 0.038542 0.044444
0 0.173437 0.642593 0.034375 0.059259
0 0.415625 0.073611 0.033333 0.058333
0 0.903906 0.844444 0.029687 0.066667
0 0.880990 0.699074 0.022396 0.064815
0 0.162240 0.549074 0.036979 0.040741
0 0.756771 0.764352 0.028125 0.069444
0 0.308594 0.204167 0.025521 0.076852
0 0.941927 0.714815 0.023438 0.066667
0 0.901563 0.443519 0.036458 0.037037
0 0.926562 0.541667 0.022917 0.059259
0 0.155469 0.683333 0.030729 0.062963
0 0.933333 0.496759 0.036458 0.039815
0 0.839063 0.088889 0.038542 0.044444
0 0.467969 0.757870 0.023438 0.080556
0 0.101302 0.190278 0.031771 0.062037
0 0.270052 0.069907 0.040104 0.037963
0 0.978125 0.599537 0.031250 0.062037
0 0.341146 0.237037 0.040625 0.046296
0 0.679948 0.827315 0.035937 0.058333
0 0.984635 0.308333 0.030729 0.046296
0 0.405990 0.671296 0.024479 0.051852
0 0.120573 0.726852 0.035937 0.059259
0 0.883073 0.099074 0.031771 0.044444
0 0.187500 0.762500 0.036458 0.071296
0 0.256250 0.655093 0.019792 0.069444
0 0.351302 0.050463 0.034896 0.045370
0 0.200781 0.688889 0.024479 0.077778
0 0.664323 0.216667 0.031771 0.046296
0 0.855208 0.229630 0.032292 0.059259
0 0.085938 0.523611 0.044792 0.039815
0 0.833854 0.055093 0.037500 0.036111
0 0.128906 0.151389 0.026562 0.065741
0 0.830990 0.822685 0.020313 0.063889
0 0.655990 0.834259 0.023438 0.051852
0 0.865104 0.176852 0.041667 0.042593
0 0.073177 0.823611 0.038021 0.039815
0 0.817187 0.880556 0.023958 0.062963
0 0.060677 0.750926 0.040104 0.050000
0 0.253646 0.153704 0.038542 0.037037
0 0.841667 0.878241 0.033333 0.065741
0 0.165365 0.289352 0.040104 0.047222
0 0.645833 0.796296 0.035417 0.038889
0 0.976823 0.270833 0.039062 0.039815
0 0.103125 0.775000 0.039583 0.061111
0 0.793750 0.300926 0.041667 0.038889
0 0.129167 0.795370 0.023958 0.064815
0 0.975781 0.118056 0.028646 0.062037
0 0.841406 0.271759 0.022396 0.049074
0 0.113021 0.615741 0.038542 0.040741
0 0.362240 0.775463 0.041146 0.047222
0 0.714063 0.018981 0.025000 0.036111
0 0.851823 0.021296 0.038021 0.033333
0 0.901563 0.069444 0.025000 0.046296
0 0.293490 0.817130 0.030729 0.065741
0 0.057813 0.294444 0.034375 0.070370
0 0.091667 0.127315 0.029167 0.063889
0 0.094010 0.472222 0.027604 0.035185
0 0.701042 0.875926 0.034375 0.050000
0 0.363021 0.847685 0.035417 0.050926
0 0.606510 0.900926 0.033854 0.053704
0 0.490625 0.899537 0.034375 0.054630
0 0.233854 0.712500 0.025000 0.078704
0 0.346354 0.445370 0.016667 0.038889
0 0.045312 0.628241 0.025000 0.067593
0 0.020052 0.241667 0.034896 0.031481
0 0.578385 0.719907 0.028646 0.047222
0 0.150521 0.117593 0.044792 0.040741
0 0.083333 0.862037 0.019792 0.055556
0 0.414323 0.598611 0.048438 0.063889
0 0.153125 0.902315 0.023958 0.056481
0 0.985938 0.227315 0.027083 0.047222
0 0.917708 0.028241 0.041667 0.037963
0 0.658073 0.918056 0.030729 0.063889
0 0.233333 0.824074 0.031250 0.057407
0 0.028385 0.670370 0.026562 0.064815
0 0.328125 0.827315 0.045833 0.080556
0 0.710677 0.946759 0.026562 0.060185
0 0.937240 0.925000 0.021354 0.064815
0 0.408854 0.927315 0.031250 0.069444
0 0.994531 0.714352 0.009896 0.050926
0 0.909115 0.949537 0.038021 0.063889
0 0.817187 0.014815 0.022917 0.027778
0 0.903646 0.898148 0.038542 0.040741
0 0.007292 0.306944 0.013542 0.065741
0 0.451823 0.936111 0.023438 0.055556
0 0.041146 0.206944 0.025000 0.037963
0 0.875781 0.955093 0.020313 0.067593
0 0.219271 0.952778 0.021875 0.072222
0 0.803385 0.016204 0.026562 0.030556
0 0.268750 0.784259 0.020833 0.031481
0 0.010156 0.871296 0.019271 0.061111
0 0.451823 0.885185 0.040104 0.046296
0 0.161979 0.010185 0.015625 0.018519
0 0.006250 0.116204 0.011458 0.043519
0 0.525000 0.945833 0.036458 0.056481
0 0.795573 0.934259 0.033854 0.050000
0 0.964583 0.935185 0.035417 0.046296
0 0.930990 0.976389 0.029687 0.036111
0 0.022656 0.933333 0.038021 0.046296
0 0.982292 0.875000 0.033333 0.042593
0 0.832292 0.967593 0.023958 0.050000
0 0.960677 0.973148 0.023438 0.033333
0 0.544792 0.437963 0.018750 0.038889
0 0.039062 0.978241 0.066667 0.037963
0 0.238021 0.968519 0.031250 0.048148
0 0.358854 0.964815 0.041667 0.057407
0 0.552604 0.968519 0.048958 0.051852
0 0.608073 0.972685 0.031771 0.050926
0 0.669010 0.974537 0.044271 0.047222
0 0.633073 0.970833 0.023438 0.052778
0 0.977865 0.976852 0.035937 0.020370
0 0.092969 0.962963 0.019271 0.012963
0 0.384115 0.555093 0.016146 0.047222
0 0.354167 0.112037 0.027083 0.062963
0 0.443229 0.579167 0.041667 0.049074
0 0.248698 0.519907 0.020313 0.032407
0 0.473958 0.563426 0.026042 0.080556
0 0.389583 0.118056 0.031250 0.047222
0 0.412500 0.111111 0.036458 0.051852
0 0.388802 0.068981 0.032813 0.049074
0 0.507292 0.160648 0.017708 0.076852
0 0.525521 0.186574 0.013542 0.028704
0 0.534896 0.225926 0.022917 0.057407
0 0.549740 0.234722 0.011979 0.030556
0 0.581510 0.249537 0.029687 0.056481
0 0.615365 0.247222 0.028646 0.046296
0 0.606771 0.296759 0.028125 0.069444
0 0.651823 0.264815 0.039062 0.061111
0 0.589844 0.130093 0.028646 0.054630
0 0.625260 0.136574 0.030729 0.065741
0 0.639844 0.116667 0.021354 0.057407
0 0.660677 0.168519 0.032813 0.062963
0 0.634896 0.202315 0.022917 0.075000
0 0.757292 0.014352 0.014583 0.026852
0 0.348698 0.213426 0.039062 0.045370
0 0.685156 0.611574 0.021354 0.075000
0 0.643750 0.418519 0.018750 0.083333
0 0.913021 0.315278 0.033333 0.058333
0 0.915625 0.279167 0.028125 0.045370
0 0.882812 0.621296 0.033333 0.062963
0 0.905469 0.633796 0.032813 0.052778
0 0.748698 0.262037 0.024479 0.033333
