0 0.5502916666666666 0.4778611111111111 0.027265624999999953 0.05935185185185182
0 0.16711458333333334 0.787324074074074 0.03149479166666668 0.06087037037037038
0 0.71875 0.5611944444444444 0.026963541666666656 0.055990740740740765
0 0.7763697916666668 0.5659722222222222 0.03567708333333333 0.04988888888888899
0 0.349609375 0.6210925925925925 0.024796874999999947 0.06282407407407399
0 0.7861354166666668 0.465712962962963 0.0343020833333334 0.04801851851851848
0 0.71875 0.7018240740740741 0.03173958333333336 0.06076851851851862
0 0.513671875 0.43771296296296297 0.033203125 0.03726851851851852
0 0.6020520833333334 0.33246296296296296 0.018984374999999904 0.0658611111111111
0 0.1615 0.36024074074074075 0.020890625000000006 0.06836111111111115
0 0.193359375 0.8138055555555556 0.02680729166666668 0.061685185185185294
0 0.3044427083333333 0.40473148148148147 0.024885416666666653 0.06477777777777781
0 0.5932604166666666 0.5182314814814816 0.02747916666666678 0.06152777777777782
0 0.155640625 0.4279537037037037 0.02844270833333334 0.059953703703703703
0 0.6391614583333334 0.31923148148148145 0.020963541666666665 0.06787037037037033
0 0.3852552083333334 0.4010462962962963 0.02442708333333338 0.0614166666666667
0 0.6586927083333334 0.22895370370370374 0.02056770833333322 0.06412962962962965
0 0.46582291666666664 0.7773425925925925 0.02801562499999998 0.05555555555555555
0 0.51171875 0.2888425925925926 0.022109375000000025 0.0640185185185185
0 0.23913541666666666 0.4411851851851852 0.025666666666666654 0.06076851851851851
0 0.7094739583333334 0.6141481481481481 0.033083333333333326 0.03993518518518529
0 0.116578125 0.3524351851851852 0.02276562499999999 0.06862962962962964
0 0.7802760416666668 0.3396296296296296 0.026260416666666706 0.07020370370370375
0 0.56640625 0.29730555555555555 0.03161458333333324 0.04571296296296297
0 0.38574479166666664 0.6718796296296297 0.03338541666666662 0.04622222222222229
0 0.16650520833333332 0.8515648148148148 0.03396354166666669 0.04695370370370374
0 0.8662135416666668 0.4752592592592592 0.027953125000000037 0.0588148148148148
0 0.49121354166666664 0.738712962962963 0.030442708333333356 0.06390740740740739
0 0.830078125 0.5855 0.027588541666666563 0.06488888888888882
0 0.4375 0.4756944444444444 0.02752604166666662 0.05576851851851854
0 0.6752916666666666 0.582462962962963 0.02052083333333338 0.06342592592592593
0 0.41528125 0.35959259259259263 0.03494270833333329 0.04093518518518522
0 0.3811041666666667 0.7903611111111112 0.03143229166666662 0.06212037037037029
0 0.1838385416666667 0.4683148148148148 0.026307291666666663 0.06597222222222222
0 0.3557135416666667 0.5785555555555556 0.0327760416666667 0.05351851851851848
0 0.289796875 0.5616296296296296 0.03854166666666667 0.04315740740740732
0 0.7192395833333334 0.7821203703703704 0.023104166666666735 0.060379629629629665
0 0.0910625 0.34938888888888886 0.02177604166666667 0.06813888888888892
0 0.43359375 0.5724814814814815 0.024473958333333337 0.060055555555555466
0 0.17846875 0.5355925925925926 0.022536458333333325 0.060379629629629665
0 0.382078125 0.3259537037037037 0.03372395833333333 0.055472222222222194
0 0.521484375 0.11122222222222222 0.025130208333333334 0.06700000000000002
0 0.6206041666666666 0.5768240740740741 0.02606249999999998 0.06309259259259269
0 0.5493177083333334 0.37000925925925926 0.017182291666666554 0.06673148148148142
0 0.09368749999999999 0.2424074074074074 0.03253124999999999 0.059027777777777776
0 0.40234375 0.7934074074074075 0.026854166666666637 0.05162037037037037
0 0.7099635416666668 0.4238240740740741 0.025864583333333257 0.06098148148148149
0 0.5810572916666668 0.1998703703703704 0.017776041666666725 0.06879629629629631
0 0.6479479166666666 0.5859351851851852 0.020598958333333427 0.06282407407407399
0 0.266359375 0.6002592592592593 0.03521875 0.054120370370370416
0 0.6875 0.5390648148148148 0.02619791666666676 0.05826851851851858
0 0.4790052083333334 0.6032962962962962 0.03396354166666669 0.05555555555555555
0 0.4780260416666666 0.43186111111111114 0.018906249999999975 0.06412962962962962
0 0.14050520833333333 0.755638888888889 0.021406250000000012 0.07031481481481487
0 0.3344739583333334 0.056527777777777774 0.025375000000000016 0.06597222222222222
0 0.281984375 0.4787314814814815 0.03881770833333332 0.03553703703703708
0 0.1560052083333333 0.5078148148148148 0.02279687499999999 0.062611111111111
0 0.8090833333333334 0.6080740740740741 0.041322916666666744 0.03976851851851856
0 0.2749010416666666 0.4327222222222222 0.03738541666666665 0.04641666666666666
0 0.6303697916666666 0.2061666666666667 0.019942708333333316 0.06331481481481484
0 0.8315416666666666 0.5169259259259259 0.021010416666666743 0.059731481481481476
0 0.2563489583333333 0.5334166666666667 0.036833333333333315 0.04492592592592591
0 0.5400416666666668 0.5434074074074075 0.018479166666666675 0.06119444444444437
0 0.11633333333333334 0.7608518518518519 0.023911458333333316 0.07031481481481487
0 0.9155260416666666 0.599824074074074 0.031984374999999926 0.055666666666666566
0 0.5859375 0.34114814814814814 0.019010416666666665 0.06737962962962961
0 0.7739270833333334 0.9053796296296296 0.023375000000000055 0.05642592592592598
0 0.759765625 0.08105555555555556 0.026656249999999916 0.06760185185185187
0 0.3315416666666666 0.4973981481481482 0.03759895833333336 0.04695370370370374
0 0.283203125 0.2853703703703704 0.03649999999999999 0.057509259259259274
0 0.7172864583333334 0.8888888888888888 0.01942187499999998 0.059731481481481476
0 0.06854166666666667 0.4782962962962962 0.03125 0.06261111111111106
0 0.7622083333333334 0.8563333333333334 0.04061979166666655 0.04218518518518514
0 0.7534166666666666 0.6132777777777778 0.04122916666666659 0.03260185185185189
0 0.453859375 0.0702037037037037 0.033265624999999945 0.052
0 0.5263697916666666 0.6271666666666667 0.018984375000000022 0.06722222222222214
0 0.6494166666666668 0.16135185185185183 0.02908333333333341 0.061194444444444475
0 0.249390625 0.08881481481481482 0.02493229166666667 0.059027777777777776
0 0.4118645833333333 0.4544259259259259 0.029250000000000043 0.037759259259259235
0 0.6635729166666666 0.8680555555555556 0.03384375000000001 0.04613888888888882
0 0.22351041666666666 0.41645370370370366 0.027848958333333347 0.0654814814814815
0 0.9702135416666666 0.6749166666666666 0.03185937500000004 0.057944444444444375
0 0.6171875 0.04657407407407407 0.03216666666666678 0.052222222222222225
0 0.71875 0.2621574074074074 0.03347916666666677 0.0371388888888889
0 0.88671875 0.19271296296296295 0.025130208333333334 0.06597222222222222
0 0.755859375 0.24110185185185184 0.025802083333333316 0.07166666666666664
0 0.6293958333333334 0.6336851851851851 0.027437499999999913 0.06119444444444437
0 0.09771875000000001 0.4804722222222222 0.028380208333333337 0.06412962962962962
0 0.029817708333333335 0.6831574074074074 0.027114583333333334 0.07139814814814806
0 0.919921875 0.7964444444444444 0.03149479166666656 0.0544444444444444
0 0.7666041666666668 0.3669722222222222 0.01861458333333322 0.06927777777777783
0 0.8979479166666666 0.6679722222222222 0.03747395833333324 0.033796296296296297
0 0.48926041666666664 0.662324074074074 0.017854166666666654 0.06879629629629626
0 0.4018541666666666 0.1722037037037037 0.039796875000000044 0.0396851851851852
0 0.028973958333333334 0.6141481481481481 0.025328125000000003 0.06749074074074084
0 0.560546875 0.22916666666666666 0.032468750000000074 0.04785185185185183
0 0.059661458333333334 0.7304722222222222 0.02615104166666667 0.07166666666666675
0 0.4184583333333334 0.08045370370370371 0.033203125 0.0524074074074074
0 0.33886979166666664 0.7421851851851852 0.03384375000000001 0.04885185185185184
0 0.751953125 0.8029537037037038 0.022843750000000065 0.06798148148148155
0 0.12927083333333333 0.4652777777777778 0.036619791666666686 0.05074999999999995
0 0.7612291666666666 0.5221388888888888 0.028932291666666762 0.04961111111111104
0 0.8569322916666666 0.7309074074074075 0.025130208333333334 0.06412962962962962
0 0.4125989583333334 0.6128518518518519 0.03628645833333337 0.038435185185185176
0 0.9682604166666666 0.5533888888888888 0.026411458333333353 0.0651018518518518
0 0.029203125 0.7534722222222222 0.030625 0.06488888888888882
0 0.57421875 0.3906296296296296 0.03021354166666678 0.040064814814814796
0 0.6870104166666666 0.4518240740740741 0.03548958333333327 0.04300000000000005
0 0.21996875 0.33137962962962964 0.030854166666666672 0.06190740740740742
0 0.8798854166666668 0.36674999999999996 0.027328124999999894 0.06076851851851851
0 0.123046875 0.39799999999999996 0.03607291666666666 0.03361111111111107
0 0.16101041666666666 0.7022592592592594 0.03811458333333337 0.05382407407407418
0 0.4689947916666667 0.6766481481481481 0.019239583333333362 0.06439814814814811
0 0.7021510416666668 0.041879629629629635 0.027953125000000037 0.06027777777777777
0 0.12115625000000001 0.2773425925925926 0.028546874999999985 0.05794444444444448
0 0.32421875 0.07139814814814814 0.023468749999999972 0.054009259259259264
0 0.188234375 0.37695370370370374 0.0375989583333333 0.04847222222222224
0 0.9155260416666666 0.4822037037037037 0.03469791666666661 0.05150925925925931
0 0.8837916666666668 0.6966111111111112 0.03881770833333344 0.036074074074074106
0 0.4165052083333334 0.707462962962963 0.01953125 0.06282407407407399
0 0.923828125 0.1903240740740741 0.025864583333333257 0.06944444444444445
0 0.5991197916666666 0.9010462962962963 0.03143229166666662 0.05083333333333342
0 0.24511979166666667 0.8077222222222222 0.03622395833333331 0.045712962962962865
0 0.09979166666666667 0.16243518518518518 0.026109374999999997 0.07031481481481482
0 0.07641666666666666 0.5859351851851852 0.035734375000000006 0.062333333333333275
0 0.042328125 0.5169259259259259 0.02241666666666666 0.06917592592592596
0 0.65234375 0.90625 0.018906250000000093 0.06109259259259261
0 0.74609375 0.03691666666666667 0.028062500000000056 0.06537962962962963
0 0.370359375 0.10644444444444444 0.03854166666666667 0.03439814814814816
0 0.3627916666666666 0.7526018518518518 0.03601041666666672 0.04484259259259265
0 0.455078125 0.5460092592592594 0.017380208333333275 0.05270370370370377
0 0.257078125 0.24305555555555555 0.037046875 0.04123148148148146
0 0.849609375 0.38215740740740745 0.03173958333333336 0.05837962962962959
0 0.20788541666666666 0.602 0.022890625000000022 0.06825000000000003
0 0.1462395833333333 0.6423611111111112 0.021817708333333328 0.06380555555555563
0 0.10052604166666666 0.8172777777777778 0.023697916666666666 0.06862962962962973
0 0.4313958333333333 0.7478333333333333 0.016984374999999947 0.06109259259259261
0 0.19286979166666668 0.29253703703703704 0.04031249999999999 0.04502777777777777
0 0.3151875 0.7209166666666667 0.04037499999999999 0.037351851851851775
0 0.869140625 0.2703981481481481 0.03942708333333324 0.048666666666666615
0 0.123046875 0.6059074074074075 0.028932291666666658 0.06737962962962961
0 0.15051041666666667 0.12055555555555554 0.026307291666666663 0.0769351851851852
0 0.865234375 0.04342592592592592 0.02488541666666677 0.057296296296296303
0 0.085265625 0.30035185185185187 0.03643749999999999 0.05121296296296291
0 0.9360364583333334 0.3085925925925926 0.025270833333333322 0.055990740740740765
0 0.046906250000000003 0.4299074074074074 0.0468125 0.04587037037037034
0 0.8061510416666666 0.6744814814814816 0.024994791666666554 0.06559259259259252
0 0.33471875 0.43837037037037035 0.03488020833333335 0.06076851851851851
0 0.58203125 0.7287314814814815 0.037901041666666656 0.04847222222222214
0 0.266359375 0.8645833333333334 0.02346875000000003 0.06711111111111112
0 0.8916041666666668 0.14203703703703704 0.027177083333333248 0.06342592592592593
0 0.4040520833333333 0.13194444444444445 0.041380208333333356 0.03749074074074075
0 0.349609375 0.28906481481481483 0.04477083333333335 0.04000925925925929
0 0.07067708333333332 0.5221388888888888 0.03521875 0.054120370370370416
0 0.05822916666666666 0.6636296296296297 0.04247916666666666 0.03857407407407415
0 0.6821302083333334 0.9149351851851851 0.021010416666666743 0.057074074074074166
0 0.11029166666666666 0.09439814814814813 0.03970312500000001 0.05474074074074073
0 0.16455208333333332 0.5967870370370371 0.029312499999999984 0.061907407407407314
0 0.19677604166666668 0.2536851851851852 0.03933854166666665 0.04408333333333335
0 0.7724635416666668 0.15928703703703703 0.03634895833333331 0.05075
0 0.11736979166666667 0.5151944444444444 0.042723958333333346 0.04598148148148156
0 0.09136979166666667 0.10585185185185185 0.03408854166666666 0.06331481481481481
0 0.8481458333333334 0.4613703703703703 0.023239583333333275 0.06087037037037038
0 0.599609375 0.5772592592592594 0.021744791666666666 0.053305555555555495
0 0.8305677083333334 0.22916666666666666 0.03683333333333323 0.0402314814814815
0 0.13903645833333333 0.062120370370370374 0.04009895833333334 0.045435185185185176
0 0.06719791666666668 0.8450555555555556 0.038328125 0.048777777777777837
0 0.19421354166666666 0.15516666666666667 0.026505208333333325 0.07286111111111111
0 0.1423333333333333 0.26020370370370366 0.027692708333333326 0.07085185185185183
0 0.06952083333333332 0.1618888888888889 0.028593749999999994 0.07128703703703705
0 0.8349635416666668 0.09923148148148148 0.02571354166666661 0.06613888888888889
0 0.9711927083333334 0.3496111111111111 0.03179687500000009 0.058055555555555596
0 0.037203125000000004 0.471787037037037 0.045015625000000004 0.03684259259259256
0 0.24450520833333333 0.849388888888889 0.04153645833333333 0.05962037037037046
0 0.29809375 0.12912037037037036 0.039796875000000044 0.04391666666666667
0 0.28784375 0.030194444444444444 0.028380208333333337 0.05870370370370371
0 0.8911145833333334 0.3326851851851852 0.03253125000000002 0.04858333333333336
0 0.27441666666666664 0.08121296296296296 0.03891145833333335 0.04283333333333333
0 0.6674791666666666 0.9392407407407407 0.021776041666666638 0.05686111111111119
0 0.112609375 0.5668425925925926 0.03854166666666667 0.04969444444444451
0 0.8427760416666668 0.039009259259259264 0.02198958333333323 0.05924074074074075
0 0.3833020833333334 0.030083333333333333 0.033322916666666674 0.048777777777777774
0 0.147703125 0.3194444444444444 0.022843750000000006 0.05663888888888885
0 0.453859375 0.42577777777777776 0.022677083333333313 0.07139814814814816
0 0.8432604166666666 0.29774074074074075 0.043703124999999926 0.039092592592592616
0 0.7255885416666668 0.042509259259259254 0.019838541666666744 0.06109259259259261
0 0.96875 0.20898148148148146 0.029416666666666678 0.05924074074074076
0 0.21863020833333333 0.8763055555555556 0.026609375000000015 0.0551481481481481
0 0.5244166666666666 0.030546296296296297 0.03817708333333331 0.04703703703703704
0 0.9460416666666667 0.17444444444444446 0.02493229166666661 0.06331481481481481
0 0.052520833333333336 0.22211111111111112 0.04037499999999999 0.051509259259259255
0 0.9404322916666668 0.0720462962962963 0.03948958333333342 0.03819444444444445
0 0.24169791666666668 0.8975740740740741 0.022630208333333356 0.05750925925925917
0 0.6245104166666666 0.9409722222222222 0.020645833333333266 0.0526018518518518
0 0.2690416666666666 0.7356759259259259 0.025328125000000028 0.06917592592592596
0 0.8662135416666668 0.10899074074074074 0.025223958333333248 0.06798148148148148
0 0.09515625 0.8906296296296297 0.025802083333333344 0.0625
0 0.6635729166666666 0.4236111111111111 0.02052083333333338 0.050833333333333314
0 0.8481458333333334 0.3305092592592592 0.035947916666666656 0.04350925925925927
0 0.017989583333333337 0.4420555555555556 0.032468750000000005 0.04571296296296297
0 0.677734375 0.034583333333333334 0.024140624999999954 0.04006481481481481
0 0.8940416666666666 0.04031481481481481 0.032229166666666725 0.053009259259259256
0 0.978515625 0.07752777777777778 0.04092187500000009 0.040009259259259265
0 0.8627916666666666 0.9097222222222222 0.03781249999999995 0.03425925925925926
0 0.9321302083333334 0.2506481481481481 0.027010416666666735 0.04793518518518517
0 0.3439947916666667 0.022009259259259256 0.036989583333333326 0.043833333333333335
0 0.03985416666666666 0.84375 0.024093749999999994 0.06798148148148155
0 0.927734375 0.031490740740740736 0.03759895833333336 0.040231481481481486
0 0.4958489583333333 0.4843796296296296 0.024385416666666635 0.04383333333333331
0 0.271484375 0.024425925925925924 0.027479166666666662 0.04847222222222222
0 0.7392604166666668 0.34375 0.044187500000000074 0.04695370370370374
0 0.24621354166666667 0.02538888888888889 0.025510416666666678 0.05037037037037038
0 0.51953125 0.5034722222222222 0.019682291666666647 0.044759259259259186
0 0.5927760416666668 0.01836111111111111 0.019453124999999953 0.03518518518518519
0 0.9658229166666668 0.11902777777777779 0.03573437500000007 0.048314814814814824
0 0.29296875 0.8923611111111112 0.04345833333333336 0.057620370370370384
0 0.128296875 0.024064814814814813 0.03869791666666667 0.04432407407407407
0 0.116578125 0.931425925925926 0.03869791666666667 0.04023148148148142
0 0.013739583333333331 0.3532962962962963 0.027067708333333333 0.0434259259259259
0 0.4372552083333333 0.852 0.03234895833333328 0.06179629629629631
0 0.990453125 0.7482685185185185 0.019093749999999923 0.03656481481481482
0 0.7065416666666666 0.9557314814814816 0.032041666666666656 0.03198148148148145
0 0.744140625 0.13562962962962963 0.027635416666666638 0.04283333333333333
0 0.9135729166666666 0.09098148148148148 0.021010416666666743 0.03968518518518517
0 0.9841145833333333 0.8511296296296297 0.03177083333333333 0.0572962962962964
0 0.158203125 0.9357685185185185 0.033203125 0.036351851851851844
0 0.1872552083333333 0.9470462962962962 0.037046875 0.051916666666666715
0 0.016098958333333333 0.02700925925925926 0.031203124999999998 0.052703703703703704
0 0.06903125 0.01199074074074074 0.033140625 0.02397222222222222
0 0.28515625 0.9709722222222223 0.03448437500000002 0.05805555555555549
0 0.7016614583333334 0.3049074074074074 0.021286458333333275 0.046138888888888924
0 0.07861458333333333 0.9383703703703704 0.03167708333333333 0.042259259259259246
0 0.05389583333333334 0.8736944444444444 0.04016145833333332 0.0526018518518518
0 0.010567708333333333 0.23567592592592596 0.02049479166666667 0.038435185185185204
0 0.45215104166666664 0.9322962962962962 0.035890625000000044 0.04527777777777776
0 0.3747552083333333 0.9479166666666666 0.03896874999999997 0.050370370370370454
0 0.11859375 0.9696203703703704 0.04257291666666667 0.04695370370370374
0 0.5327135416666666 0.9830092592592593 0.024276041666666675 0.03397222222222227
0 0.2612291666666667 0.9776111111111111 0.02747916666666669 0.04476851851851844
0 0.7563489583333334 0.7204907407407407 0.016020833333333446 0.023870370370370344
0 0.5698229166666666 0.973962962962963 0.03283854166666676 0.04912962962962958
0 0.24709895833333334 0.37896296296296295 0.03987500000000003 0.04579629629629633
0 0.18705729166666665 0.3330925925925926 0.03881249999999999 0.04062962962962963
0 0.23091145833333335 0.3483703703703704 0.035479166666666666 0.04913888888888893
0 0.3151510416666667 0.3467037037037037 0.021229166666666664 0.06784259259259258
0 0.3401510416666667 0.3603425925925926 0.025390625 0.06499074074074068
0 0.35969270833333333 0.3673240740740741 0.022406249999999992 0.06777777777777783
0 0.42927604166666666 0.3067962962962963 0.022171874999999966 0.06393518518518514
0 0.14161458333333332 0.5736574074074073 0.02139062500000001 0.06631481481481472
0 0.24824479166666666 0.9691018518518519 0.026307291666666663 0.028268518518518703
0 0.4116197916666666 0.9791666666666666 0.03079166666666661 0.03993518518518529
0 0.4558125 0.974824074074074 0.032229166666666725 0.045435185185185335
0 0.5004895833333334 0.9816574074074075 0.04061979166666667 0.036685185185185085
0 0.6455104166666668 0.973962962962963 0.04296875 0.05007407407407401
0 0.7856458333333334 0.9756944444444444 0.014281250000000039 0.01821296296296303
0 0.4307447916666666 0.3998611111111111 0.035161458333333326 0.030157407407407452
0 0.45745312499999996 0.3675555555555555 0.04336458333333333 0.034759259259259226
0 0.46084895833333334 0.31722222222222224 0.03696875000000001 0.05240740740740743
0 0.45274479166666665 0.26837962962962963 0.03708333333333336 0.0356574074074074
0 0.4459739583333333 0.23535185185185187 0.027942708333333382 0.02821296296296299
0 0.4793125 0.23744444444444443 0.02994270833333334 0.06588888888888886
0 0.4380833333333333 0.18856481481481482 0.03351562499999995 0.05967592592592592
0 0.44203125000000004 0.1559537037037037 0.033869791666666656 0.055833333333333346
0 0.46159374999999997 0.1506111111111111 0.03280729166666667 0.05185185185185185
0 0.457078125 0.11210185185185184 0.03947916666666664 0.028407407407407412
0 0.5008541666666667 0.0695462962962963 0.019031249999999982 0.060509259259259256
0 0.46979166666666666 0.07502777777777778 0.020328124999999985 0.044675925925925924
0 0.4951458333333333 0.13683333333333333 0.033984375 0.035462962962962974
0 0.5533281250000001 0.17876851851851852 0.034182291666666725 0.04788888888888891
0 0.5107239583333334 0.23908333333333331 0.03186458333333337 0.05353703703703706
0 0.9743645833333333 0.13894444444444445 0.019869791666666713 0.04137962962962963
0 0.9905520833333333 0.1248425925925926 0.01889062499999999 0.0434074074074074
0 0.9890833333333333 0.23901851851851852 0.02183333333333337 0.04618518518518518
0 0.9954583333333333 0.35464814814814816 0.009078124999999914 0.0518611111111111
0 0.9886822916666667 0.78175 0.022635416666666686 0.029574074074074124
0 0.4091302083333333 0.6623055555555555 0.03615104166666671 0.044740740740740685
0 0.43074999999999997 0.6595462962962962 0.03681770833333336 0.05183333333333335
0 0.45060416666666664 0.6278055555555555 0.030385416666666623 0.0577499999999999
0 0.5230312500000001 0.20874074074074073 0.038072916666666616 0.05049074074074072
0 0.9884375 0.28918518518518516 0.022744791666666705 0.059740740740740726
0 0.6025416666666668 0.980037037037037 0.021453125000000028 0.036157407407407575
0 0.889765625 0.4818425925925926 0.0214114583333334 0.06798148148148149
0 0.278109375 0.6152314814814815 0.015135416666666639 0.02274999999999994
0 0.5521406249999999 0.011712962962962963 0.01619270833333341 0.023425925925925926
0 0.537390625 0.007287037037037037 0.013505208333333307 0.014574074074074074
0 0.6618802083333333 0.013944444444444445 0.016286458333333323 0.02462037037037037
0 0.5600572916666666 0.09651851851851852 0.014953125000000018 0.02471296296296296
0 0.46616145833333333 0.4530462962962964 0.017244791666666613 0.060453703703703725