0 0.420052 0.557870 0.026562 0.058333
0 0.591927 0.605093 0.025521 0.062037
0 0.360156 0.546296 0.030729 0.048148
0 0.357552 0.321759 0.026562 0.063889
0 0.561719 0.622222 0.027604 0.059259
0 0.579427 0.369907 0.034896 0.054630
0 0.326823 0.599537 0.030729 0.052778
0 0.504167 0.621759 0.028125 0.062037
0 0.274479 0.272222 0.032292 0.059259
0 0.405469 0.314352 0.036979 0.041667
0 0.401042 0.536111 0.020833 0.068519
0 0.408594 0.240741 0.032813 0.059259
0 0.548438 0.425463 0.034375 0.060185
0 0.430990 0.727315 0.025521 0.062037
0 0.552083 0.563426 0.028125 0.056481
0 0.308333 0.287963 0.020833 0.064815
0 0.485417 0.511111 0.021875 0.064815
0 0.875260 0.450926 0.031771 0.059259
0 0.439323 0.442130 0.026562 0.073148
0 0.727865 0.624537 0.032813 0.047222
0 0.327604 0.380093 0.031250 0.056481
0 0.462760 0.530556 0.033854 0.051852
0 0.419792 0.468056 0.020833 0.069444
0 0.910937 0.439352 0.029167 0.054630
0 0.315625 0.640278 0.025000 0.069444
0 0.526042 0.308796 0.036458 0.056481
0 0.789583 0.671759 0.027083 0.054630
0 0.376823 0.673148 0.029687 0.061111
0 0.901302 0.653241 0.038021 0.041667
0 0.379948 0.431481 0.035937 0.050000
0 0.436979 0.205093 0.032292 0.054630
0 0.325260 0.253704 0.024479 0.066667
0 0.523698 0.703241 0.029687 0.050926
0 0.496615 0.799074 0.033854 0.038889
0 0.385156 0.500000 0.020313 0.066667
0 0.431771 0.606019 0.034375 0.060185
0 0.687240 0.424537 0.030729 0.058333
0 0.331771 0.704167 0.021875 0.063889
0 0.620833 0.450463 0.030208 0.049074
0 0.500260 0.257407 0.029687 0.059259
0 0.325000 0.533796 0.041667 0.045370
0 0.797656 0.089815 0.025521 0.064815
0 0.452083 0.748148 0.027083 0.062963
0 0.883594 0.340741 0.024479 0.064815
0 0.831771 0.726389 0.030208 0.065741
0 0.535937 0.642593 0.023958 0.062963
0 0.263542 0.406019 0.036458 0.052778
0 0.471875 0.760185 0.026042 0.064815
0 0.658854 0.140278 0.022917 0.063889
0 0.746354 0.516667 0.030208 0.053704
0 0.682292 0.202778 0.019792 0.057407
0 0.782813 0.354167 0.021875 0.062037
0 0.382292 0.372222 0.022917 0.066667
0 0.460156 0.245370 0.033854 0.048148
0 0.352344 0.624074 0.033854 0.040741
0 0.716927 0.153241 0.029687 0.062037
0 0.541146 0.364815 0.035417 0.051852
0 0.511979 0.520833 0.032292 0.056481
0 0.460156 0.346759 0.024479 0.071296
0 0.848958 0.241204 0.029167 0.062037
0 0.800000 0.484722 0.023958 0.062037
0 0.285417 0.483796 0.038542 0.043519
0 0.664844 0.605556 0.030729 0.061111
0 0.549219 0.677778 0.020313 0.062963
0 0.687760 0.140741 0.028646 0.061111
0 0.729427 0.487037 0.035937 0.040741
0 0.359896 0.487963 0.032292 0.053704
0 0.437760 0.101852 0.020313 0.068519
0 0.770573 0.675000 0.023438 0.062963
0 0.937240 0.738889 0.031771 0.053704
0 0.824479 0.335648 0.023958 0.065741
0 0.942969 0.427315 0.028646 0.062037
0 0.855729 0.653704 0.025000 0.061111
0 0.631771 0.604167 0.034375 0.052778
0 0.524740 0.472222 0.035937 0.040741
0 0.788802 0.714352 0.034896 0.047222
0 0.705729 0.040741 0.032292 0.061111
0 0.390365 0.064815 0.027604 0.061111
0 0.314583 0.747685 0.019792 0.063889
0 0.370312 0.100000 0.028125 0.068519
0 0.913021 0.775000 0.034375 0.051852
0 0.437240 0.688889 0.036979 0.046296
0 0.625781 0.168056 0.024479 0.060185
0 0.894792 0.370833 0.022917 0.058333
0 0.774219 0.469907 0.033854 0.037963
0 0.493750 0.564815 0.034375 0.040741
0 0.846875 0.756944 0.032292 0.049074
0 0.657031 0.304630 0.035937 0.048148
0 0.467969 0.161111 0.035937 0.050000
0 0.211458 0.264352 0.033333 0.063889
0 0.205729 0.167130 0.037500 0.049074
0 0.214583 0.314815 0.037500 0.048148
0 0.478385 0.714352 0.033854 0.039815
0 0.754167 0.120370 0.033333 0.046296
0 0.332813 0.423148 0.037500 0.038889
0 0.430990 0.034259 0.021354 0.061111
0 0.923438 0.131944 0.036458 0.049074
0 0.905990 0.316204 0.023438 0.062037
0 0.733594 0.583796 0.036979 0.039815
0 0.269271 0.229630 0.036458 0.061111
0 0.567187 0.049537 0.020833 0.065741
0 0.813802 0.520833 0.021354 0.069444
0 0.859896 0.306019 0.023958 0.058333
0 0.716406 0.716204 0.030729 0.067593
0 0.550521 0.181944 0.035417 0.060185
0 0.222917 0.522222 0.030208 0.072222
0 0.241927 0.222222 0.024479 0.062963
0 0.656771 0.358796 0.039583 0.058333
0 0.343490 0.771296 0.034896 0.064815
0 0.576823 0.784722 0.033854 0.036111
0 0.469792 0.106944 0.033333 0.049074
0 0.695833 0.662500 0.037500 0.036111
0 0.254688 0.534722 0.038542 0.054630
0 0.877865 0.768519 0.034896 0.046296
0 0.044271 0.378241 0.033333 0.052778
0 0.961198 0.113889 0.025521 0.062963
0 0.532813 0.558333 0.028125 0.062963
0 0.909375 0.569907 0.033333 0.041667
0 0.354427 0.706944 0.038021 0.054630
0 0.932031 0.193981 0.029687 0.062037
0 0.105208 0.462500 0.042708 0.037963
0 0.892188 0.212500 0.026042 0.045370
0 0.192708 0.302778 0.034375 0.057407
0 0.923698 0.311574 0.028646 0.063889
0 0.232813 0.832407 0.035417 0.050000
0 0.679427 0.089815 0.034896 0.038889
0 0.079167 0.577778 0.037500 0.048148
0 0.822917 0.259722 0.031250 0.062037
0 0.973437 0.473148 0.030208 0.059259
0 0.626563 0.099074 0.034375 0.042593
0 0.713021 0.293056 0.029167 0.069444
0 0.262240 0.141204 0.035937 0.052778
0 0.854167 0.031019 0.026042 0.058333
0 0.464062 0.072222 0.036458 0.042593
0 0.471615 0.605093 0.021354 0.063889
0 0.080469 0.348148 0.036979 0.062963
0 0.918229 0.387963 0.035417 0.050000
0 0.961719 0.689815 0.027604 0.061111
0 0.167969 0.541667 0.042188 0.050000
0 0.880208 0.815278 0.025000 0.060185
0 0.496875 0.116204 0.031250 0.071296
0 0.814063 0.879630 0.033333 0.059259
0 0.850781 0.811574 0.032813 0.052778
0 0.788802 0.575000 0.033854 0.051852
0 0.788802 0.289352 0.030729 0.065741
0 0.510417 0.174537 0.034375 0.063889
0 0.353646 0.452778 0.035417 0.050000
0 0.676042 0.037500 0.025000 0.058333
0 0.960156 0.289352 0.041146 0.037963
0 0.778125 0.053241 0.035417 0.045370
0 0.980208 0.353704 0.034375 0.051852
0 0.388802 0.885648 0.039062 0.052778
0 0.651563 0.049537 0.028125 0.049074
0 0.159635 0.076852 0.031771 0.061111
0 0.341927 0.500000 0.035937 0.042593
0 0.876302 0.311111 0.023438 0.055556
0 0.457552 0.024537 0.030729 0.047222
0 0.248698 0.104630 0.036979 0.044444
0 0.335156 0.041667 0.038021 0.053704
0 0.506510 0.035185 0.036979 0.051852
0 0.091927 0.416667 0.038021 0.066667
0 0.104688 0.656944 0.041667 0.054630
0 0.302344 0.198611 0.026562 0.063889
0 0.353125 0.663889 0.020833 0.048148
0 0.765365 0.850463 0.039062 0.039815
0 0.764844 0.403241 0.038021 0.060185
0 0.470313 0.903704 0.033333 0.044444
0 0.659375 0.855093 0.037500 0.049074
0 0.196875 0.756481 0.046875 0.055556
0 0.269271 0.854167 0.042708 0.039815
0 0.425781 0.652315 0.031771 0.043519
0 0.279427 0.818981 0.042188 0.041667
0 0.220312 0.209259 0.036458 0.048148
0 0.576302 0.162037 0.039062 0.050000
0 0.541146 0.046759 0.033333 0.039815
0 0.875781 0.109722 0.031771 0.075000
0 0.462760 0.671296 0.033854 0.050000
0 0.120833 0.590741 0.046875 0.055556
0 0.312760 0.019444 0.035937 0.037037
0 0.603646 0.263426 0.030208 0.078704
0 0.870313 0.253704 0.023958 0.062963
0 0.450521 0.938426 0.031250 0.058333
0 0.185417 0.716204 0.040625 0.054630
0 0.072135 0.416667 0.030729 0.068519
0 0.784375 0.618519 0.042708 0.053704
0 0.196875 0.855093 0.032292 0.067593
0 0.985156 0.082870 0.027604 0.063889
0 0.133073 0.526389 0.041146 0.050926
0 0.652344 0.895370 0.036979 0.048148
0 0.575521 0.735185 0.034375 0.044444
0 0.976302 0.150463 0.023438 0.063889
0 0.085677 0.688889 0.029687 0.070370
0 0.795573 0.023148 0.035937 0.042593
0 0.537760 0.022685 0.036979 0.036111
0 0.026042 0.675000 0.023958 0.064815
0 0.053646 0.525463 0.033333 0.063889
0 0.636979 0.015741 0.032292 0.029630
0 0.689583 0.272685 0.034375 0.067593
0 0.216927 0.897222 0.041146 0.035185
0 0.390625 0.015741 0.034375 0.029630
0 0.423438 0.944444 0.026042 0.062963
0 0.836198 0.016204 0.022396 0.030556
0 0.975260 0.640278 0.039062 0.054630
0 0.025781 0.423611 0.045312 0.045370
0 0.835677 0.134722 0.034896 0.047222
0 0.590104 0.881481 0.036458 0.038889
0 0.770833 0.931019 0.027083 0.065741
0 0.335156 0.400926 0.035937 0.042593
0 0.902344 0.109259 0.026562 0.035185
0 0.471094 0.862037 0.026562 0.064815
0 0.028385 0.244907 0.039062 0.054630
0 0.219271 0.925926 0.040625 0.042593
0 0.994271 0.145370 0.010417 0.068519
0 0.130990 0.870833 0.039062 0.071296
0 0.098177 0.043519 0.039062 0.070370
0 0.994792 0.255556 0.010417 0.062963
0 0.013542 0.879167 0.026042 0.069444
0 0.812500 0.931944 0.033333 0.063889
0 0.554948 0.898148 0.027604 0.040741
0 0.958333 0.909259 0.030208 0.046296
0 0.908594 0.901389 0.039062 0.049074
0 0.391667 0.950926 0.026042 0.064815
0 0.427344 0.918519 0.023438 0.040741
0 0.063542 0.951852 0.029167 0.066667
0 0.108854 0.012963 0.022917 0.024074
0 0.706250 0.916204 0.034375 0.062037
0 0.073438 0.011574 0.022917 0.021296
0 0.014583 0.945833 0.028125 0.067593
0 0.967448 0.850000 0.034896 0.074074
0 0.820833 0.972222 0.034375 0.027778
0 0.903646 0.950926 0.027083 0.061111
0 0.985938 0.975926 0.026042 0.016667
0 0.991406 0.865741 0.014063 0.033333
0 0.489323 0.652315 0.036979 0.047222
0 0.414323 0.026389 0.022396 0.043519
0 0.851302 0.412963 0.028646 0.048148
0 0.517188 0.113889 0.030208 0.062963
0 0.525521 0.085648 0.034375 0.054630
0 0.496354 0.072685 0.033333 0.060185
0 0.551302 0.149074 0.041146 0.035185
0 0.583073 0.081944 0.024479 0.069444
0 0.588021 0.027778 0.021875 0.053704
0 0.601562 0.033796 0.033333 0.062037
0 0.618490 0.062037 0.033854 0.044444
0 0.748698 0.011574 0.027604 0.021296
0 0.855208 0.099074 0.018750 0.062963
0 0.667448 0.182407 0.021354 0.064815
0 0.989844 0.388426 0.018229 0.052778
0 0.761719 0.526389 0.022396 0.075000
