0 0.320312 0.352315 0.022917 0.062037
0 0.371354 0.513426 0.021875 0.067593
0 0.271875 0.280556 0.037500 0.048148
0 0.517448 0.459259 0.026562 0.064815
0 0.519271 0.646296 0.030208 0.057407
0 0.521354 0.692593 0.031250 0.051852
0 0.395313 0.781019 0.028125 0.062037
0 0.517708 0.399074 0.031250 0.051852
0 0.371094 0.387963 0.029687 0.068519
0 0.446615 0.668981 0.034896 0.047222
0 0.517188 0.616204 0.032292 0.058333
0 0.491406 0.363889 0.022396 0.070370
0 0.437240 0.721296 0.030729 0.064815
0 0.258333 0.710185 0.027083 0.066667
0 0.228646 0.700463 0.027083 0.063889
0 0.363281 0.724074 0.027604 0.064815
0 0.498698 0.107870 0.033854 0.056481
0 0.426042 0.386574 0.037500 0.047222
0 0.564844 0.693056 0.033854 0.045370
0 0.442969 0.424537 0.033854 0.050926
0 0.514844 0.267130 0.032813 0.065741
0 0.251823 0.131944 0.021354 0.063889
0 0.721094 0.234722 0.020313 0.054630
0 0.668750 0.134722 0.018750 0.062037
0 0.464062 0.460648 0.029167 0.063889
0 0.660417 0.329630 0.035417 0.046296
0 0.529948 0.552315 0.030729 0.060185
0 0.620833 0.450000 0.027083 0.055556
0 0.260937 0.368519 0.020833 0.070370
0 0.186979 0.611574 0.031250 0.065741
0 0.909375 0.500463 0.026042 0.063889
0 0.387500 0.068056 0.028125 0.067593
0 0.764583 0.230093 0.018750 0.067593
0 0.458854 0.106481 0.033333 0.059259
0 0.508594 0.524537 0.030729 0.062037
0 0.402083 0.538889 0.036458 0.053704
0 0.412760 0.795833 0.029687 0.062037
0 0.634115 0.666204 0.035937 0.060185
0 0.432031 0.061574 0.022396 0.073148
0 0.907292 0.410648 0.019792 0.063889
0 0.214583 0.361111 0.040625 0.055556
0 0.291146 0.682407 0.029167 0.064815
0 0.660937 0.457870 0.030208 0.058333
0 0.357552 0.549074 0.035937 0.046296
0 0.923958 0.425926 0.025000 0.062963
0 0.432552 0.471296 0.035937 0.046296
0 0.171875 0.748611 0.033333 0.069444
0 0.550000 0.579630 0.018750 0.061111
0 0.694792 0.226852 0.036458 0.040741
0 0.122656 0.160185 0.026562 0.064815
0 0.657031 0.297685 0.039062 0.045370
0 0.345833 0.366667 0.022917 0.070370
0 0.161979 0.709722 0.031250 0.071296
0 0.394792 0.570370 0.040625 0.044444
0 0.565625 0.725000 0.038542 0.035185
0 0.748437 0.230093 0.020833 0.060185
0 0.231250 0.830556 0.033333 0.055556
0 0.451042 0.564352 0.034375 0.052778
0 0.639323 0.581019 0.031771 0.056481
0 0.349740 0.254167 0.024479 0.065741
0 0.319792 0.615278 0.021875 0.071296
0 0.448958 0.261111 0.037500 0.035185
0 0.717969 0.150000 0.033854 0.046296
0 0.787760 0.674074 0.026562 0.053704
0 0.533073 0.754167 0.032813 0.058333
0 0.900781 0.648611 0.032813 0.054630
0 0.084115 0.437963 0.024479 0.066667
0 0.339583 0.731019 0.033333 0.058333
0 0.363281 0.419444 0.027604 0.057407
0 0.626302 0.494444 0.031771 0.068519
0 0.278125 0.113889 0.040625 0.059259
0 0.358594 0.587500 0.023438 0.063889
0 0.934896 0.125000 0.029167 0.055556
0 0.400000 0.646296 0.022917 0.068519
0 0.525260 0.352315 0.034896 0.043519
0 0.818490 0.542593 0.018229 0.062963
0 0.881510 0.624074 0.029687 0.059259
0 0.586979 0.361111 0.022917 0.064815
0 0.933854 0.531944 0.028125 0.058333
0 0.868750 0.790741 0.026042 0.064815
0 0.340885 0.650463 0.034896 0.058333
0 0.540625 0.098148 0.037500 0.042593
0 0.400521 0.286574 0.042708 0.045370
0 0.943750 0.404630 0.020833 0.066667
0 0.303125 0.820370 0.041667 0.050000
0 0.893750 0.588426 0.035417 0.062037
0 0.800000 0.704630 0.033333 0.055556
0 0.489844 0.723611 0.021354 0.067593
0 0.757031 0.628241 0.023438 0.062037
0 0.266406 0.649537 0.042188 0.043519
0 0.699219 0.449537 0.035937 0.062037
0 0.642708 0.382407 0.030208 0.064815
0 0.208333 0.786574 0.031250 0.063889
0 0.464583 0.594444 0.035417 0.051852
0 0.734115 0.626389 0.019271 0.063889
0 0.544010 0.700926 0.021354 0.064815
0 0.750781 0.786574 0.020313 0.060185
0 0.829688 0.089815 0.029167 0.061111
0 0.304427 0.741204 0.034896 0.063889
0 0.609635 0.727778 0.024479 0.068519
0 0.272396 0.523611 0.022917 0.067593
0 0.921354 0.355093 0.037500 0.039815
0 0.055729 0.725926 0.040625 0.046296
0 0.952344 0.132870 0.026562 0.058333
0 0.913802 0.762500 0.022396 0.062037
0 0.913802 0.269444 0.039062 0.040741
0 0.331510 0.522222 0.032813 0.062963
0 0.962240 0.652315 0.035937 0.045370
0 0.776563 0.719907 0.025000 0.060185
0 0.671094 0.599074 0.022396 0.064815
0 0.850260 0.436111 0.021354 0.064815
0 0.426563 0.122222 0.034375 0.037037
0 0.630208 0.610185 0.042708 0.042593
0 0.043490 0.193056 0.044271 0.056481
0 0.852604 0.550926 0.036458 0.051852
0 0.869792 0.427778 0.025000 0.061111
0 0.080469 0.638426 0.043229 0.047222
0 0.097135 0.679630 0.032813 0.055556
0 0.683333 0.388889 0.035417 0.040741
0 0.096094 0.322222 0.039062 0.048148
0 0.452604 0.193519 0.031250 0.066667
0 0.299479 0.203241 0.038542 0.056481
0 0.954948 0.520833 0.033854 0.062037
0 0.816146 0.745833 0.032292 0.032407
0 0.948698 0.215741 0.034896 0.046296
0 0.833594 0.151389 0.026562 0.071296
0 0.904167 0.692593 0.032292 0.051852
0 0.741927 0.524537 0.022396 0.065741
0 0.959115 0.401389 0.021354 0.067593
0 0.216667 0.293056 0.036458 0.041667
0 0.719531 0.080556 0.028646 0.057407
0 0.854688 0.674074 0.032292 0.059259
0 0.874479 0.309259 0.022917 0.053704
0 0.297135 0.255556 0.035937 0.057407
0 0.943750 0.187963 0.039583 0.044444
0 0.729688 0.693981 0.027083 0.065741
0 0.468750 0.904167 0.033333 0.047222
0 0.785937 0.587963 0.038542 0.040741
0 0.951302 0.737963 0.034896 0.042593
0 0.709115 0.279167 0.039062 0.041667
0 0.148698 0.109722 0.034896 0.063889
0 0.793229 0.108333 0.036458 0.040741
0 0.788802 0.548148 0.035937 0.046296
0 0.069531 0.243981 0.035937 0.054630
0 0.036198 0.612037 0.024479 0.064815
0 0.386458 0.021759 0.035417 0.041667
0 0.751563 0.674537 0.032292 0.054630
0 0.660417 0.031481 0.037500 0.042593
0 0.871615 0.244444 0.038021 0.074074
0 0.032813 0.663889 0.038542 0.050000
0 0.111458 0.605556 0.043750 0.037037
0 0.328906 0.394444 0.036979 0.038889
0 0.589583 0.577778 0.038542 0.053704
0 0.595573 0.273148 0.026562 0.077778
0 0.813802 0.794444 0.028646 0.061111
0 0.090885 0.495370 0.035937 0.046296
0 0.249479 0.565741 0.027083 0.066667
0 0.226823 0.602315 0.041146 0.037963
0 0.851823 0.784259 0.023438 0.061111
0 0.802865 0.362963 0.028646 0.062963
0 0.741406 0.169907 0.027604 0.050926
0 0.019792 0.512500 0.038542 0.041667
0 0.283073 0.450926 0.045312 0.061111
0 0.051823 0.365741 0.031771 0.062963
0 0.034115 0.460185 0.038021 0.055556
0 0.487760 0.638426 0.034896 0.049074
0 0.177865 0.661574 0.042188 0.050926
0 0.973958 0.418981 0.021875 0.062037
0 0.582031 0.032870 0.039062 0.041667
0 0.842969 0.821296 0.029687 0.062963
0 0.127604 0.477315 0.043750 0.036111
0 0.985938 0.646759 0.027083 0.060185
0 0.031250 0.408796 0.035417 0.069444
0 0.315365 0.023148 0.029687 0.044444
0 0.224740 0.521759 0.036979 0.069444
0 0.818490 0.486111 0.034896 0.050000
0 0.058854 0.503704 0.040625 0.050000
0 0.339323 0.025000 0.026562 0.048148
0 0.950781 0.796296 0.036979 0.055556
0 0.751823 0.025926 0.024479 0.050000
0 0.020833 0.612500 0.021875 0.062037
0 0.113281 0.566667 0.040104 0.048148
0 0.471354 0.856944 0.034375 0.063889
0 0.851823 0.883333 0.021354 0.062963
0 0.095052 0.169907 0.031771 0.063889
0 0.009375 0.654630 0.017708 0.070370
0 0.698438 0.039352 0.027083 0.067593
0 0.845313 0.323148 0.034375 0.037037
0 0.015625 0.349537 0.030208 0.062037
0 0.150521 0.064352 0.033333 0.063889
0 0.835156 0.881019 0.023438 0.062037
0 0.866146 0.142130 0.038542 0.063889
0 0.986979 0.262963 0.026042 0.061111
0 0.012240 0.161111 0.023438 0.061111
0 0.438281 0.932407 0.030729 0.066667
0 0.985677 0.450463 0.027604 0.047222
0 0.526563 0.020370 0.038542 0.038889
0 0.046354 0.152315 0.040625 0.039815
0 0.084115 0.076852 0.031771 0.068519
0 0.141667 0.848611 0.039583 0.062037
0 0.012760 0.746296 0.024479 0.040741
0 0.977865 0.098611 0.032813 0.043519
0 0.222396 0.270833 0.025000 0.032407
0 0.189323 0.266204 0.029687 0.082407
0 0.941146 0.022685 0.034375 0.036111
0 0.911979 0.090741 0.044792 0.072222
0 0.408854 0.023148 0.030208 0.044444
0 0.649740 0.890278 0.025521 0.069444
0 0.401302 0.929630 0.027604 0.072222
0 0.195833 0.917130 0.035417 0.054630
0 0.838021 0.704630 0.015625 0.025926
0 0.382031 0.964815 0.025521 0.051852
0 0.629167 0.916204 0.023958 0.062037
0 0.589063 0.885648 0.033333 0.047222
0 0.914323 0.904630 0.025521 0.042593
0 0.953385 0.923611 0.032813 0.063889
0 0.992188 0.143981 0.015625 0.028704
0 0.428906 0.977315 0.035937 0.036111
0 0.773698 0.933796 0.034896 0.065741
0 0.702604 0.912037 0.038542 0.064815
0 0.554427 0.881944 0.025521 0.037963
0 0.988021 0.971759 0.023958 0.025000
0 0.915104 0.975926 0.036458 0.029630
0 0.947396 0.873611 0.019792 0.036111
0 0.680990 0.900463 0.015104 0.028704
0 0.765365 0.765741 0.021354 0.038889
0 0.100781 0.533333 0.036979 0.038889
0 0.433854 0.519907 0.020833 0.065741
0 0.455469 0.513889 0.029687 0.062963
0 0.484896 0.537500 0.025000 0.067593
0 0.501042 0.464352 0.017708 0.071296
0 0.531510 0.141204 0.039062 0.047222
0 0.540625 0.171759 0.041667 0.045370
0 0.559375 0.192593 0.041667 0.040741
0 0.557292 0.222222 0.036458 0.035185
0 0.579167 0.225463 0.026042 0.067593
0 0.620313 0.263426 0.035417 0.045370
0 0.587760 0.146759 0.030729 0.063889
0 0.570833 0.101389 0.033333 0.037963
0 0.597917 0.117593 0.021875 0.061111
0 0.600000 0.068519 0.039583 0.027778
0 0.611198 0.077778 0.029687 0.029630
0 0.632812 0.086111 0.028125 0.072222
0 0.644271 0.058333 0.028125 0.050000
0 0.610677 0.025463 0.019271 0.049074
0 0.632031 0.021296 0.022396 0.040741
0 0.621354 0.219907 0.033333 0.054630
0 0.603906 0.188426 0.038021 0.039815
0 0.644010 0.144444 0.036979 0.035185
0 0.650000 0.243981 0.031250 0.056481
0 0.669531 0.285185 0.024479 0.068519
0 0.663281 0.213426 0.036979 0.037963
0 0.663542 0.184722 0.037500 0.036111
0 0.635677 0.173148 0.033854 0.038889
0 0.621094 0.142593 0.032813 0.074074
0 0.608594 0.107407 0.017188 0.024074
0 0.641406 0.105093 0.017188 0.043519
0 0.914844 0.072685 0.038021 0.037963
0 0.589844 0.009722 0.024479 0.017593
0 0.988802 0.406944 0.022396 0.043519
0 0.888281 0.529630 0.033854 0.037037
0 0.853906 0.517130 0.033854 0.043519
0 0.853646 0.477778 0.028125 0.044444
0 0.871875 0.482870 0.025000 0.063889
0 0.889583 0.468056 0.019792 0.063889
