0 0.214844 0.458796 0.031771 0.058333
0 0.370052 0.488889 0.033854 0.050000
0 0.319010 0.599074 0.029687 0.064815
0 0.479948 0.329167 0.027604 0.058333
0 0.542708 0.659259 0.029167 0.055556
0 0.208854 0.562037 0.037500 0.048148
0 0.095573 0.599074 0.034896 0.061111
0 0.704948 0.533333 0.029687 0.057407
0 0.298438 0.666204 0.028125 0.062037
0 0.131250 0.568519 0.032292 0.062963
0 0.651563 0.678241 0.030208 0.062037
0 0.242708 0.656944 0.025000 0.067593
0 0.378646 0.570370 0.021875 0.066667
0 0.177865 0.607407 0.030729 0.059259
0 0.349740 0.512963 0.028646 0.057407
0 0.645833 0.557407 0.033333 0.053704
0 0.269531 0.538889 0.030729 0.061111
0 0.753125 0.537500 0.030208 0.058333
0 0.277604 0.418056 0.023958 0.065741
0 0.289062 0.617593 0.030208 0.051852
0 0.513281 0.777315 0.026562 0.060185
0 0.347917 0.438426 0.037500 0.037963
0 0.254167 0.323148 0.035417 0.053704
0 0.567187 0.456481 0.033333 0.044444
0 0.190365 0.359259 0.030729 0.064815
0 0.221875 0.628704 0.020833 0.066667
0 0.239583 0.412500 0.023958 0.067593
0 0.066146 0.630093 0.031250 0.065741
0 0.688281 0.604630 0.032813 0.051852
0 0.904167 0.582870 0.027083 0.060185
0 0.334115 0.676389 0.035937 0.058333
0 0.121615 0.505556 0.032813 0.059259
0 0.772135 0.410648 0.021354 0.065741
0 0.592448 0.825926 0.032813 0.059259
0 0.292708 0.244907 0.038542 0.041667
0 0.146094 0.233333 0.033854 0.051852
0 0.289323 0.178704 0.031771 0.059259
0 0.453646 0.500926 0.031250 0.044444
0 0.605208 0.650000 0.037500 0.042593
0 0.249479 0.776389 0.039583 0.049074
0 0.182292 0.281019 0.023958 0.067593
0 0.730729 0.267593 0.027083 0.057407
0 0.396094 0.186111 0.019271 0.066667
0 0.295573 0.527778 0.021354 0.068519
0 0.785417 0.742593 0.026042 0.061111
0 0.354687 0.168981 0.026042 0.062037
0 0.246354 0.813426 0.039583 0.045370
0 0.493490 0.729167 0.029687 0.058333
0 0.550521 0.423148 0.035417 0.042593
0 0.215365 0.287037 0.034896 0.048148
0 0.938281 0.502315 0.032813 0.060185
0 0.298438 0.747685 0.034375 0.056481
0 0.510417 0.865278 0.028125 0.060185
0 0.574479 0.222685 0.034375 0.039815
0 0.605208 0.403704 0.026042 0.061111
0 0.627083 0.374537 0.023958 0.063889
0 0.662760 0.532870 0.034896 0.045370
0 0.089323 0.750000 0.030729 0.053704
0 0.421354 0.297685 0.030208 0.054630
0 0.243229 0.179167 0.028125 0.062037
0 0.633333 0.202315 0.025000 0.062037
0 0.594531 0.165278 0.029687 0.058333
0 0.392188 0.443519 0.037500 0.035185
0 0.528125 0.624537 0.020833 0.067593
0 0.601302 0.574537 0.023438 0.056481
0 0.371094 0.333796 0.040104 0.039815
0 0.323437 0.314352 0.035417 0.047222
0 0.029427 0.681019 0.027604 0.067593
0 0.717969 0.421759 0.034896 0.039815
0 0.564063 0.141667 0.019792 0.062963
0 0.164062 0.368519 0.026042 0.075926
0 0.415104 0.341667 0.037500 0.037037
0 0.547917 0.383333 0.034375 0.048148
0 0.184635 0.433333 0.020313 0.068519
0 0.510938 0.369444 0.018750 0.066667
0 0.711198 0.238889 0.029687 0.055556
0 0.428385 0.761574 0.036979 0.036111
0 0.793229 0.677315 0.034375 0.054630
0 0.255208 0.580556 0.040625 0.038889
0 0.096094 0.254167 0.036979 0.052778
0 0.560677 0.842130 0.033854 0.049074
0 0.672656 0.628704 0.036979 0.040741
0 0.213542 0.387037 0.036458 0.042593
0 0.088021 0.333796 0.037500 0.060185
0 0.741406 0.350463 0.038021 0.041667
0 0.338802 0.351852 0.036979 0.035185
0 0.153385 0.493519 0.023438 0.068519
0 0.230469 0.722222 0.026562 0.061111
0 0.876302 0.374537 0.031771 0.060185
0 0.900521 0.511574 0.035417 0.043519
0 0.251563 0.276389 0.039583 0.041667
0 0.540365 0.544907 0.019271 0.065741
0 0.659115 0.223611 0.019271 0.063889
0 0.059115 0.238426 0.041146 0.056481
0 0.238021 0.083796 0.027083 0.065741
0 0.080990 0.710185 0.035937 0.037037
0 0.701302 0.486111 0.035937 0.050000
0 0.484635 0.840741 0.029687 0.051852
0 0.643750 0.317593 0.025000 0.066667
0 0.080990 0.187037 0.035937 0.053704
0 0.747396 0.801852 0.021875 0.062963
0 0.433333 0.229167 0.019792 0.065741
0 0.851302 0.768981 0.038021 0.047222
0 0.676562 0.500000 0.033333 0.048148
0 0.686719 0.165278 0.028646 0.062037
0 0.119010 0.136574 0.033854 0.063889
0 0.794271 0.589815 0.037500 0.050000
0 0.742448 0.652778 0.038021 0.037037
0 0.775000 0.125463 0.034375 0.049074
0 0.705208 0.823611 0.037500 0.052778
0 0.863542 0.640741 0.022917 0.061111
0 0.942187 0.690741 0.037500 0.057407
0 0.020573 0.565741 0.029687 0.066667
0 0.211198 0.221759 0.027604 0.065741
0 0.759115 0.256944 0.035937 0.050926
0 0.872917 0.313426 0.023958 0.060185
0 0.430208 0.101852 0.027083 0.048148
0 0.624219 0.859259 0.022396 0.074074
0 0.044010 0.101389 0.035937 0.052778
0 0.209115 0.171296 0.035937 0.053704
0 0.521615 0.215741 0.029687 0.062963
0 0.727865 0.139815 0.026562 0.064815
0 0.854688 0.815741 0.037500 0.040741
0 0.133594 0.287963 0.027604 0.072222
0 0.939063 0.317130 0.021875 0.060185
0 0.664844 0.089815 0.025521 0.050000
0 0.710677 0.155093 0.026562 0.060185
0 0.463021 0.139352 0.036458 0.037963
0 0.598958 0.048148 0.023958 0.061111
0 0.045833 0.571759 0.030208 0.065741
0 0.148958 0.443056 0.038542 0.036111
0 0.280729 0.111111 0.021875 0.068519
0 0.903125 0.447222 0.037500 0.042593
0 0.847917 0.378241 0.021875 0.062037
0 0.207552 0.725926 0.022396 0.066667
0 0.657292 0.168981 0.035417 0.039815
0 0.179427 0.728241 0.034896 0.050926
0 0.968490 0.206481 0.031771 0.057407
0 0.968490 0.453704 0.023438 0.061111
0 0.454948 0.547685 0.018229 0.056481
0 0.300260 0.880556 0.033854 0.061111
0 0.941146 0.380556 0.032292 0.050000
0 0.874219 0.230093 0.022396 0.065741
0 0.451823 0.725463 0.023438 0.062037
0 0.813802 0.321296 0.031771 0.064815
0 0.890885 0.184722 0.022396 0.065741
0 0.691406 0.878704 0.026562 0.066667
0 0.881510 0.695370 0.039062 0.040741
0 0.320833 0.100000 0.039583 0.038889
0 0.039583 0.814352 0.036458 0.056481
0 0.855729 0.518981 0.039583 0.050926
0 0.581771 0.883796 0.034375 0.039815
0 0.380469 0.105093 0.038021 0.065741
0 0.818750 0.126389 0.040625 0.037963
0 0.908594 0.351389 0.041146 0.043519
0 0.660937 0.769444 0.018750 0.068519
0 0.149219 0.115278 0.024479 0.073148
0 0.917708 0.250926 0.036458 0.044444
0 0.020833 0.509259 0.039583 0.048148
0 0.175260 0.201389 0.027604 0.075000
0 0.132812 0.191667 0.038542 0.038889
0 0.886458 0.087963 0.028125 0.059259
0 0.107552 0.834259 0.025521 0.068519
0 0.688281 0.061574 0.019271 0.065741
0 0.175781 0.542593 0.025521 0.062963
0 0.025000 0.618519 0.031250 0.055556
0 0.327865 0.039815 0.022396 0.066667
0 0.204948 0.786111 0.036979 0.038889
0 0.087500 0.546759 0.045833 0.049074
0 0.041406 0.178704 0.047396 0.038889
0 0.384896 0.033333 0.031250 0.055556
0 0.307552 0.814352 0.035937 0.034259
0 0.848177 0.095370 0.022396 0.046296
0 0.522135 0.034722 0.022396 0.065741
0 0.878125 0.137500 0.039583 0.041667
0 0.966406 0.069444 0.030729 0.051852
0 0.760417 0.090278 0.020833 0.069444
0 0.858073 0.474537 0.033854 0.060185
0 0.913802 0.665741 0.022396 0.051852
0 0.501042 0.132407 0.029167 0.046296
0 0.562240 0.730093 0.028646 0.045370
0 0.289583 0.032407 0.026042 0.062963
0 0.912500 0.095833 0.028125 0.047222
0 0.862500 0.047685 0.019792 0.058333
0 0.518750 0.504630 0.022917 0.053704
0 0.145313 0.888426 0.033333 0.052778
0 0.332552 0.859722 0.031771 0.041667
0 0.442969 0.399537 0.039062 0.060185
0 0.805469 0.053704 0.018229 0.057407
0 0.093229 0.880556 0.022917 0.066667
0 0.347396 0.909259 0.040625 0.037037
0 0.744271 0.044907 0.021875 0.062037
0 0.117188 0.896296 0.035417 0.053704
0 0.009115 0.668056 0.017188 0.063889
0 0.953385 0.150463 0.028646 0.056481
0 0.369792 0.874074 0.040625 0.035185
0 0.055208 0.054630 0.031250 0.070370
0 0.853385 0.261574 0.036979 0.050926
0 0.362500 0.825463 0.022917 0.067593
0 0.847917 0.330556 0.034375 0.042593
0 0.726823 0.040278 0.017188 0.062037
0 0.961198 0.275926 0.033854 0.064815
0 0.272396 0.845370 0.035417 0.062963
0 0.237240 0.025926 0.041146 0.042593
0 0.027604 0.054630 0.035417 0.053704
0 0.661719 0.024074 0.017188 0.046296
0 0.971354 0.117593 0.026042 0.040741
0 0.927083 0.029167 0.038542 0.036111
0 0.053646 0.454167 0.041667 0.067593
0 0.935677 0.182870 0.034896 0.062037
0 0.453906 0.931019 0.038021 0.036111
0 0.528906 0.968056 0.020313 0.060185
0 0.010677 0.807407 0.020313 0.046296
0 0.988802 0.819444 0.022396 0.057407
0 0.419531 0.016667 0.024479 0.031481
0 0.421875 0.960185 0.030208 0.057407
0 0.454427 0.966204 0.034896 0.047222
0 0.009375 0.175463 0.017708 0.032407
0 0.491146 0.968519 0.030208 0.051852
0 0.493750 0.921296 0.030208 0.062963
0 0.412500 0.936111 0.029167 0.053704
0 0.278646 0.958796 0.032292 0.054630
0 0.436458 0.878241 0.056250 0.050926
0 0.800521 0.013889 0.035417 0.025926
0 0.628646 0.941204 0.033333 0.049074
0 0.008594 0.089352 0.016146 0.045370
0 0.511979 0.915278 0.033333 0.050926
0 0.592448 0.478704 0.021354 0.027778
0 0.070833 0.012037 0.040625 0.022222
0 0.008073 0.376389 0.015104 0.039815
0 0.008594 0.435648 0.016146 0.036111
0 0.461198 0.454630 0.020313 0.027778
0 0.049740 0.876852 0.047396 0.046296
0 0.753646 0.934259 0.020833 0.059259
0 0.770052 0.964815 0.038021 0.033333
0 0.978906 0.968056 0.025521 0.045370
0 0.020052 0.978704 0.038021 0.035185
0 0.393750 0.506481 0.028125 0.053704
0 0.434635 0.541667 0.025521 0.055556
0 0.421094 0.593519 0.023438 0.061111
0 0.451823 0.597685 0.039062 0.043519
0 0.480208 0.611111 0.018750 0.066667
0 0.505469 0.631944 0.021354 0.069444
0 0.448698 0.640741 0.033854 0.027778
0 0.487760 0.671759 0.027604 0.049074
0 0.469792 0.707407 0.019792 0.064815
0 0.235937 0.974074 0.063542 0.051852
0 0.154948 0.945833 0.036979 0.056481
0 0.335938 0.979630 0.038542 0.040741
0 0.401823 0.260648 0.028646 0.058333
0 0.461719 0.206019 0.022396 0.056481
0 0.486979 0.194907 0.036458 0.062037
0 0.451302 0.304630 0.020313 0.070370
0 0.460677 0.248611 0.033854 0.028704
0 0.485938 0.285185 0.037500 0.042593
0 0.524479 0.283333 0.030208 0.055556
0 0.575000 0.357407 0.021875 0.068519
0 0.591667 0.357407 0.020833 0.064815
0 0.610156 0.207407 0.028646 0.040741
0 0.461979 0.075926 0.026042 0.040741
0 0.483854 0.070370 0.027083 0.040741
0 0.473177 0.110185 0.043229 0.042593
0 0.543490 0.105093 0.020313 0.069444
0 0.541667 0.012500 0.025000 0.023148
0 0.597917 0.008333 0.015625 0.014815
0 0.559896 0.093981 0.016667 0.025000
0 0.743750 0.127315 0.023958 0.049074
0 0.990625 0.130093 0.018750 0.037963
0 0.973177 0.146759 0.017188 0.050926
0 0.956250 0.949074 0.029167 0.061111
0 0.671094 0.971759 0.026562 0.013889
0 0.542188 0.212037 0.022917 0.068519
0 0.592969 0.515741 0.044271 0.044444
0 0.345052 0.839352 0.019271 0.052778
0 0.273698 0.609722 0.016146 0.028704
0 0.081250 0.607870 0.022917 0.032407
0 0.005990 0.234259 0.009896 0.024074
0 0.012240 0.267593 0.013021 0.025926
0 0.461458 0.007407 0.015625 0.012963
0 0.992448 0.240278 0.015104 0.036111
0 0.992188 0.210185 0.015625 0.029630
