0 0.260156 0.210185 0.021354 0.068519
0 0.663281 0.486111 0.033854 0.053704
0 0.470052 0.377778 0.028646 0.057407
0 0.792448 0.679167 0.025521 0.060185
0 0.179167 0.287037 0.028125 0.061111
0 0.395833 0.576852 0.030208 0.051852
0 0.329427 0.211111 0.021354 0.066667
0 0.321615 0.268981 0.027604 0.065741
0 0.719271 0.478704 0.028125 0.051852
0 0.529687 0.387037 0.026042 0.055556
0 0.726302 0.630556 0.026562 0.057407
0 0.615104 0.211574 0.018750 0.065741
0 0.452344 0.222222 0.021354 0.066667
0 0.179167 0.399074 0.033333 0.051852
0 0.271615 0.562500 0.032813 0.060185
0 0.546875 0.317593 0.028125 0.066667
0 0.505729 0.425463 0.026042 0.062037
0 0.241927 0.323148 0.024479 0.068519
0 0.220573 0.336111 0.023438 0.064815
0 0.670833 0.257870 0.026042 0.058333
0 0.671094 0.432870 0.033854 0.045370
0 0.356510 0.423611 0.020313 0.065741
0 0.161979 0.302315 0.023958 0.065741
0 0.399740 0.483796 0.035937 0.052778
0 0.277865 0.369444 0.029687 0.055556
0 0.585156 0.108796 0.023438 0.062037
0 0.470052 0.231019 0.023438 0.063889
0 0.329688 0.615741 0.029167 0.059259
0 0.518490 0.163889 0.026562 0.061111
0 0.472656 0.427315 0.034896 0.037963
0 0.453906 0.113426 0.024479 0.065741
0 0.592969 0.576389 0.034896 0.043519
0 0.509635 0.755093 0.035937 0.034259
0 0.478646 0.628241 0.034375 0.054630
0 0.549219 0.482407 0.036979 0.037037
0 0.274740 0.443056 0.034896 0.050926
0 0.556771 0.379630 0.017708 0.064815
0 0.618490 0.828704 0.025521 0.062963
0 0.947917 0.380093 0.022917 0.054630
0 0.601562 0.407407 0.031250 0.044444
0 0.588542 0.289352 0.019792 0.065741
0 0.375781 0.502778 0.024479 0.066667
0 0.413281 0.859259 0.034896 0.046296
0 0.535937 0.625463 0.035417 0.047222
0 0.377604 0.161111 0.030208 0.066667
0 0.648958 0.766667 0.031250 0.051852
0 0.625260 0.483796 0.026562 0.056481
0 0.414583 0.238889 0.037500 0.048148
0 0.345052 0.750000 0.031771 0.059259
0 0.205208 0.375463 0.036458 0.049074
0 0.461458 0.519907 0.021875 0.067593
0 0.743229 0.690741 0.026042 0.064815
0 0.267188 0.284259 0.020833 0.068519
0 0.661198 0.877315 0.031771 0.047222
0 0.411979 0.435185 0.034375 0.037037
0 0.480990 0.860648 0.029687 0.058333
0 0.645833 0.258333 0.021875 0.062963
0 0.546094 0.268981 0.035937 0.039815
0 0.302344 0.514815 0.033854 0.055556
0 0.326823 0.118519 0.032813 0.059259
0 0.424479 0.099537 0.030208 0.067593
0 0.817187 0.375926 0.034375 0.040741
0 0.510417 0.599537 0.025000 0.056481
0 0.918229 0.211574 0.025000 0.062037
0 0.163542 0.582870 0.033333 0.056481
0 0.410677 0.193519 0.034896 0.051852
0 0.560156 0.557407 0.034896 0.042593
0 0.691146 0.310185 0.032292 0.053704
0 0.694531 0.191667 0.024479 0.062963
0 0.239063 0.485185 0.038542 0.042593
0 0.702083 0.567593 0.037500 0.035185
0 0.866927 0.650926 0.033854 0.057407
0 0.241927 0.559722 0.036979 0.060185
0 0.623698 0.443056 0.026562 0.056481
0 0.497917 0.546759 0.018750 0.063889
0 0.764844 0.604630 0.024479 0.057407
0 0.907552 0.704630 0.019271 0.064815
0 0.811719 0.426852 0.021354 0.062963
0 0.778646 0.582407 0.019792 0.064815
0 0.526563 0.568519 0.018750 0.057407
0 0.295573 0.068981 0.030729 0.060185
0 0.332031 0.329167 0.035937 0.052778
0 0.868750 0.453704 0.037500 0.046296
0 0.774740 0.530556 0.034896 0.035185
0 0.643229 0.419444 0.019792 0.066667
0 0.822135 0.639352 0.038021 0.043519
0 0.352083 0.265278 0.020833 0.067593
0 0.172656 0.488889 0.036979 0.050000
0 0.588021 0.626389 0.020833 0.063889
0 0.543750 0.707407 0.034375 0.035185
0 0.927083 0.340278 0.018750 0.063889
0 0.526042 0.067130 0.034375 0.050926
0 0.064062 0.373148 0.028125 0.064815
0 0.848437 0.754167 0.020833 0.056481
0 0.808854 0.167130 0.018750 0.065741
0 0.325000 0.058796 0.030208 0.062037
0 0.302344 0.788426 0.036979 0.050926
0 0.301563 0.324537 0.036458 0.047222
0 0.293750 0.127315 0.020833 0.063889
0 0.493490 0.206019 0.033854 0.060185
0 0.755469 0.302315 0.034896 0.036111
0 0.654687 0.308333 0.035417 0.040741
0 0.850260 0.328241 0.026562 0.060185
0 0.067187 0.725463 0.033333 0.056481
0 0.116927 0.298611 0.038021 0.039815
0 0.865104 0.698148 0.033333 0.048148
0 0.840885 0.092130 0.028646 0.054630
0 0.598177 0.056481 0.020313 0.061111
0 0.364063 0.183796 0.019792 0.063889
0 0.877604 0.406944 0.039583 0.036111
0 0.438021 0.557407 0.035417 0.033333
0 0.434635 0.793519 0.025521 0.072222
0 0.258333 0.155093 0.037500 0.039815
0 0.460156 0.804630 0.026562 0.066667
0 0.882552 0.369444 0.038021 0.037037
0 0.676562 0.614352 0.018750 0.060185
0 0.801042 0.583796 0.026042 0.063889
0 0.407813 0.147685 0.038542 0.043519
0 0.830729 0.724537 0.023958 0.067593
0 0.297656 0.706019 0.023438 0.067593
0 0.503646 0.874074 0.023958 0.064815
0 0.755469 0.209259 0.027604 0.059259
0 0.926302 0.413426 0.023438 0.063889
0 0.891146 0.697685 0.020833 0.063889
0 0.928385 0.784259 0.021354 0.062963
0 0.624219 0.287037 0.034896 0.035185
0 0.590625 0.175926 0.036458 0.046296
0 0.819531 0.576852 0.027604 0.066667
0 0.779167 0.744907 0.037500 0.037963
0 0.896615 0.322222 0.034896 0.040741
0 0.297917 0.276852 0.036458 0.038889
0 0.777604 0.160185 0.028125 0.061111
0 0.733594 0.244444 0.034896 0.053704
0 0.460677 0.595833 0.038021 0.043519
0 0.919010 0.640741 0.022396 0.068519
0 0.814583 0.881481 0.023958 0.061111
0 0.393229 0.088889 0.019792 0.068519
0 0.805729 0.273148 0.032292 0.046296
0 0.845573 0.617593 0.026562 0.059259
0 0.740365 0.591204 0.036979 0.036111
0 0.447917 0.709259 0.019792 0.066667
0 0.242708 0.383796 0.040625 0.047222
0 0.728646 0.175000 0.035417 0.048148
0 0.570052 0.834259 0.021354 0.061111
0 0.404948 0.029167 0.029687 0.054630
0 0.624219 0.030093 0.026562 0.056481
0 0.344792 0.109722 0.035417 0.054630
0 0.087240 0.441204 0.030729 0.063889
0 0.896615 0.623148 0.020313 0.066667
0 0.345833 0.800000 0.033333 0.053704
0 0.199219 0.686111 0.036979 0.046296
0 0.734375 0.079167 0.033333 0.045370
0 0.971094 0.750926 0.033854 0.053704
0 0.548438 0.836111 0.021875 0.062963
0 0.475000 0.563889 0.018750 0.059259
0 0.475521 0.037037 0.037500 0.040741
0 0.798958 0.120833 0.033333 0.049074
0 0.981771 0.331019 0.032292 0.045370
0 0.881510 0.823611 0.030729 0.052778
0 0.658073 0.366204 0.034896 0.050926
0 0.101302 0.567130 0.036979 0.041667
0 0.722396 0.025926 0.029167 0.050000
0 0.744010 0.121759 0.028646 0.050926
0 0.055469 0.292593 0.034896 0.055556
0 0.904167 0.290278 0.036458 0.043519
0 0.070573 0.534722 0.028646 0.065741
0 0.328385 0.025926 0.034896 0.050000
0 0.635677 0.864815 0.017188 0.062963
0 0.982292 0.400463 0.033333 0.032407
0 0.925521 0.112037 0.022917 0.070370
0 0.321615 0.515278 0.025521 0.058333
0 0.981250 0.371296 0.032292 0.038889
0 0.875781 0.309722 0.022396 0.049074
0 0.466667 0.911574 0.035417 0.041667
0 0.080990 0.665741 0.041146 0.051852
0 0.253906 0.649074 0.021354 0.064815
0 0.089844 0.761574 0.033854 0.058333
0 0.976302 0.428704 0.035937 0.031481
0 0.094531 0.829167 0.035937 0.047222
0 0.819531 0.046296 0.033854 0.038889
0 0.244010 0.886111 0.033854 0.053704
0 0.367708 0.101389 0.037500 0.043519
0 0.114844 0.412500 0.044271 0.054630
0 0.089844 0.610185 0.032813 0.062963
0 0.755990 0.042593 0.031771 0.050000
0 0.425000 0.693981 0.017708 0.065741
0 0.708594 0.129630 0.029687 0.061111
0 0.032813 0.872222 0.039583 0.053704
0 0.847917 0.525000 0.029167 0.062963
0 0.668750 0.024537 0.034375 0.037963
0 0.960417 0.154630 0.037500 0.038889
0 0.496875 0.304630 0.021875 0.051852
0 0.202344 0.070833 0.021354 0.067593
0 0.038542 0.537963 0.027083 0.070370
0 0.939063 0.715278 0.019792 0.065741
0 0.987240 0.201852 0.024479 0.051852
0 0.029427 0.344907 0.028646 0.065741
0 0.978906 0.644907 0.027604 0.056481
0 0.700521 0.908796 0.030208 0.056481
0 0.964844 0.656944 0.026562 0.062037
0 0.010937 0.320370 0.020833 0.068519
0 0.847396 0.866204 0.032292 0.037963
0 0.134375 0.078241 0.034375 0.052778
0 0.028385 0.259259 0.023438 0.059259
0 0.870833 0.040278 0.039583 0.039815
0 0.958333 0.700000 0.035417 0.042593
0 0.392448 0.917130 0.022396 0.065741
0 0.983594 0.260648 0.026562 0.050926
0 0.339583 0.395833 0.029167 0.032407
0 0.357031 0.662037 0.031771 0.029630
0 0.055990 0.637500 0.029687 0.065741
0 0.496354 0.911574 0.030208 0.045370
0 0.591927 0.878241 0.032813 0.043519
0 0.232552 0.831944 0.032813 0.056481
0 0.377604 0.925926 0.022917 0.068519
0 0.160417 0.757870 0.033333 0.069444
0 0.138281 0.900463 0.042188 0.039815
0 0.984635 0.113889 0.029687 0.038889
0 0.577865 0.726389 0.028646 0.030556
0 0.185156 0.912037 0.040104 0.033333
0 0.423177 0.021759 0.026562 0.041667
0 0.049219 0.181481 0.038021 0.053704
0 0.713021 0.925926 0.030208 0.059259
0 0.930469 0.875000 0.032813 0.031481
0 0.426042 0.939352 0.034375 0.039815
0 0.821875 0.950926 0.021875 0.072222
0 0.855208 0.940278 0.023958 0.065741
0 0.398438 0.405556 0.018750 0.035185
0 0.635938 0.943056 0.038542 0.045370
0 0.013281 0.132407 0.025521 0.046296
0 0.888281 0.943519 0.025521 0.064815
0 0.952865 0.015741 0.015104 0.029630
0 0.657292 0.963889 0.030208 0.048148
0 0.007031 0.731944 0.013021 0.052778
0 0.683333 0.973611 0.032292 0.047222
0 0.164583 0.974537 0.023958 0.034259
0 0.463542 0.726852 0.014583 0.025926
0 0.202083 0.987500 0.030208 0.025000
0 0.544531 0.954167 0.025521 0.067593
0 0.980990 0.899074 0.038021 0.038889
0 0.285938 0.968056 0.028125 0.050926
0 0.432812 0.964815 0.029167 0.037037
0 0.510938 0.972222 0.034375 0.050000
0 0.008333 0.869907 0.015625 0.050926
0 0.552865 0.878704 0.026562 0.037037
0 0.767969 0.765741 0.014063 0.025926
0 0.557031 0.162963 0.033854 0.070370
0 0.528906 0.120833 0.034896 0.058333
0 0.494792 0.114815 0.029167 0.059259
0 0.608073 0.102315 0.023438 0.078704
0 0.641146 0.109259 0.018750 0.051852
0 0.628646 0.085648 0.023958 0.071296
0 0.658594 0.072685 0.019271 0.056481
0 0.663021 0.126852 0.038542 0.044444
0 0.668229 0.181481 0.027083 0.081481
0 0.759115 0.263426 0.033854 0.041667
0 0.634635 0.615278 0.043229 0.047222
0 0.713542 0.199537 0.031250 0.050926
