0 0.351823 0.486111 0.023438 0.066667
0 0.209115 0.449074 0.026562 0.064815
0 0.365365 0.427778 0.024479 0.068519
0 0.406250 0.701852 0.036458 0.044444
0 0.309635 0.706019 0.023438 0.067593
0 0.265365 0.175463 0.034896 0.050926
0 0.542188 0.676389 0.023958 0.065741
0 0.299219 0.304630 0.034896 0.040741
0 0.238542 0.355556 0.032292 0.061111
0 0.368229 0.333333 0.028125 0.062963
0 0.403646 0.504630 0.040625 0.038889
0 0.401042 0.443981 0.018750 0.063889
0 0.082812 0.618981 0.026042 0.065741
0 0.329167 0.526389 0.038542 0.039815
0 0.205208 0.578704 0.039583 0.046296
0 0.486458 0.507870 0.030208 0.056481
0 0.286979 0.360185 0.036458 0.040741
0 0.469010 0.516204 0.033854 0.056481
0 0.306771 0.616204 0.023958 0.062037
0 0.359896 0.106481 0.029167 0.066667
0 0.421615 0.400926 0.028646 0.048148
0 0.365625 0.206019 0.038542 0.041667
0 0.288021 0.454630 0.027083 0.062963
0 0.163281 0.312037 0.039062 0.053704
0 0.466406 0.363426 0.028646 0.058333
0 0.161719 0.592593 0.038021 0.040741
0 0.347917 0.700926 0.020833 0.066667
0 0.230729 0.283333 0.039583 0.044444
0 0.117448 0.530093 0.023438 0.073148
0 0.586198 0.457870 0.030729 0.058333
0 0.283594 0.268056 0.030729 0.056481
0 0.398698 0.332407 0.023438 0.066667
0 0.155990 0.209259 0.035937 0.059259
0 0.174479 0.353241 0.035417 0.041667
0 0.425260 0.791204 0.021354 0.069444
0 0.142187 0.259722 0.031250 0.060185
0 0.115885 0.679167 0.034896 0.069444
0 0.339323 0.115278 0.024479 0.069444
0 0.105208 0.404630 0.043750 0.044444
0 0.267188 0.566204 0.039583 0.037963
0 0.237760 0.449074 0.040104 0.048148
0 0.183854 0.108796 0.020833 0.069444
0 0.149219 0.435185 0.024479 0.074074
0 0.248438 0.215741 0.041667 0.040741
0 0.591927 0.833796 0.032813 0.045370
0 0.502083 0.480556 0.026042 0.055556
0 0.113542 0.150463 0.022917 0.073148
0 0.136979 0.380556 0.039583 0.038889
0 0.482031 0.787500 0.033854 0.041667
0 0.515885 0.707407 0.022396 0.068519
0 0.375521 0.639815 0.032292 0.048148
0 0.427604 0.333796 0.034375 0.043519
0 0.529167 0.623611 0.017708 0.065741
0 0.488021 0.693519 0.028125 0.053704
0 0.192708 0.399537 0.034375 0.062037
0 0.411458 0.843519 0.035417 0.038889
0 0.610677 0.616204 0.033854 0.036111
0 0.134896 0.587037 0.022917 0.070370
0 0.395313 0.621296 0.038542 0.035185
0 0.391146 0.086574 0.022917 0.062037
0 0.401823 0.285185 0.034896 0.040741
0 0.272396 0.427778 0.039583 0.042593
0 0.112240 0.263426 0.025521 0.065741
0 0.302604 0.082870 0.020833 0.065741
0 0.255469 0.149537 0.033854 0.045370
0 0.078646 0.323611 0.040625 0.041667
0 0.066927 0.416667 0.042188 0.038889
0 0.322135 0.425926 0.038021 0.031481
0 0.368490 0.682870 0.034896 0.047222
0 0.290104 0.395833 0.039583 0.034259
0 0.278385 0.830093 0.027604 0.067593
0 0.645573 0.841204 0.031771 0.058333
0 0.185156 0.534722 0.042188 0.037963
0 0.150000 0.114352 0.023958 0.076852
0 0.023698 0.583333 0.026562 0.061111
0 0.213021 0.777778 0.040625 0.050000
0 0.488021 0.645370 0.034375 0.046296
0 0.600781 0.571759 0.022396 0.052778
0 0.646615 0.657407 0.023438 0.061111
0 0.051562 0.571759 0.035417 0.058333
0 0.149219 0.752315 0.038021 0.047222
0 0.071094 0.372685 0.038021 0.034259
0 0.035156 0.244907 0.041146 0.052778
0 0.536458 0.380556 0.027083 0.061111
0 0.230208 0.101389 0.021875 0.069444
0 0.448698 0.115741 0.035937 0.038889
0 0.066146 0.459722 0.022917 0.065741
0 0.648438 0.481019 0.029167 0.062037
0 0.582292 0.551389 0.018750 0.062037
0 0.355729 0.585185 0.040625 0.035185
0 0.272917 0.059259 0.037500 0.055556
0 0.255208 0.095833 0.021875 0.065741
0 0.058854 0.666667 0.045833 0.048148
0 0.035937 0.666204 0.027083 0.065741
0 0.664062 0.767130 0.029167 0.056481
0 0.513281 0.637037 0.019271 0.066667
0 0.572396 0.778241 0.035417 0.054630
0 0.683333 0.404167 0.025000 0.062037
0 0.410156 0.168519 0.038021 0.038889
0 0.325260 0.048611 0.035937 0.052778
0 0.622917 0.358796 0.036458 0.036111
0 0.180729 0.730093 0.023958 0.069444
0 0.481250 0.824074 0.035417 0.033333
0 0.668750 0.709722 0.031250 0.067593
0 0.115885 0.212500 0.041146 0.041667
0 0.443490 0.215278 0.018229 0.065741
0 0.416146 0.134259 0.035417 0.037037
0 0.983594 0.479630 0.023438 0.064815
0 0.926302 0.362037 0.025521 0.062963
0 0.616406 0.176852 0.020313 0.074074
0 0.516667 0.463889 0.028125 0.055556
0 0.137500 0.716204 0.039583 0.036111
0 0.176563 0.052315 0.030208 0.056481
0 0.079167 0.112037 0.042708 0.057407
0 0.785937 0.595370 0.028125 0.050000
0 0.018490 0.325926 0.027604 0.068519
0 0.054167 0.614352 0.042708 0.050926
0 0.962760 0.501389 0.021354 0.065741
0 0.081771 0.495370 0.046875 0.038889
0 0.932031 0.756944 0.021354 0.067593
0 0.335938 0.857407 0.040625 0.035185
0 0.019010 0.221759 0.035937 0.045370
0 0.174740 0.674537 0.041146 0.039815
0 0.504167 0.069907 0.029167 0.062037
0 0.902865 0.615741 0.020313 0.059259
0 0.930990 0.601389 0.035937 0.060185
0 0.754687 0.498611 0.033333 0.047222
0 0.932292 0.466204 0.025000 0.065741
0 0.622917 0.247685 0.017708 0.058333
0 0.752083 0.356944 0.027083 0.060185
0 0.033073 0.119444 0.040104 0.048148
0 0.410938 0.196296 0.032292 0.035185
0 0.763281 0.853704 0.033854 0.048148
0 0.920052 0.669444 0.030729 0.051852
0 0.775000 0.417130 0.034375 0.041667
0 0.352083 0.631481 0.017708 0.062963
0 0.139323 0.518519 0.026562 0.053704
0 0.032813 0.468981 0.026042 0.063889
0 0.094792 0.276389 0.025000 0.067593
0 0.864323 0.305093 0.028646 0.054630
0 0.524219 0.576389 0.034896 0.034259
0 0.902083 0.437963 0.028125 0.064815
0 0.243750 0.798611 0.034375 0.069444
0 0.584896 0.126389 0.018750 0.067593
0 0.244531 0.718981 0.026562 0.069444
0 0.870833 0.369444 0.036458 0.040741
0 0.888802 0.685648 0.043229 0.041667
0 0.980729 0.306944 0.036458 0.047222
0 0.022135 0.777315 0.025521 0.062037
0 0.731510 0.458333 0.035937 0.042593
0 0.449740 0.039352 0.019271 0.062037
0 0.761458 0.719907 0.031250 0.063889
0 0.706250 0.278704 0.036458 0.038889
0 0.866927 0.577315 0.034896 0.045370
0 0.529167 0.045833 0.027083 0.058333
0 0.782552 0.532407 0.034896 0.046296
0 0.715885 0.483333 0.036979 0.050000
0 0.845833 0.358796 0.029167 0.054630
0 0.665365 0.151389 0.030729 0.052778
0 0.829948 0.684259 0.029687 0.062963
0 0.823958 0.846296 0.028125 0.062963
0 0.889323 0.292593 0.020313 0.066667
0 0.763802 0.253241 0.031771 0.054630
0 0.202865 0.725000 0.020313 0.064815
0 0.735677 0.681019 0.023438 0.063889
0 0.167448 0.805093 0.027604 0.075000
0 0.781510 0.352315 0.035937 0.049074
0 0.659896 0.223611 0.022917 0.065741
0 0.050781 0.745370 0.047396 0.046296
0 0.687760 0.209259 0.031771 0.051852
0 0.598437 0.056944 0.017708 0.071296
0 0.387760 0.037500 0.039062 0.041667
0 0.572396 0.030093 0.033333 0.049074
0 0.929948 0.305093 0.039062 0.043519
0 0.774219 0.162963 0.020313 0.059259
0 0.523958 0.251389 0.019792 0.065741
0 0.702865 0.161111 0.031771 0.053704
0 0.017969 0.541204 0.033854 0.041667
0 0.732031 0.200463 0.018229 0.065741
0 0.732031 0.875926 0.039062 0.046296
0 0.086979 0.064352 0.036458 0.037963
0 0.980208 0.206481 0.032292 0.062963
0 0.092188 0.894444 0.035417 0.064815
0 0.762500 0.295833 0.037500 0.039815
0 0.948958 0.126852 0.037500 0.035185
0 0.122135 0.883333 0.041146 0.059259
0 0.987760 0.823148 0.024479 0.044444
0 0.507552 0.137963 0.017188 0.066667
0 0.729948 0.138889 0.032813 0.055556
0 0.667708 0.083333 0.032292 0.053704
0 0.513542 0.902778 0.018750 0.064815
0 0.871354 0.237963 0.019792 0.066667
0 0.767188 0.206944 0.039583 0.036111
0 0.926042 0.153241 0.037500 0.037963
0 0.828385 0.148148 0.017188 0.066667
0 0.864062 0.492593 0.022917 0.061111
0 0.948958 0.090741 0.037500 0.040741
0 0.792969 0.152315 0.017188 0.065741
0 0.819531 0.918981 0.021354 0.054630
0 0.796615 0.707870 0.022396 0.054630
0 0.054427 0.026852 0.028646 0.051852
0 0.027344 0.843981 0.033854 0.071296
0 0.013021 0.469444 0.025000 0.070370
0 0.854688 0.198611 0.022917 0.065741
0 0.795052 0.272222 0.018229 0.066667
0 0.697656 0.100463 0.018229 0.065741
0 0.831250 0.331019 0.036458 0.039815
0 0.819010 0.050463 0.030729 0.049074
0 0.295052 0.927315 0.029687 0.063889
0 0.480208 0.916204 0.035417 0.050926
0 0.897656 0.127315 0.039062 0.041667
0 0.985417 0.090278 0.027083 0.052778
0 0.957812 0.044907 0.026042 0.045370
0 0.848958 0.500463 0.020833 0.056481
0 0.860938 0.030093 0.026042 0.052778
0 0.788281 0.071759 0.024479 0.058333
0 0.442448 0.758796 0.028646 0.039815
0 0.485938 0.955093 0.031250 0.054630
0 0.841667 0.259722 0.028125 0.065741
0 0.417969 0.085648 0.022396 0.034259
0 0.927865 0.217593 0.027604 0.072222
0 0.160938 0.904630 0.042708 0.037037
0 0.902604 0.019444 0.015625 0.037037
0 0.813021 0.292130 0.019792 0.054630
0 0.955469 0.931944 0.030729 0.041667
0 0.198958 0.931944 0.042708 0.037963
0 0.794531 0.746296 0.026562 0.029630
0 0.013021 0.187037 0.025000 0.042593
0 0.010937 0.086111 0.020833 0.040741
0 0.019531 0.943056 0.027604 0.071296
0 0.651302 0.428241 0.016146 0.041667
0 0.085156 0.011574 0.038021 0.021296
0 0.297656 0.013889 0.024479 0.025926
0 0.323437 0.955093 0.027083 0.065741
0 0.256771 0.943981 0.032292 0.063889
0 0.109896 0.943056 0.041667 0.049074
0 0.939844 0.013426 0.022396 0.025000
0 0.467969 0.963889 0.038021 0.059259
0 0.015365 0.881019 0.029687 0.043519
0 0.030469 0.888426 0.036979 0.050926
0 0.229948 0.981481 0.039062 0.035185
0 0.074479 0.980556 0.025000 0.033333
0 0.613021 0.980556 0.021875 0.029630
0 0.648698 0.978241 0.029687 0.041667
0 0.771875 0.973611 0.022917 0.017593
0 0.061979 0.880093 0.040625 0.047222
0 0.929688 0.068056 0.018750 0.028704
0 0.558594 0.517593 0.023438 0.068519
0 0.495573 0.352778 0.019271 0.062963
0 0.439063 0.304630 0.037500 0.050000
0 0.431510 0.257407 0.039062 0.051852
0 0.393229 0.137500 0.016667 0.037963
0 0.475521 0.169907 0.022917 0.073148
0 0.490885 0.144444 0.015104 0.081481
0 0.470313 0.222222 0.033333 0.048148
0 0.490365 0.271759 0.028646 0.065741
0 0.499219 0.207407 0.034896 0.042593
0 0.508333 0.258333 0.015625 0.074074
0 0.542448 0.248148 0.022396 0.079630
0 0.543750 0.176389 0.034375 0.058333
0 0.512500 0.362963 0.018750 0.074074
0 0.539844 0.343981 0.028646 0.054630
0 0.571354 0.334259 0.030208 0.057407
0 0.570052 0.297222 0.042188 0.033333
0 0.562240 0.264352 0.040104 0.037963
0 0.597396 0.249074 0.032292 0.038889
0 0.570573 0.208796 0.033854 0.050926
0 0.577344 0.181944 0.031771 0.067593
0 0.515104 0.166667 0.022917 0.062963
0 0.539323 0.139815 0.028646 0.064815
0 0.564323 0.084259 0.018229 0.051852
0 0.656771 0.358796 0.021875 0.076852
0 0.748698 0.139352 0.031771 0.052778
0 0.734635 0.068981 0.000521 0.002778
0 0.932031 0.252778 0.027604 0.042593
0 0.994531 0.633796 0.010937 0.036111
0 0.536979 0.440741 0.025000 0.077778
0 0.053906 0.525000 0.029687 0.046296
0 0.042708 0.490278 0.022917 0.058333
