0 0.651302 0.698148 0.029687 0.061111
0 0.578906 0.720370 0.025521 0.059259
0 0.371875 0.731481 0.030208 0.059259
0 0.411458 0.490741 0.032292 0.053704
0 0.491667 0.757407 0.030208 0.059259
0 0.553906 0.652315 0.025521 0.060185
0 0.627604 0.812037 0.023958 0.070370
0 0.231510 0.497222 0.033854 0.042593
0 0.601562 0.313889 0.019792 0.066667
0 0.714583 0.600926 0.020833 0.062963
0 0.688021 0.636111 0.026042 0.057407
0 0.253385 0.442593 0.032813 0.055556
0 0.383073 0.685648 0.033854 0.049074
0 0.522135 0.208796 0.020313 0.063889
0 0.438281 0.832870 0.033854 0.043519
0 0.430990 0.581019 0.034896 0.047222
0 0.583854 0.199074 0.017708 0.068519
0 0.536979 0.106944 0.022917 0.063889
0 0.526563 0.628704 0.019792 0.064815
0 0.586979 0.412037 0.030208 0.061111
0 0.515885 0.067593 0.024479 0.057407
0 0.563542 0.201389 0.022917 0.063889
0 0.638021 0.439352 0.025000 0.067593
0 0.280208 0.437963 0.025000 0.062963
0 0.616927 0.571296 0.021354 0.062963
0 0.764583 0.748611 0.033333 0.054630
0 0.767448 0.572685 0.024479 0.056481
0 0.642448 0.643056 0.031771 0.047222
0 0.906510 0.455093 0.032813 0.050926
0 0.915885 0.773611 0.036979 0.047222
0 0.540365 0.543056 0.018229 0.062037
0 0.660937 0.222222 0.021875 0.062963
0 0.471094 0.407870 0.033854 0.036111
0 0.430729 0.360648 0.037500 0.039815
0 0.547917 0.368981 0.017708 0.065741
0 0.263281 0.594444 0.035937 0.046296
0 0.246615 0.287500 0.023438 0.067593
0 0.371875 0.534722 0.032292 0.056481
0 0.583594 0.810648 0.035937 0.060185
0 0.516146 0.874537 0.036458 0.047222
0 0.597917 0.648611 0.031250 0.045370
0 0.248438 0.129167 0.026042 0.058333
0 0.362760 0.805093 0.033854 0.050926
0 0.417187 0.100000 0.032292 0.057407
0 0.283594 0.293056 0.027604 0.062037
0 0.547656 0.830556 0.034896 0.048148
0 0.755729 0.240278 0.023958 0.069444
0 0.309635 0.479630 0.038021 0.042593
0 0.953385 0.536574 0.036979 0.043519
0 0.251042 0.559722 0.032292 0.056481
0 0.327865 0.535185 0.024479 0.062963
0 0.744531 0.654630 0.028646 0.059259
0 0.583594 0.252778 0.027604 0.042593
0 0.400260 0.877778 0.023438 0.064815
0 0.304688 0.800000 0.038542 0.037037
0 0.848958 0.461574 0.022917 0.063889
0 0.358594 0.560648 0.025521 0.056481
0 0.863542 0.521296 0.025000 0.053704
0 0.882552 0.694907 0.038021 0.041667
0 0.149219 0.118519 0.025521 0.070370
0 0.964063 0.458333 0.032292 0.057407
0 0.885156 0.186111 0.022396 0.066667
0 0.702344 0.431481 0.018229 0.064815
0 0.330729 0.338426 0.037500 0.041667
0 0.832292 0.660648 0.023958 0.065741
0 0.678906 0.460648 0.020313 0.052778
0 0.293490 0.548148 0.035937 0.040741
0 0.454427 0.755556 0.033854 0.061111
0 0.820052 0.609722 0.036979 0.034259
0 0.678385 0.289815 0.018229 0.062963
0 0.735156 0.567130 0.020313 0.054630
0 0.373177 0.154630 0.033854 0.053704
0 0.850260 0.384259 0.024479 0.062963
0 0.183333 0.475000 0.032292 0.051852
0 0.717969 0.680556 0.032813 0.040741
0 0.179167 0.188889 0.038542 0.044444
0 0.441406 0.038889 0.027604 0.053704
0 0.188281 0.393981 0.032813 0.056481
0 0.370833 0.248148 0.019792 0.072222
0 0.692969 0.370370 0.033854 0.037037
0 0.192188 0.236111 0.037500 0.044444
0 0.411979 0.133796 0.036458 0.050926
0 0.369271 0.441204 0.025000 0.071296
0 0.351042 0.200000 0.039583 0.042593
0 0.747396 0.438426 0.028125 0.060185
0 0.642448 0.040278 0.031771 0.054630
0 0.332292 0.132407 0.020833 0.068519
0 0.717448 0.231944 0.035937 0.039815
0 0.812240 0.655093 0.021354 0.062037
0 0.759896 0.875926 0.033333 0.044444
0 0.803385 0.503241 0.028646 0.067593
0 0.190625 0.305093 0.038542 0.036111
0 0.650000 0.375000 0.032292 0.037037
0 0.288802 0.227315 0.036979 0.045370
0 0.947917 0.621759 0.039583 0.047222
0 0.637760 0.879167 0.031771 0.062037
0 0.600781 0.848148 0.019271 0.064815
0 0.639844 0.318056 0.020313 0.063889
0 0.508073 0.111574 0.033854 0.039815
0 0.825260 0.190741 0.023438 0.066667
0 0.250000 0.188889 0.042708 0.046296
0 0.933333 0.320833 0.017708 0.052778
0 0.338542 0.787037 0.031250 0.068519
0 0.605729 0.075926 0.038542 0.044444
0 0.768750 0.412037 0.017708 0.064815
0 0.673438 0.150463 0.036458 0.043519
0 0.413021 0.454167 0.030208 0.036111
0 0.174219 0.108796 0.036979 0.054630
0 0.436198 0.675000 0.036979 0.040741
0 0.128906 0.168981 0.024479 0.071296
0 0.161458 0.343981 0.036458 0.058333
0 0.566146 0.043056 0.018750 0.062037
0 0.880729 0.361111 0.030208 0.057407
0 0.771615 0.647222 0.028646 0.062963
0 0.451302 0.095370 0.036979 0.042593
0 0.728646 0.419444 0.029167 0.037037
0 0.798698 0.123611 0.034896 0.052778
0 0.715625 0.178704 0.038542 0.046296
0 0.945573 0.687963 0.035937 0.042593
0 0.029427 0.692593 0.027604 0.070370
0 0.231510 0.336574 0.026562 0.065741
0 0.211458 0.407407 0.022917 0.062963
0 0.336719 0.405093 0.036979 0.049074
0 0.853906 0.822222 0.033854 0.057407
0 0.175260 0.536111 0.024479 0.064815
0 0.315625 0.297222 0.039583 0.035185
0 0.321875 0.445833 0.037500 0.037963
0 0.213281 0.156944 0.040104 0.037963
0 0.336979 0.052315 0.023958 0.065741
0 0.770833 0.152315 0.036458 0.041667
0 0.784896 0.506481 0.027083 0.066667
0 0.739844 0.347222 0.029687 0.066667
0 0.616406 0.117593 0.036979 0.046296
0 0.122135 0.112963 0.035937 0.057407
0 0.835677 0.123611 0.033854 0.043519
0 0.023958 0.550926 0.032292 0.066667
0 0.938802 0.118519 0.021354 0.061111
0 0.827865 0.377778 0.020313 0.059259
0 0.109896 0.140741 0.020833 0.068519
0 0.791146 0.651852 0.023958 0.061111
0 0.242188 0.381481 0.033333 0.064815
0 0.138281 0.525463 0.024479 0.065741
0 0.400260 0.171759 0.041146 0.036111
0 0.092188 0.172685 0.022917 0.065741
0 0.420052 0.869444 0.022396 0.055556
0 0.845573 0.270370 0.030729 0.051852
0 0.906510 0.300463 0.036979 0.045370
0 0.150000 0.564352 0.021875 0.067593
0 0.119531 0.334259 0.031771 0.064815
0 0.881510 0.856944 0.043229 0.037963
0 0.213021 0.275463 0.040625 0.034259
0 0.816667 0.579630 0.034375 0.031481
0 0.766146 0.098611 0.037500 0.050926
0 0.046615 0.731481 0.029687 0.064815
0 0.887500 0.821759 0.038542 0.037963
0 0.171354 0.060648 0.025000 0.060185
0 0.383594 0.031481 0.031771 0.051852
0 0.751563 0.805556 0.020833 0.068519
0 0.058854 0.667593 0.045833 0.042593
0 0.121094 0.477778 0.031771 0.064815
0 0.725260 0.037500 0.025521 0.063889
0 0.065625 0.522222 0.030208 0.062963
0 0.150521 0.415278 0.025000 0.062037
0 0.848437 0.331944 0.035417 0.041667
0 0.826823 0.718981 0.018229 0.062037
0 0.105729 0.245833 0.031250 0.062037
0 0.233854 0.408796 0.027083 0.056481
0 0.866927 0.042593 0.025521 0.051852
0 0.250000 0.033333 0.026042 0.064815
0 0.254688 0.737500 0.019792 0.071296
0 0.245312 0.084722 0.038542 0.039815
0 0.067708 0.468056 0.035417 0.060185
0 0.273958 0.050926 0.023958 0.062963
0 0.600260 0.574537 0.020313 0.058333
0 0.947656 0.068056 0.030729 0.045370
0 0.139063 0.456481 0.037500 0.061111
0 0.442969 0.775000 0.030729 0.048148
0 0.077604 0.762037 0.043750 0.040741
0 0.761458 0.028704 0.034375 0.050000
0 0.982292 0.071759 0.035417 0.036111
0 0.074740 0.373148 0.023438 0.072222
0 0.762240 0.524074 0.027604 0.048148
0 0.192708 0.846296 0.030208 0.053704
0 0.539323 0.913426 0.036979 0.030556
0 0.195573 0.548611 0.022396 0.069444
0 0.886979 0.094444 0.036458 0.048148
0 0.517969 0.029167 0.032813 0.039815
0 0.027083 0.620833 0.025000 0.067593
0 0.149479 0.235648 0.029167 0.065741
0 0.258594 0.905093 0.041146 0.043519
0 0.206510 0.600926 0.024479 0.064815
0 0.290625 0.086574 0.043750 0.036111
0 0.494531 0.902315 0.035937 0.060185
0 0.087240 0.320370 0.024479 0.062963
0 0.851823 0.031481 0.022396 0.061111
0 0.161979 0.659259 0.041667 0.050000
0 0.190365 0.897222 0.039062 0.044444
0 0.878646 0.316204 0.037500 0.036111
0 0.062760 0.149537 0.033854 0.062037
0 0.193750 0.716667 0.028125 0.070370
0 0.128385 0.780093 0.044271 0.047222
0 0.118750 0.033333 0.043750 0.044444
0 0.927344 0.030556 0.038021 0.038889
0 0.913802 0.201852 0.038021 0.064815
0 0.925000 0.706944 0.028125 0.041667
0 0.960156 0.123611 0.022396 0.050926
0 0.107813 0.674537 0.042708 0.054630
0 0.939063 0.275926 0.036458 0.040741
0 0.985156 0.136111 0.028646 0.055556
0 0.016927 0.442130 0.032813 0.049074
0 0.916146 0.057407 0.034375 0.035185
0 0.131510 0.897685 0.033854 0.062037
0 0.134375 0.704630 0.027083 0.068519
0 0.928646 0.255093 0.020833 0.058333
0 0.141406 0.836111 0.026562 0.068519
0 0.982031 0.857407 0.034896 0.051852
0 0.083073 0.622222 0.034896 0.031481
0 0.597396 0.015278 0.018750 0.028704
0 0.307552 0.167130 0.029687 0.032407
0 0.074219 0.019444 0.039062 0.037037
0 0.990365 0.776852 0.019271 0.029630
0 0.745573 0.131481 0.024479 0.037037
0 0.286979 0.871759 0.037500 0.050926
0 0.020573 0.358796 0.040104 0.047222
0 0.990104 0.238889 0.018750 0.044444
0 0.993229 0.339352 0.013542 0.036111
0 0.050260 0.862037 0.046354 0.072222
0 0.096094 0.375463 0.029687 0.073148
0 0.878646 0.586574 0.045833 0.065741
0 0.010417 0.763889 0.019792 0.037037
0 0.335156 0.912963 0.023438 0.061111
0 0.981771 0.191204 0.016667 0.025000
0 0.489583 0.944907 0.033333 0.050926
0 0.408594 0.034722 0.015104 0.039815
0 0.014583 0.868981 0.028125 0.063889
0 0.093490 0.287963 0.029687 0.061111
0 0.983594 0.549537 0.020313 0.041667
0 0.299479 0.943519 0.033333 0.062963
0 0.009635 0.237037 0.018229 0.037037
0 0.423698 0.962037 0.028646 0.059259
0 0.237760 0.981481 0.039062 0.029630
0 0.621354 0.941667 0.036458 0.048148
0 0.078906 0.944907 0.038021 0.056481
0 0.497656 0.980093 0.034896 0.039815
0 0.706250 0.976852 0.023958 0.022222
0 0.460156 0.978704 0.029687 0.042593
0 0.167448 0.969907 0.038021 0.052778
0 0.301563 0.981481 0.034375 0.037037
0 0.026042 0.950926 0.044792 0.037037
0 0.059375 0.975463 0.038542 0.034259
0 0.038281 0.982870 0.034896 0.034259
