0 0.261979 0.377315 0.025000 0.060185
0 0.229687 0.668056 0.028125 0.062037
0 0.270313 0.316204 0.030208 0.058333
0 0.166927 0.389815 0.031771 0.057407
0 0.148958 0.654167 0.033333 0.054630
0 0.347917 0.498611 0.035417 0.043519
0 0.208854 0.629167 0.026042 0.058333
0 0.570573 0.324074 0.031771 0.059259
0 0.588021 0.460648 0.031250 0.043519
0 0.175521 0.540278 0.023958 0.060185
0 0.170833 0.616667 0.035417 0.057407
0 0.352083 0.566667 0.035417 0.051852
0 0.129688 0.673611 0.030208 0.054630
0 0.277604 0.255093 0.027083 0.065741
0 0.245573 0.318056 0.032813 0.056481
0 0.254167 0.681481 0.037500 0.037037
0 0.383333 0.503704 0.035417 0.038889
0 0.103125 0.456019 0.038542 0.043519
0 0.313542 0.387500 0.021875 0.067593
0 0.255469 0.571296 0.036979 0.038889
0 0.446875 0.621759 0.027083 0.062037
0 0.254427 0.431019 0.041146 0.037963
0 0.320833 0.425000 0.022917 0.055556
0 0.438542 0.220833 0.029167 0.058333
0 0.314063 0.229167 0.038542 0.039815
0 0.280208 0.807407 0.025000 0.062963
0 0.370833 0.188426 0.026042 0.071296
0 0.439844 0.542593 0.030729 0.048148
0 0.398177 0.624074 0.035937 0.037037
0 0.264323 0.199537 0.032813 0.052778
0 0.398177 0.459722 0.033854 0.039815
0 0.434115 0.345370 0.026562 0.061111
0 0.308594 0.887963 0.035937 0.059259
0 0.258854 0.540278 0.036458 0.036111
0 0.594531 0.294907 0.033854 0.056481
0 0.441667 0.773611 0.027083 0.054630
0 0.459375 0.385648 0.032292 0.058333
0 0.424479 0.558333 0.023958 0.057407
0 0.476302 0.405556 0.030729 0.059259
0 0.212500 0.744907 0.034375 0.060185
0 0.463281 0.648148 0.021354 0.066667
0 0.317969 0.189815 0.034896 0.037037
0 0.313281 0.296759 0.035937 0.036111
0 0.200000 0.903241 0.032292 0.056481
0 0.194271 0.765278 0.031250 0.056481
0 0.157031 0.858333 0.038021 0.057407
0 0.423177 0.187500 0.035937 0.041667
0 0.339323 0.746296 0.025521 0.062963
0 0.371094 0.637500 0.019271 0.056481
0 0.357031 0.330093 0.035937 0.045370
0 0.535937 0.557407 0.034375 0.040741
0 0.416667 0.100926 0.026042 0.055556
0 0.284635 0.369907 0.020313 0.067593
0 0.495312 0.542130 0.020833 0.063889
0 0.555990 0.775926 0.022396 0.064815
0 0.560156 0.456481 0.027604 0.066667
0 0.241146 0.893519 0.031250 0.057407
0 0.243750 0.851852 0.026042 0.062963
0 0.615885 0.359722 0.035937 0.058333
0 0.500260 0.348611 0.028646 0.056481
0 0.471615 0.210648 0.030729 0.062037
0 0.583073 0.629167 0.027604 0.067593
0 0.323177 0.830093 0.035937 0.049074
0 0.452865 0.459259 0.034896 0.040741
0 0.673698 0.474537 0.031771 0.052778
0 0.510938 0.805556 0.019792 0.066667
0 0.155729 0.454167 0.041667 0.043519
0 0.618750 0.719444 0.032292 0.046296
0 0.137760 0.582407 0.029687 0.064815
0 0.074479 0.396759 0.044792 0.043519
0 0.645573 0.449074 0.031771 0.048148
0 0.232813 0.379167 0.021875 0.058333
0 0.472917 0.573148 0.020833 0.072222
0 0.092448 0.630556 0.042188 0.046296
0 0.463802 0.150463 0.027604 0.063889
0 0.658073 0.380556 0.032813 0.050000
0 0.360938 0.133333 0.036458 0.042593
0 0.415365 0.157407 0.034896 0.044444
0 0.404687 0.301389 0.025000 0.067593
0 0.146875 0.239815 0.038542 0.046296
0 0.685417 0.224074 0.031250 0.055556
0 0.346615 0.451852 0.038021 0.037037
0 0.238021 0.231944 0.038542 0.054630
0 0.287500 0.462037 0.022917 0.064815
0 0.022396 0.593981 0.034375 0.056481
0 0.495052 0.462037 0.034896 0.038889
0 0.187500 0.115741 0.023958 0.070370
0 0.594010 0.106481 0.031771 0.046296
0 0.670052 0.622222 0.031771 0.059259
0 0.516406 0.680093 0.021354 0.063889
0 0.113802 0.133796 0.025521 0.063889
0 0.431250 0.836574 0.040625 0.037963
0 0.253385 0.094444 0.020313 0.062963
0 0.146354 0.353704 0.026042 0.066667
0 0.139844 0.156019 0.020313 0.071296
0 0.630469 0.187500 0.023438 0.060185
0 0.119531 0.414352 0.042188 0.041667
0 0.538281 0.470370 0.025521 0.070370
0 0.341406 0.057407 0.019271 0.070370
0 0.108333 0.723148 0.041667 0.035185
0 0.592187 0.225926 0.030208 0.061111
0 0.512500 0.084259 0.030208 0.051852
0 0.278385 0.892130 0.027604 0.058333
0 0.922135 0.369444 0.032813 0.048148
0 0.044271 0.558796 0.035417 0.056481
0 0.171094 0.692593 0.039062 0.038889
0 0.201563 0.379167 0.035417 0.054630
0 0.405208 0.775926 0.020833 0.062963
0 0.538802 0.346296 0.020313 0.059259
0 0.370833 0.869444 0.027083 0.062963
0 0.652083 0.268519 0.022917 0.055556
0 0.592187 0.047222 0.033333 0.046296
0 0.489063 0.879630 0.019792 0.068519
0 0.184635 0.816204 0.039062 0.037963
0 0.721875 0.239815 0.027083 0.055556
0 0.749219 0.471759 0.031771 0.043519
0 0.540885 0.722222 0.029687 0.059259
0 0.385677 0.044907 0.030729 0.056481
0 0.147656 0.119907 0.024479 0.076852
0 0.710677 0.463426 0.023438 0.062037
0 0.485156 0.075000 0.024479 0.059259
0 0.477604 0.492593 0.035417 0.037037
0 0.978125 0.266204 0.029167 0.060185
0 0.772135 0.356481 0.028646 0.059259
0 0.564063 0.693981 0.032292 0.036111
0 0.613542 0.675000 0.034375 0.038889
0 0.942708 0.580093 0.032292 0.058333
0 0.529167 0.619907 0.019792 0.065741
0 0.175781 0.050926 0.027604 0.061111
0 0.700521 0.382870 0.023958 0.067593
0 0.083854 0.714815 0.032292 0.064815
0 0.904948 0.439352 0.022396 0.067593
0 0.317708 0.054630 0.023958 0.072222
0 0.491927 0.764815 0.033854 0.035185
0 0.060417 0.338426 0.038542 0.047222
0 0.197396 0.339815 0.038542 0.042593
0 0.037760 0.666204 0.029687 0.067593
0 0.506510 0.249074 0.023438 0.066667
0 0.451562 0.044444 0.026042 0.064815
0 0.599740 0.572685 0.022396 0.056481
0 0.764062 0.247685 0.023958 0.056481
0 0.423438 0.043519 0.029167 0.059259
0 0.081250 0.357407 0.042708 0.038889
0 0.753125 0.428241 0.030208 0.062037
0 0.379427 0.808333 0.033854 0.066667
0 0.937760 0.334259 0.022396 0.062963
0 0.913021 0.238889 0.031250 0.059259
0 0.464844 0.871759 0.029687 0.054630
0 0.670052 0.075463 0.026562 0.063889
0 0.728906 0.416667 0.021354 0.064815
0 0.613021 0.838889 0.033333 0.046296
0 0.866927 0.348148 0.032813 0.062963
0 0.064062 0.496296 0.045833 0.037037
0 0.824479 0.430093 0.028125 0.063889
0 0.036458 0.418056 0.041667 0.036111
0 0.825260 0.204630 0.030729 0.050000
0 0.028646 0.361111 0.022917 0.074074
0 0.860156 0.490741 0.032813 0.061111
0 0.617448 0.582407 0.018229 0.066667
0 0.115104 0.379167 0.027083 0.049074
0 0.069792 0.280093 0.025000 0.073148
0 0.013802 0.179630 0.026562 0.064815
0 0.013021 0.632870 0.025000 0.069444
0 0.944010 0.714815 0.031771 0.057407
0 0.854427 0.194907 0.025521 0.067593
0 0.543750 0.254630 0.017708 0.070370
0 0.662240 0.220370 0.019271 0.066667
0 0.831771 0.352315 0.028125 0.063889
0 0.323437 0.687037 0.043750 0.035185
0 0.128125 0.840741 0.031250 0.055556
0 0.953906 0.178241 0.034896 0.041667
0 0.973437 0.411574 0.029167 0.063889
0 0.771615 0.164815 0.020313 0.061111
0 0.882552 0.240278 0.025521 0.065741
0 0.723698 0.196296 0.040104 0.038889
0 0.796094 0.402778 0.026562 0.066667
0 0.929427 0.754167 0.022396 0.069444
0 0.828385 0.516204 0.032813 0.054630
0 0.172396 0.735648 0.018750 0.062037
0 0.286458 0.060185 0.030208 0.064815
0 0.765365 0.207407 0.038021 0.040741
0 0.302344 0.081481 0.019271 0.062963
0 0.855729 0.295370 0.037500 0.046296
0 0.917708 0.300463 0.035417 0.052778
0 0.053385 0.742593 0.028646 0.075926
0 0.673958 0.155556 0.039583 0.044444
0 0.013281 0.788426 0.025521 0.063889
0 0.052865 0.176852 0.046354 0.038889
0 0.216927 0.873611 0.022396 0.058333
0 0.861979 0.569907 0.023958 0.054630
0 0.797135 0.155556 0.036979 0.046296
0 0.878125 0.093056 0.022917 0.067593
0 0.271094 0.024074 0.024479 0.046296
0 0.896875 0.506481 0.043750 0.075926
0 0.477083 0.018981 0.028125 0.036111
0 0.032031 0.114352 0.041146 0.043519
0 0.522656 0.248148 0.017188 0.068519
0 0.931250 0.214352 0.033333 0.056481
0 0.771615 0.800463 0.029687 0.060185
0 0.831771 0.143519 0.017708 0.066667
0 0.923698 0.677778 0.032813 0.057407
0 0.020573 0.313426 0.026562 0.062037
0 0.923438 0.044444 0.027083 0.055556
0 0.806510 0.686574 0.035937 0.037963
0 0.854427 0.115741 0.022396 0.068519
0 0.800521 0.067593 0.027083 0.057407
0 0.170313 0.932870 0.022917 0.067593
0 0.031510 0.851389 0.028646 0.082407
0 0.045833 0.305556 0.035417 0.046296
0 0.854688 0.806481 0.034375 0.051852
0 0.904948 0.617130 0.022396 0.062037
0 0.888281 0.678241 0.041146 0.039815
0 0.657292 0.590741 0.034375 0.040741
0 0.986979 0.468981 0.025000 0.045370
0 0.047656 0.061111 0.039062 0.042593
0 0.014844 0.072685 0.028646 0.049074
0 0.899219 0.746296 0.023438 0.068519
0 0.514844 0.936111 0.024479 0.062963
0 0.698438 0.096296 0.018750 0.070370
0 0.967969 0.031481 0.036979 0.040741
0 0.658333 0.022222 0.033333 0.042593
0 0.985677 0.833333 0.028646 0.059259
0 0.124219 0.547222 0.038021 0.072222
0 0.730729 0.023611 0.023958 0.043519
0 0.823958 0.071759 0.022917 0.067593
0 0.734896 0.115278 0.020833 0.050926
0 0.928125 0.149074 0.030208 0.064815
0 0.071354 0.868519 0.026042 0.061111
0 0.011719 0.470370 0.022396 0.070370
0 0.046615 0.775000 0.027604 0.072222
0 0.090625 0.925926 0.034375 0.051852
0 0.359896 0.013889 0.038542 0.025926
0 0.695052 0.907407 0.035937 0.042593
0 0.223177 0.794907 0.041146 0.063889
0 0.623177 0.258796 0.018229 0.045370
0 0.804948 0.016204 0.035937 0.030556
0 0.011979 0.849537 0.022917 0.069444
0 0.795052 0.745833 0.027604 0.030556
0 0.819010 0.577315 0.023438 0.030556
0 0.486458 0.943981 0.027083 0.060185
0 0.626302 0.401852 0.020313 0.048148
0 0.305990 0.945833 0.023438 0.065741
0 0.013281 0.719907 0.024479 0.067593
0 0.987500 0.041667 0.023958 0.037037
0 0.590625 0.925926 0.036458 0.050000
0 0.082552 0.011111 0.039062 0.020370
0 0.396094 0.951852 0.024479 0.066667
0 0.560156 0.010185 0.019271 0.018519
0 0.435417 0.886111 0.026042 0.051852
0 0.332813 0.977778 0.036458 0.031481
0 0.957552 0.981944 0.038021 0.034259
0 0.432031 0.967130 0.023438 0.054630
0 0.384375 0.982407 0.041667 0.035185
0 0.052083 0.914352 0.037500 0.049074
0 0.333594 0.125926 0.027604 0.077778
0 0.294531 0.154630 0.016146 0.072222
0 0.277344 0.139815 0.023438 0.064815
0 0.249479 0.146759 0.026042 0.043519
0 0.428646 0.399074 0.020833 0.059259
0 0.508854 0.420370 0.022917 0.064815
0 0.391406 0.134722 0.015104 0.050926
0 0.387500 0.079167 0.033333 0.034259
0 0.402865 0.208333 0.024479 0.062963
0 0.489583 0.182407 0.034375 0.061111
0 0.504687 0.145370 0.019792 0.074074
0 0.517188 0.171759 0.020833 0.065741
0 0.535677 0.152778 0.019271 0.075926
0 0.558854 0.077778 0.032292 0.037037
0 0.556250 0.113889 0.039583 0.040741
0 0.560677 0.153704 0.038021 0.046296
0 0.586979 0.160185 0.032292 0.066667
0 0.576562 0.202315 0.034375 0.071296
0 0.992708 0.595370 0.014583 0.053704
0 0.993490 0.981481 0.013021 0.031481
0 0.203646 0.978704 0.040625 0.040741
0 0.079948 0.971296 0.032813 0.055556
0 0.213542 0.550926 0.020833 0.037037
0 0.221615 0.610648 0.049479 0.058333
0 0.974740 0.117130 0.029687 0.052778
0 0.971094 0.075463 0.035937 0.036111
