0 0.362760 0.518519 0.034896 0.050000
0 0.399740 0.650926 0.032813 0.062963
0 0.479427 0.409259 0.031771 0.059259
0 0.167187 0.433796 0.036458 0.054630
0 0.422135 0.388889 0.025521 0.059259
0 0.178125 0.330093 0.034375 0.062037
0 0.362500 0.478704 0.035417 0.046296
0 0.295833 0.442130 0.019792 0.063889
0 0.374740 0.590741 0.028646 0.055556
0 0.347656 0.579167 0.032813 0.045370
0 0.393229 0.360185 0.020833 0.057407
0 0.258594 0.334722 0.032813 0.056481
0 0.359115 0.431481 0.021354 0.061111
0 0.283073 0.339352 0.025521 0.062037
0 0.175781 0.699537 0.025521 0.063889
0 0.370833 0.350463 0.020833 0.065741
0 0.467187 0.553704 0.025000 0.062963
0 0.204427 0.249537 0.030729 0.065741
0 0.240365 0.613889 0.038021 0.048148
0 0.131250 0.712963 0.034375 0.044444
0 0.573438 0.326852 0.028125 0.055556
0 0.248177 0.559259 0.027604 0.064815
0 0.221875 0.317593 0.030208 0.061111
0 0.272135 0.244907 0.031771 0.058333
0 0.109115 0.390741 0.030729 0.059259
0 0.406250 0.318056 0.017708 0.065741
0 0.438021 0.207870 0.035417 0.041667
0 0.322396 0.290278 0.040625 0.050926
0 0.493490 0.846296 0.034896 0.053704
0 0.317708 0.180093 0.027083 0.069444
0 0.276302 0.403241 0.036979 0.047222
0 0.573438 0.475000 0.022917 0.059259
0 0.240104 0.240278 0.026042 0.063889
0 0.316146 0.233796 0.035417 0.047222
0 0.531510 0.687500 0.023438 0.062037
0 0.538802 0.512037 0.025521 0.062963
0 0.368490 0.123148 0.028646 0.064815
0 0.251823 0.290741 0.031771 0.055556
0 0.373698 0.643056 0.019271 0.067593
0 0.270833 0.444444 0.033333 0.040741
0 0.238021 0.788426 0.035417 0.056481
0 0.329167 0.393519 0.033333 0.042593
0 0.397396 0.818519 0.032292 0.050000
0 0.469792 0.360648 0.036458 0.041667
0 0.215885 0.748148 0.030729 0.064815
0 0.297656 0.648148 0.032813 0.053704
0 0.313542 0.698148 0.037500 0.042593
0 0.330208 0.513889 0.019792 0.072222
0 0.091406 0.345833 0.034896 0.056481
0 0.413021 0.166667 0.019792 0.068519
0 0.386458 0.274074 0.025000 0.064815
0 0.382292 0.177315 0.035417 0.041667
0 0.638021 0.443519 0.022917 0.062963
0 0.365365 0.859259 0.033854 0.048148
0 0.613542 0.441667 0.026042 0.064815
0 0.090885 0.120370 0.035937 0.048148
0 0.580729 0.766667 0.027083 0.064815
0 0.427083 0.792593 0.035417 0.042593
0 0.504687 0.648611 0.027083 0.058333
0 0.152083 0.747685 0.027083 0.060185
0 0.211979 0.691204 0.038542 0.054630
0 0.186719 0.760185 0.030729 0.050000
0 0.273698 0.081944 0.029687 0.060185
0 0.601302 0.675000 0.023438 0.064815
0 0.294271 0.180556 0.021875 0.064815
0 0.655990 0.480093 0.020313 0.062037
0 0.541667 0.254630 0.030208 0.057407
0 0.488021 0.790278 0.033333 0.047222
0 0.708333 0.433796 0.018750 0.060185
0 0.546615 0.362037 0.025521 0.064815
0 0.064323 0.387963 0.030729 0.055556
0 0.266927 0.209259 0.035937 0.059259
0 0.673177 0.820370 0.024479 0.057407
0 0.640885 0.616204 0.023438 0.054630
0 0.210417 0.362963 0.028125 0.061111
0 0.577865 0.886111 0.025521 0.064815
0 0.265885 0.769907 0.029687 0.063889
0 0.137760 0.467130 0.026562 0.062037
0 0.679167 0.699074 0.023958 0.064815
0 0.328125 0.064815 0.032292 0.057407
0 0.503906 0.067130 0.028646 0.058333
0 0.529427 0.386574 0.036979 0.043519
0 0.207031 0.195833 0.039062 0.049074
0 0.680990 0.412500 0.027604 0.060185
0 0.194531 0.468981 0.043229 0.045370
0 0.446875 0.568981 0.017708 0.069444
0 0.253125 0.093519 0.023958 0.061111
0 0.602344 0.319444 0.017188 0.066667
0 0.933594 0.558796 0.035937 0.047222
0 0.600781 0.573148 0.022396 0.057407
0 0.320312 0.785648 0.031250 0.065741
0 0.507552 0.732407 0.019271 0.064815
0 0.634896 0.550463 0.018750 0.063889
0 0.632552 0.116204 0.023438 0.058333
0 0.525781 0.055556 0.028646 0.051852
0 0.951562 0.392593 0.035417 0.050000
0 0.648698 0.354167 0.024479 0.060185
0 0.502604 0.523611 0.034375 0.036111
0 0.079427 0.697222 0.022396 0.070370
0 0.652083 0.756944 0.025000 0.063889
0 0.576823 0.670833 0.020313 0.067593
0 0.146094 0.219444 0.022396 0.057407
0 0.631250 0.276852 0.016667 0.066667
0 0.199740 0.093056 0.036979 0.058333
0 0.186719 0.553241 0.027604 0.069444
0 0.089844 0.166667 0.035937 0.048148
0 0.110417 0.272685 0.038542 0.041667
0 0.466146 0.725463 0.033333 0.036111
0 0.311198 0.751389 0.039062 0.047222
0 0.216667 0.816204 0.031250 0.063889
0 0.126823 0.669907 0.038021 0.039815
0 0.250000 0.389815 0.037500 0.042593
0 0.140365 0.520370 0.024479 0.055556
0 0.102865 0.682407 0.022396 0.068519
0 0.490104 0.744907 0.018750 0.058333
0 0.074219 0.309722 0.040104 0.050926
0 0.812760 0.688889 0.028646 0.055556
0 0.639844 0.823148 0.021354 0.068519
0 0.135677 0.584259 0.023438 0.064815
0 0.884896 0.534259 0.020833 0.066667
0 0.559896 0.612500 0.017708 0.062037
0 0.059896 0.115278 0.022917 0.069444
0 0.702865 0.231481 0.031771 0.061111
0 0.795573 0.455556 0.030729 0.057407
0 0.925000 0.651389 0.022917 0.067593
0 0.045573 0.225463 0.042188 0.043519
0 0.070052 0.067130 0.034896 0.037963
0 0.573438 0.826389 0.030208 0.032407
0 0.409375 0.872222 0.034375 0.044444
0 0.146354 0.113889 0.030208 0.075926
0 0.467187 0.114352 0.036458 0.050926
0 0.892708 0.693056 0.036458 0.041667
0 0.195312 0.868056 0.035417 0.054630
0 0.326562 0.671296 0.036458 0.040741
0 0.762760 0.374537 0.033854 0.034259
0 0.249740 0.161111 0.036979 0.059259
0 0.911979 0.434259 0.020833 0.062963
0 0.087760 0.872222 0.033854 0.064815
0 0.909375 0.388889 0.034375 0.050000
0 0.126042 0.060648 0.039583 0.041667
0 0.078646 0.502778 0.036458 0.061111
0 0.846354 0.577778 0.038542 0.031481
0 0.386979 0.041204 0.038542 0.039815
0 0.672656 0.075000 0.030729 0.046296
0 0.814063 0.505093 0.028125 0.062037
0 0.967187 0.344444 0.022917 0.066667
0 0.456771 0.846759 0.035417 0.041667
0 0.019271 0.343519 0.033333 0.072222
0 0.484375 0.900000 0.031250 0.051852
0 0.014323 0.812037 0.027604 0.062963
0 0.702344 0.087500 0.021354 0.062037
0 0.946094 0.643519 0.025521 0.057407
0 0.753125 0.661111 0.022917 0.057407
0 0.838021 0.412963 0.025000 0.059259
0 0.929948 0.754167 0.024479 0.065741
0 0.084115 0.607407 0.024479 0.074074
0 0.810417 0.386111 0.020833 0.061111
0 0.846094 0.340741 0.030729 0.046296
0 0.858073 0.484259 0.032813 0.061111
0 0.746354 0.134722 0.027083 0.047222
0 0.771094 0.251852 0.026562 0.059259
0 0.870573 0.457407 0.034896 0.061111
0 0.050781 0.809722 0.024479 0.067593
0 0.192969 0.825926 0.026562 0.055556
0 0.952083 0.488426 0.031250 0.045370
0 0.696094 0.134722 0.033854 0.037963
0 0.819010 0.640741 0.034896 0.051852
0 0.440885 0.033333 0.036979 0.048148
0 0.673958 0.173148 0.038542 0.042593
0 0.555469 0.051852 0.036979 0.037037
0 0.786979 0.622685 0.022917 0.054630
0 0.965104 0.276852 0.039583 0.038889
0 0.940625 0.324537 0.034375 0.052778
0 0.975781 0.233796 0.034896 0.037963
0 0.841406 0.506019 0.034896 0.047222
0 0.209635 0.526852 0.032813 0.070370
0 0.507031 0.137037 0.017188 0.062963
0 0.872917 0.165741 0.020833 0.062963
0 0.851302 0.192130 0.022396 0.063889
0 0.804427 0.304630 0.022396 0.046296
0 0.036719 0.662963 0.026562 0.072222
0 0.894792 0.359722 0.031250 0.054630
0 0.905990 0.625000 0.019271 0.062963
0 0.891667 0.819907 0.035417 0.054630
0 0.876823 0.875000 0.032813 0.046296
0 0.033073 0.807407 0.022396 0.072222
0 0.988802 0.823148 0.022396 0.048148
0 0.775260 0.861111 0.020313 0.068519
0 0.827865 0.151389 0.021354 0.060185
0 0.560417 0.023611 0.037500 0.037963
0 0.524479 0.020370 0.028125 0.038889
0 0.154427 0.876389 0.041146 0.047222
0 0.993229 0.412037 0.013542 0.066667
0 0.088021 0.211111 0.020833 0.055556
0 0.912760 0.241204 0.021354 0.069444
0 0.989323 0.190278 0.021354 0.065741
0 0.794271 0.165278 0.036458 0.037963
0 0.105469 0.027315 0.041146 0.036111
0 0.201823 0.028241 0.028646 0.054630
0 0.869010 0.367130 0.040104 0.037963
0 0.754687 0.257407 0.020833 0.061111
0 0.745313 0.040741 0.032292 0.051852
0 0.961198 0.152778 0.021354 0.064815
0 0.510417 0.929167 0.038542 0.036111
0 0.912240 0.085185 0.032813 0.048148
0 0.986198 0.255093 0.026562 0.037963
0 0.865625 0.074074 0.030208 0.046296
0 0.342969 0.720370 0.034896 0.068519
0 0.954167 0.058796 0.023958 0.060185
0 0.180990 0.913889 0.023438 0.062963
0 0.844271 0.111111 0.028125 0.062963
0 0.931771 0.248611 0.023958 0.050926
0 0.300000 0.918056 0.030208 0.047222
0 0.311979 0.026852 0.023958 0.051852
0 0.592708 0.608796 0.018750 0.047222
0 0.027604 0.044907 0.038542 0.036111
0 0.014323 0.765278 0.027604 0.041667
0 0.579688 0.267130 0.021875 0.034259
0 0.994531 0.675000 0.010937 0.061111
0 0.879167 0.043981 0.035417 0.036111
0 0.014323 0.474074 0.027604 0.072222
0 0.118750 0.912500 0.045833 0.049074
0 0.878646 0.100000 0.027083 0.046296
0 0.795052 0.746296 0.027604 0.029630
0 0.893750 0.662500 0.038542 0.052778
0 0.933333 0.166667 0.026042 0.064815
0 0.066927 0.926389 0.036979 0.047222
0 0.009115 0.175463 0.017188 0.032407
0 0.433333 0.892593 0.022917 0.072222
0 0.994271 0.560185 0.011458 0.064815
0 0.196875 0.953704 0.019792 0.070370
0 0.026302 0.876389 0.033854 0.043519
0 0.486458 0.958796 0.025000 0.062037
0 0.013281 0.921759 0.025521 0.043519
0 0.443490 0.760185 0.024479 0.035185
0 0.975781 0.095370 0.031771 0.037037
0 0.904687 0.012500 0.029167 0.023148
0 0.082812 0.008796 0.037500 0.015741
0 0.059635 0.875926 0.032813 0.042593
0 0.053385 0.897222 0.046354 0.037037
0 0.810677 0.241204 0.038021 0.065741
0 0.550781 0.952778 0.021354 0.066667
0 0.010156 0.433796 0.019271 0.039815
0 0.005469 0.310185 0.009896 0.066667
0 0.059635 0.979630 0.023438 0.033333
0 0.335417 0.941204 0.036458 0.065741
0 0.391927 0.441204 0.026562 0.075000
0 0.269792 0.158333 0.030208 0.042593
0 0.420833 0.095370 0.027083 0.046296
0 0.455729 0.045370 0.029167 0.033333
0 0.453385 0.088426 0.030729 0.054630
0 0.439323 0.146296 0.021354 0.079630
0 0.466406 0.168519 0.032813 0.072222
0 0.492708 0.192130 0.026042 0.071296
0 0.515365 0.169907 0.022396 0.073148
0 0.513281 0.307870 0.036979 0.050926
0 0.493490 0.262963 0.040104 0.046296
0 0.506250 0.233796 0.038542 0.050926
0 0.470833 0.233333 0.027083 0.057407
0 0.482292 0.312037 0.025000 0.057407
0 0.464062 0.288889 0.035417 0.059259
0 0.601302 0.128241 0.021354 0.071296
0 0.580208 0.133796 0.020833 0.082407
0 0.571875 0.088889 0.027083 0.057407
0 0.552604 0.098148 0.009375 0.035185
0 0.563802 0.217130 0.027604 0.069444
0 0.536198 0.212500 0.036979 0.047222
0 0.543229 0.157870 0.032292 0.062037
0 0.571354 0.178704 0.037500 0.061111
0 0.629167 0.202315 0.023958 0.071296
0 0.657031 0.223611 0.024479 0.058333
0 0.343229 0.350000 0.021875 0.040741
0 0.171615 0.400000 0.038021 0.053704
0 0.187500 0.380556 0.029167 0.042593
0 0.158594 0.967593 0.041146 0.059259
0 0.530208 0.627778 0.025000 0.066667
0 0.508594 0.621296 0.030729 0.064815
0 0.510677 0.572685 0.049479 0.052778
0 0.533333 0.577778 0.035417 0.070370
0 0.986198 0.775000 0.027604 0.048148
0 0.723958 0.132407 0.020833 0.079630
0 0.494010 0.684259 0.030729 0.055556
0 0.938021 0.449074 0.045833 0.059259
0 0.883594 0.307407 0.043229 0.059259
0 0.909896 0.178241 0.025000 0.067593
0 0.954688 0.107407 0.022917 0.027778
0 0.078646 0.753704 0.022917 0.037037
0 0.994531 0.675000 0.010937 0.061111
0 0.678385 0.973611 0.022396 0.013889
0 0.100000 0.973611 0.018750 0.017593
0 0.993229 0.412037 0.013542 0.066667
0 0.826302 0.008333 0.021354 0.014815
0 0.401562 0.786574 0.019792 0.030556
0 0.032813 0.620370 0.023958 0.037037
0 0.465625 0.014352 0.042708 0.026852
