0 0.352083 0.529167 0.028125 0.063889
0 0.455729 0.467130 0.029167 0.050926
0 0.365104 0.305093 0.025000 0.060185
0 0.523177 0.201852 0.025521 0.064815
0 0.309635 0.251852 0.020313 0.070370
0 0.394271 0.562963 0.037500 0.046296
0 0.333333 0.405093 0.029167 0.060185
0 0.454167 0.372222 0.023958 0.062963
0 0.202604 0.504167 0.035417 0.052778
0 0.334635 0.278241 0.020313 0.063889
0 0.178646 0.725926 0.036458 0.044444
0 0.385156 0.475926 0.034896 0.048148
0 0.187760 0.260648 0.025521 0.067593
0 0.291406 0.419444 0.018229 0.066667
0 0.546615 0.263889 0.028646 0.055556
0 0.272917 0.881481 0.030208 0.059259
0 0.645833 0.478704 0.032292 0.048148
0 0.302865 0.503704 0.033854 0.051852
0 0.479427 0.366667 0.033854 0.051852
0 0.330990 0.480093 0.028646 0.060185
0 0.526042 0.128704 0.023958 0.066667
0 0.387760 0.166204 0.025521 0.065741
0 0.137760 0.535185 0.032813 0.057407
0 0.375521 0.080556 0.021875 0.062963
0 0.436458 0.408796 0.021875 0.071296
0 0.239323 0.598611 0.033854 0.052778
0 0.080729 0.370833 0.035417 0.054630
0 0.633854 0.576852 0.031250 0.051852
0 0.633073 0.234722 0.030729 0.050926
0 0.745833 0.456019 0.029167 0.062037
0 0.309115 0.410185 0.024479 0.064815
0 0.264323 0.683333 0.029687 0.062963
0 0.415625 0.301852 0.019792 0.068519
0 0.270313 0.095833 0.026042 0.065741
0 0.538802 0.553241 0.027604 0.060185
0 0.660417 0.223148 0.019792 0.064815
0 0.539062 0.385648 0.018750 0.063889
0 0.436719 0.669907 0.033854 0.041667
0 0.582812 0.676852 0.019792 0.057407
0 0.551042 0.310185 0.037500 0.035185
0 0.155990 0.770833 0.033854 0.050926
0 0.125521 0.379167 0.033333 0.060185
0 0.578906 0.458333 0.027604 0.051852
0 0.569010 0.752315 0.035937 0.052778
0 0.697917 0.593981 0.021875 0.063889
0 0.498437 0.111574 0.029167 0.058333
0 0.148698 0.262963 0.029687 0.066667
0 0.087240 0.529167 0.030729 0.062037
0 0.194531 0.086574 0.030729 0.067593
0 0.204687 0.563889 0.037500 0.042593
0 0.246875 0.909259 0.034375 0.050000
0 0.535417 0.219444 0.030208 0.062963
0 0.873177 0.375463 0.024479 0.063889
0 0.189323 0.632870 0.042188 0.037963
0 0.137500 0.587037 0.025000 0.061111
0 0.635938 0.772685 0.028125 0.056481
0 0.701302 0.386574 0.038021 0.036111
0 0.121875 0.767130 0.032292 0.060185
0 0.571875 0.363426 0.018750 0.065741
0 0.283594 0.362037 0.041146 0.037037
0 0.452344 0.287037 0.030729 0.059259
0 0.082812 0.810648 0.028125 0.067593
0 0.685937 0.344444 0.029167 0.057407
0 0.340365 0.846296 0.034896 0.050000
0 0.196354 0.872222 0.023958 0.061111
0 0.133333 0.710648 0.037500 0.041667
0 0.385937 0.032870 0.025000 0.060185
0 0.395833 0.255093 0.037500 0.037963
0 0.632812 0.633333 0.029167 0.062963
0 0.099740 0.586111 0.021354 0.066667
0 0.349219 0.083333 0.021354 0.062963
0 0.407292 0.059722 0.028125 0.062037
0 0.663281 0.629630 0.019271 0.061111
0 0.225000 0.835185 0.028125 0.068519
0 0.687240 0.459259 0.017188 0.066667
0 0.115885 0.428704 0.041146 0.037037
0 0.513281 0.391204 0.021354 0.063889
0 0.792708 0.308333 0.021875 0.061111
0 0.944531 0.537500 0.024479 0.063889
0 0.683333 0.274074 0.018750 0.055556
0 0.553906 0.607870 0.019271 0.062037
0 0.056771 0.602315 0.026042 0.067593
0 0.173437 0.463889 0.039583 0.035185
0 0.746875 0.393056 0.036458 0.043519
0 0.172396 0.672222 0.039583 0.035185
0 0.193750 0.415278 0.035417 0.050926
0 0.335938 0.334722 0.034375 0.039815
0 0.240885 0.350463 0.027604 0.063889
0 0.065104 0.276389 0.038542 0.052778
0 0.095573 0.768519 0.033854 0.064815
0 0.109635 0.262500 0.023438 0.062037
0 0.265365 0.571296 0.034896 0.038889
0 0.316667 0.077778 0.033333 0.053704
0 0.225260 0.414352 0.026562 0.060185
0 0.733333 0.522685 0.035417 0.036111
0 0.489063 0.237500 0.032292 0.056481
0 0.236979 0.213426 0.030208 0.069444
0 0.628646 0.348611 0.017708 0.063889
0 0.770312 0.573611 0.031250 0.050926
0 0.692969 0.212500 0.035937 0.039815
0 0.687760 0.716667 0.032813 0.051852
0 0.557292 0.816204 0.021875 0.062037
0 0.321615 0.043519 0.030729 0.057407
0 0.376823 0.215741 0.039062 0.040741
0 0.149219 0.630093 0.040104 0.036111
0 0.379688 0.690741 0.037500 0.044444
0 0.683854 0.781944 0.027083 0.062037
0 0.514062 0.849074 0.028125 0.057407
0 0.054427 0.229167 0.040104 0.060185
0 0.759635 0.090278 0.028646 0.065741
0 0.123698 0.816667 0.040104 0.057407
0 0.508073 0.066204 0.032813 0.047222
0 0.364323 0.356019 0.033854 0.041667
0 0.865104 0.563889 0.019792 0.059259
0 0.689583 0.064815 0.018750 0.066667
0 0.145573 0.453704 0.043229 0.044444
0 0.438542 0.163889 0.035417 0.044444
0 0.717969 0.419444 0.035937 0.033333
0 0.168750 0.818519 0.021875 0.072222
0 0.240104 0.284722 0.034375 0.054630
0 0.417969 0.226389 0.036979 0.037963
0 0.476823 0.857870 0.038021 0.043519
0 0.527083 0.626389 0.020833 0.062037
0 0.660417 0.358796 0.032292 0.047222
0 0.283073 0.036574 0.026562 0.067593
0 0.139844 0.877778 0.038021 0.051852
0 0.136458 0.658796 0.039583 0.036111
0 0.411719 0.118056 0.039062 0.043519
0 0.206771 0.339352 0.036458 0.050926
0 0.483073 0.580093 0.020313 0.065741
0 0.508333 0.516204 0.017708 0.065741
0 0.130990 0.845833 0.041146 0.045370
0 0.929427 0.651852 0.024479 0.061111
0 0.543229 0.037963 0.034375 0.053704
0 0.599219 0.571759 0.021354 0.054630
0 0.022917 0.443519 0.034375 0.068519
0 0.542448 0.764352 0.026562 0.062037
0 0.611198 0.277315 0.020313 0.071296
0 0.903125 0.628241 0.022917 0.060185
0 0.323177 0.893519 0.022396 0.064815
0 0.829688 0.289352 0.023958 0.063889
0 0.683854 0.170370 0.036458 0.046296
0 0.454948 0.737037 0.018229 0.074074
0 0.022135 0.793056 0.040104 0.043519
0 0.470833 0.701389 0.017708 0.063889
0 0.649219 0.849537 0.027604 0.058333
0 0.672135 0.833333 0.031771 0.048148
0 0.061719 0.484259 0.029687 0.044444
0 0.148438 0.115278 0.025000 0.076852
0 0.592448 0.106481 0.019271 0.057407
0 0.816667 0.583796 0.031250 0.034259
0 0.098437 0.192593 0.035417 0.055556
0 0.089063 0.329167 0.039583 0.032407
0 0.317188 0.137037 0.023958 0.053704
0 0.021615 0.513426 0.041146 0.037963
0 0.140885 0.323611 0.039062 0.049074
0 0.756510 0.803704 0.019271 0.061111
0 0.876823 0.635185 0.020313 0.062963
0 0.745833 0.043981 0.021875 0.063889
0 0.726823 0.039815 0.019271 0.064815
0 0.279687 0.769907 0.022917 0.069444
0 0.234375 0.440278 0.033333 0.058333
0 0.708333 0.046759 0.020833 0.065741
0 0.547135 0.714352 0.025521 0.062037
0 0.098437 0.672685 0.029167 0.063889
0 0.907292 0.365278 0.034375 0.058333
0 0.734896 0.745370 0.038542 0.038889
0 0.170833 0.329630 0.036458 0.040741
0 0.867969 0.244444 0.039062 0.042593
0 0.612240 0.433333 0.031771 0.037037
0 0.732031 0.787500 0.019271 0.062037
0 0.738281 0.350463 0.039062 0.049074
0 0.519792 0.746759 0.023958 0.063889
0 0.755469 0.261111 0.041146 0.046296
0 0.133073 0.237963 0.031771 0.050000
0 0.660417 0.028704 0.020833 0.055556
0 0.849479 0.381944 0.018750 0.065741
0 0.803125 0.869444 0.026042 0.059259
0 0.453385 0.026389 0.032813 0.049074
0 0.846875 0.738889 0.020833 0.053704
0 0.052865 0.848148 0.049479 0.057407
0 0.950521 0.489815 0.031250 0.038889
0 0.795052 0.686574 0.020313 0.065741
0 0.728646 0.640741 0.038542 0.031481
0 0.609635 0.137037 0.038021 0.037037
0 0.966146 0.068519 0.031250 0.055556
0 0.219010 0.097222 0.033854 0.066667
0 0.213281 0.374537 0.041146 0.039815
0 0.882552 0.693981 0.039062 0.037963
0 0.054948 0.313426 0.040104 0.037963
0 0.556771 0.085185 0.018750 0.051852
0 0.834635 0.141204 0.021354 0.056481
0 0.558333 0.909259 0.033333 0.038889
0 0.769792 0.159259 0.032292 0.059259
0 0.375521 0.821296 0.044792 0.040741
0 0.019271 0.397685 0.036458 0.039815
0 0.939063 0.317593 0.039583 0.059259
0 0.011979 0.623611 0.022917 0.063889
0 0.055990 0.119444 0.027604 0.068519
0 0.930990 0.250463 0.024479 0.052778
0 0.023177 0.681481 0.036979 0.068519
0 0.966927 0.368981 0.025521 0.065741
0 0.847396 0.331019 0.035417 0.041667
0 0.808333 0.241204 0.025000 0.069444
0 0.859115 0.481481 0.033854 0.061111
0 0.988021 0.349074 0.020833 0.066667
0 0.907292 0.279167 0.032292 0.062037
0 0.527604 0.792130 0.018750 0.065741
0 0.501302 0.895370 0.035937 0.038889
0 0.739583 0.896296 0.033333 0.037037
0 0.872396 0.146296 0.037500 0.044444
0 0.048177 0.731019 0.050521 0.041667
0 0.807813 0.157407 0.034375 0.050000
0 0.847917 0.098611 0.042708 0.043519
0 0.749740 0.675463 0.017188 0.049074
0 0.950521 0.846759 0.037500 0.036111
0 0.929948 0.130556 0.035937 0.040741
0 0.918490 0.034259 0.033854 0.050000
0 0.965365 0.277315 0.035937 0.056481
0 0.924740 0.181944 0.039062 0.058333
0 0.984375 0.827778 0.031250 0.029630
0 0.914583 0.741204 0.019792 0.026852
0 0.963281 0.239815 0.032813 0.051852
0 0.539844 0.868981 0.041146 0.041667
0 0.260417 0.016667 0.022917 0.031481
0 0.866406 0.056481 0.039062 0.038889
0 0.202083 0.949074 0.043750 0.044444
0 0.970573 0.144907 0.032813 0.045370
0 0.743490 0.133796 0.025521 0.045370
0 0.994531 0.221759 0.010937 0.052778
0 0.167448 0.037500 0.050521 0.041667
0 0.046094 0.875000 0.061979 0.050000
0 0.499479 0.015278 0.019792 0.028704
0 0.971875 0.117130 0.036458 0.037963
0 0.804948 0.124537 0.036979 0.043519
0 0.496094 0.923611 0.034896 0.034259
0 0.226562 0.963889 0.035417 0.050000
0 0.028125 0.051389 0.036458 0.043519
0 0.008594 0.175926 0.016146 0.033333
0 0.115885 0.966204 0.027604 0.060185
0 0.987500 0.189815 0.023958 0.059259
0 0.874219 0.014815 0.026562 0.027778
0 0.923958 0.093056 0.020833 0.032407
0 0.164844 0.948611 0.025521 0.065741
0 0.007552 0.091204 0.014063 0.034259
0 0.070833 0.013426 0.041667 0.025000
0 0.089583 0.968056 0.030208 0.060185
0 0.137240 0.979630 0.027604 0.035185
0 0.955208 0.978241 0.036458 0.025000
0 0.913021 0.965741 0.025000 0.046296
0 0.560677 0.983333 0.035937 0.033333
0 0.320833 0.982870 0.042708 0.032407
0 0.994531 0.221759 0.010937 0.052778
0 0.453125 0.547222 0.018750 0.068519
0 0.994531 0.221759 0.010937 0.052778
0 0.151042 0.499074 0.040625 0.040741
0 0.171875 0.539815 0.022917 0.074074
0 0.080208 0.594907 0.025000 0.065741
0 0.007031 0.241667 0.013021 0.029630
0 0.215365 0.287037 0.016146 0.040741
0 0.176563 0.381481 0.040625 0.035185
0 0.425781 0.574074 0.039062 0.053704
0 0.446354 0.609259 0.035417 0.037037
0 0.460156 0.642130 0.020313 0.062037
0 0.488021 0.625000 0.039583 0.035185
0 0.489063 0.672222 0.030208 0.053704
0 0.516927 0.692593 0.033854 0.037037
0 0.590625 0.980556 0.022917 0.025926
0 0.535156 0.457407 0.032813 0.048148
0 0.528125 0.499074 0.026042 0.040741
0 0.497656 0.478704 0.026562 0.037037
0 0.471094 0.483333 0.020313 0.046296
0 0.440104 0.103704 0.019792 0.062963
0 0.426563 0.082407 0.021875 0.046296
0 0.470833 0.137037 0.032292 0.050000
0 0.444531 0.223611 0.021354 0.069444
0 0.464844 0.214352 0.016146 0.075000
0 0.981510 0.975000 0.029687 0.016667
0 0.879948 0.099074 0.024479 0.046296
