0 0.581771 0.459722 0.027083 0.062037
0 0.434896 0.604167 0.032292 0.054630
0 0.300260 0.439352 0.033854 0.052778
0 0.473698 0.289352 0.024479 0.062037
0 0.293229 0.364815 0.023958 0.068519
0 0.262500 0.433333 0.028125 0.051852
0 0.404687 0.504630 0.037500 0.044444
0 0.251823 0.466667 0.023438 0.064815
0 0.350260 0.400463 0.024479 0.069444
0 0.231771 0.359259 0.022917 0.061111
0 0.402865 0.410185 0.022396 0.066667
0 0.395313 0.312037 0.026042 0.051852
0 0.330469 0.423148 0.020313 0.064815
0 0.164844 0.444444 0.024479 0.059259
0 0.264323 0.367593 0.021354 0.066667
0 0.517969 0.464815 0.031771 0.051852
0 0.373698 0.404167 0.023438 0.063889
0 0.407552 0.358796 0.034896 0.043519
0 0.417969 0.465741 0.020313 0.062963
0 0.579948 0.659259 0.031771 0.051852
0 0.310937 0.398148 0.020833 0.072222
0 0.285938 0.255556 0.030208 0.057407
0 0.372656 0.460648 0.034896 0.049074
0 0.451823 0.409722 0.023438 0.062037
0 0.153646 0.387037 0.020833 0.068519
0 0.492448 0.677778 0.020313 0.064815
0 0.292969 0.517130 0.030729 0.056481
0 0.649740 0.354630 0.025521 0.066667
0 0.221354 0.415278 0.035417 0.049074
0 0.283854 0.631019 0.029167 0.060185
0 0.414583 0.749074 0.026042 0.062963
0 0.107292 0.479630 0.031250 0.062963
0 0.409115 0.815741 0.030729 0.050000
0 0.219792 0.458796 0.037500 0.052778
0 0.372917 0.115741 0.021875 0.064815
0 0.549479 0.672222 0.032292 0.055556
0 0.544271 0.497685 0.019792 0.062037
0 0.439583 0.312500 0.036458 0.041667
0 0.603125 0.760185 0.022917 0.061111
0 0.340104 0.533333 0.033333 0.055556
0 0.067969 0.435648 0.030729 0.060185
0 0.211719 0.362963 0.020313 0.064815
0 0.343490 0.350000 0.026562 0.055556
0 0.757552 0.381481 0.029687 0.057407
0 0.422917 0.127315 0.027083 0.056481
0 0.230990 0.285648 0.039062 0.039815
0 0.305990 0.166667 0.021354 0.066667
0 0.829948 0.395370 0.029687 0.055556
0 0.576562 0.351852 0.020833 0.066667
0 0.480208 0.853241 0.038542 0.039815
0 0.666146 0.643056 0.025000 0.062037
0 0.436458 0.725926 0.023958 0.061111
0 0.121094 0.396296 0.026562 0.070370
0 0.328906 0.725000 0.033854 0.053704
0 0.560937 0.262500 0.027083 0.063889
0 0.358854 0.832870 0.037500 0.047222
0 0.233594 0.494444 0.023438 0.066667
0 0.185417 0.471759 0.020833 0.067593
0 0.911198 0.619907 0.023438 0.056481
0 0.673958 0.569444 0.018750 0.064815
0 0.508333 0.317593 0.033333 0.046296
0 0.600781 0.573148 0.022396 0.059259
0 0.815104 0.637963 0.028125 0.055556
0 0.891927 0.636574 0.026562 0.054630
0 0.132031 0.762037 0.035937 0.053704
0 0.467448 0.138889 0.029687 0.057407
0 0.503646 0.819444 0.036458 0.038889
0 0.534896 0.686574 0.027083 0.060185
0 0.510938 0.662037 0.017708 0.061111
0 0.462240 0.651852 0.035937 0.037037
0 0.923958 0.768519 0.026042 0.048148
0 0.395052 0.856481 0.035937 0.046296
0 0.720833 0.663889 0.025000 0.051852
0 0.776563 0.518519 0.019792 0.061111
0 0.923177 0.809259 0.032813 0.042593
0 0.678646 0.819907 0.033333 0.049074
0 0.116146 0.697222 0.037500 0.040741
0 0.658854 0.738426 0.030208 0.058333
0 0.077083 0.500000 0.025000 0.066667
0 0.234115 0.611574 0.035937 0.067593
0 0.876823 0.538426 0.022396 0.062037
0 0.336198 0.137963 0.035937 0.048148
0 0.137760 0.460185 0.027604 0.059259
0 0.261979 0.646759 0.021875 0.063889
0 0.540885 0.762963 0.023438 0.074074
0 0.096094 0.518519 0.023438 0.068519
0 0.883594 0.433796 0.023438 0.065741
0 0.564323 0.792593 0.022396 0.075926
0 0.724740 0.457407 0.028646 0.057407
0 0.483073 0.434722 0.036979 0.045370
0 0.897656 0.580093 0.019271 0.063889
0 0.125781 0.293981 0.039062 0.063889
0 0.896354 0.821296 0.029167 0.061111
0 0.723958 0.810185 0.033333 0.046296
0 0.162500 0.721759 0.032292 0.060185
0 0.452083 0.101389 0.026042 0.052778
0 0.743229 0.511574 0.033333 0.043519
0 0.455990 0.252778 0.038021 0.042593
0 0.913281 0.382870 0.031771 0.062037
0 0.849740 0.341667 0.030729 0.044444
0 0.184635 0.371296 0.033854 0.053704
0 0.300260 0.806481 0.039062 0.037037
0 0.250521 0.096759 0.023958 0.065741
0 0.054427 0.836574 0.030729 0.060185
0 0.303646 0.707870 0.038542 0.050926
0 0.660417 0.227315 0.018750 0.062037
0 0.649740 0.890741 0.032813 0.055556
0 0.164323 0.519444 0.028646 0.064815
0 0.783854 0.620833 0.021875 0.054630
0 0.180208 0.564815 0.023958 0.070370
0 0.173437 0.765278 0.031250 0.067593
0 0.729688 0.606944 0.031250 0.039815
0 0.352865 0.487037 0.024479 0.072222
0 0.507292 0.251389 0.035417 0.045370
0 0.804427 0.705556 0.032813 0.033333
0 0.728646 0.881481 0.036458 0.048148
0 0.638542 0.194444 0.020833 0.064815
0 0.943229 0.314352 0.020833 0.065741
0 0.715104 0.420370 0.029167 0.051852
0 0.447396 0.570370 0.019792 0.064815
0 0.971354 0.595833 0.038542 0.043519
0 0.761979 0.302315 0.033333 0.047222
0 0.671615 0.162500 0.026562 0.065741
0 0.257812 0.152315 0.027083 0.067593
0 0.320573 0.062500 0.039062 0.039815
0 0.529948 0.063889 0.033854 0.040741
0 0.950521 0.489352 0.032292 0.043519
0 0.745313 0.223148 0.030208 0.061111
0 0.945833 0.727315 0.028125 0.047222
0 0.472135 0.073611 0.019271 0.067593
0 0.982292 0.424074 0.033333 0.044444
0 0.770833 0.249537 0.027083 0.062037
0 0.530469 0.623148 0.018229 0.064815
0 0.389062 0.774537 0.039583 0.050926
0 0.882552 0.701389 0.034896 0.060185
0 0.395313 0.131019 0.019792 0.062037
0 0.906771 0.269444 0.036458 0.040741
0 0.859375 0.480093 0.032292 0.058333
0 0.811198 0.344444 0.022396 0.072222
0 0.093490 0.750926 0.028646 0.070370
0 0.786198 0.328704 0.027604 0.064815
0 0.882812 0.751852 0.022917 0.061111
0 0.867708 0.367593 0.039583 0.035185
0 0.087500 0.803704 0.022917 0.068519
0 0.857552 0.740278 0.023438 0.058333
0 0.147396 0.268056 0.032292 0.080556
0 0.186198 0.624074 0.024479 0.070370
0 0.664323 0.499537 0.021354 0.065741
0 0.771094 0.165741 0.024479 0.066667
0 0.608333 0.055556 0.030208 0.062963
0 0.775521 0.095370 0.018750 0.064815
0 0.704167 0.182407 0.037500 0.050000
0 0.496354 0.058333 0.034375 0.048148
0 0.831771 0.155093 0.029167 0.058333
0 0.861458 0.202778 0.037500 0.040741
0 0.864583 0.293056 0.033333 0.047222
0 0.908333 0.218519 0.026042 0.057407
0 0.082552 0.607407 0.025521 0.074074
0 0.750260 0.044907 0.022396 0.062037
0 0.734375 0.177315 0.023958 0.069444
0 0.295312 0.107407 0.034375 0.051852
0 0.834635 0.873148 0.033854 0.066667
0 0.836719 0.237500 0.034896 0.049074
0 0.984115 0.378704 0.031771 0.050000
0 0.669531 0.047685 0.031771 0.050926
0 0.237500 0.740278 0.035417 0.065741
0 0.097917 0.065741 0.035417 0.057407
0 0.701042 0.090741 0.022917 0.068519
0 0.148958 0.833796 0.042708 0.054630
0 0.188542 0.043056 0.032292 0.065741
0 0.933333 0.113426 0.028125 0.054630
0 0.223958 0.588889 0.043750 0.037037
0 0.763542 0.902315 0.037500 0.039815
0 0.434896 0.034259 0.036458 0.048148
0 0.047396 0.149074 0.043750 0.046296
0 0.247135 0.202315 0.024479 0.054630
0 0.150260 0.113426 0.024479 0.076852
0 0.387240 0.038426 0.034896 0.045370
0 0.041146 0.356481 0.043750 0.057407
0 0.973177 0.169907 0.038021 0.052778
0 0.017188 0.716667 0.033333 0.037037
0 0.861719 0.611111 0.042188 0.042593
0 0.037760 0.661574 0.029687 0.076852
0 0.508333 0.024537 0.033333 0.045370
0 0.108594 0.156019 0.046354 0.041667
0 0.017448 0.331481 0.033854 0.055556
0 0.140104 0.513426 0.027083 0.049074
0 0.510938 0.145833 0.020833 0.078704
0 0.820052 0.193519 0.036979 0.037037
0 0.605729 0.834722 0.036458 0.039815
0 0.919271 0.150463 0.035417 0.041667
0 0.989583 0.815741 0.020833 0.057407
0 0.277865 0.043056 0.042188 0.043519
0 0.930469 0.251389 0.023438 0.054630
0 0.013542 0.451389 0.026042 0.065741
0 0.024479 0.193519 0.027083 0.070370
0 0.207813 0.719907 0.030208 0.073148
0 0.132552 0.851852 0.041146 0.038889
0 0.024740 0.824537 0.041146 0.054630
0 0.726302 0.034259 0.022396 0.062963
0 0.980208 0.878704 0.028125 0.048148
0 0.958073 0.242130 0.027604 0.069444
0 0.340885 0.901389 0.039062 0.037963
0 0.437500 0.848611 0.040625 0.056481
0 0.157812 0.021296 0.039583 0.040741
0 0.014844 0.675000 0.028646 0.059259
0 0.140365 0.569444 0.035937 0.085185
0 0.878125 0.097222 0.027083 0.046296
0 0.363542 0.023148 0.036458 0.035185
0 0.915365 0.060648 0.038021 0.036111
0 0.810677 0.249074 0.028646 0.066667
0 0.927865 0.187963 0.026562 0.053704
0 0.267969 0.014815 0.039062 0.027778
0 0.795312 0.746759 0.028125 0.030556
0 0.076302 0.866204 0.046354 0.052778
0 0.130208 0.219444 0.022917 0.061111
0 0.148958 0.915278 0.041667 0.036111
0 0.078125 0.015278 0.033333 0.028704
0 0.107031 0.881019 0.036979 0.039815
0 0.908073 0.093519 0.024479 0.048148
0 0.991927 0.231944 0.016146 0.037963
0 0.822135 0.030556 0.035937 0.037037
0 0.027344 0.046296 0.038021 0.044444
0 0.865885 0.071296 0.030729 0.038889
0 0.526823 0.957870 0.028646 0.065741
0 0.563802 0.095370 0.022396 0.029630
0 0.971615 0.090741 0.042188 0.051852
0 0.113542 0.015741 0.037500 0.029630
0 0.487760 0.961111 0.030729 0.051852
0 0.844531 0.098611 0.033854 0.039815
0 0.904427 0.012963 0.029687 0.024074
0 0.029948 0.951852 0.025521 0.068519
0 0.012500 0.860648 0.023958 0.060185
0 0.445312 0.760648 0.020833 0.032407
0 0.115365 0.925926 0.033854 0.057407
0 0.018229 0.017593 0.025000 0.033333
0 0.361979 0.959722 0.039583 0.045370
0 0.046094 0.979630 0.036979 0.035185
0 0.230990 0.140278 0.020313 0.037963
0 0.032552 0.629630 0.031771 0.042593
0 0.311719 0.943981 0.036979 0.050926
0 0.983073 0.948611 0.032813 0.036111
0 0.468490 0.401389 0.026562 0.067593
0 0.515104 0.378704 0.041667 0.040741
0 0.527344 0.417593 0.020313 0.066667
0 0.553385 0.375926 0.033854 0.057407
0 0.538281 0.248148 0.032813 0.057407
0 0.526563 0.300463 0.038542 0.063889
0 0.490104 0.157870 0.023958 0.078704
0 0.537500 0.145833 0.025000 0.078704
0 0.598437 0.127315 0.039583 0.063889
0 0.637500 0.126852 0.039583 0.062963
0 0.563542 0.215741 0.028125 0.055556
0 0.574219 0.179630 0.035937 0.064815
0 0.606510 0.221759 0.035937 0.056481
0 0.613542 0.277315 0.023958 0.075000
0 0.634896 0.266204 0.028125 0.075000
0 0.630990 0.317593 0.046354 0.038889
0 0.629167 0.369444 0.027083 0.077778
0 0.746615 0.109259 0.046354 0.038889
0 0.742969 0.127315 0.035937 0.052778
0 0.989583 0.553241 0.020833 0.071296
0 0.273958 0.968056 0.037500 0.058333
0 0.177083 0.963889 0.040625 0.064815
0 0.615885 0.977778 0.021354 0.024074
0 0.235937 0.859259 0.038542 0.112963
0 0.197135 0.391667 0.017188 0.072222
0 0.178385 0.502315 0.025521 0.049074
0 0.008073 0.175463 0.015104 0.032407
0 0.551302 0.433333 0.036979 0.046296
0 0.597656 0.384259 0.026562 0.077778
0 0.976823 0.121296 0.025521 0.038889
0 0.983594 0.054167 0.022396 0.043519
0 0.436458 0.214352 0.015625 0.030556
