0 0.409375 0.489352 0.027083 0.062037
0 0.665365 0.407870 0.027604 0.056481
0 0.393490 0.407870 0.034896 0.049074
0 0.422917 0.654167 0.030208 0.056481
0 0.719010 0.625000 0.032813 0.055556
0 0.255208 0.164815 0.026042 0.064815
0 0.475000 0.428241 0.029167 0.062037
0 0.265625 0.414352 0.034375 0.054630
0 0.380729 0.302778 0.017708 0.062963
0 0.595313 0.240278 0.018750 0.067593
0 0.708594 0.429167 0.021354 0.058333
0 0.296094 0.439815 0.023438 0.062963
0 0.152865 0.321759 0.033854 0.058333
0 0.572135 0.328704 0.028646 0.055556
0 0.279687 0.474537 0.038542 0.049074
0 0.291406 0.363426 0.026562 0.062037
0 0.370312 0.259722 0.028125 0.058333
0 0.576823 0.388889 0.033854 0.048148
0 0.512500 0.597222 0.025000 0.061111
0 0.269792 0.051389 0.027083 0.062037
0 0.334896 0.351852 0.033333 0.048148
0 0.422135 0.317593 0.030729 0.053704
0 0.851302 0.639815 0.027604 0.055556
0 0.637500 0.615278 0.022917 0.052778
0 0.289583 0.300926 0.022917 0.064815
0 0.815104 0.612500 0.027083 0.060185
0 0.270052 0.256019 0.029687 0.065741
0 0.540885 0.584722 0.028646 0.058333
0 0.228125 0.118519 0.030208 0.068519
0 0.419792 0.210185 0.027083 0.061111
0 0.378906 0.463426 0.033854 0.045370
0 0.926302 0.607407 0.027604 0.064815
0 0.345052 0.152315 0.024479 0.067593
0 0.310417 0.307407 0.020833 0.064815
0 0.169010 0.390278 0.021354 0.067593
0 0.197917 0.432407 0.029167 0.064815
0 0.499219 0.066204 0.021354 0.065741
0 0.670312 0.313426 0.022917 0.067593
0 0.556250 0.727315 0.036458 0.037963
0 0.899219 0.369444 0.024479 0.062963
0 0.493490 0.673611 0.021354 0.067593
0 0.207292 0.530556 0.028125 0.066667
0 0.207031 0.195370 0.029687 0.059259
0 0.267969 0.335185 0.030729 0.059259
0 0.634635 0.190278 0.026562 0.058333
0 0.247656 0.553241 0.027604 0.065741
0 0.523958 0.467130 0.021875 0.060185
0 0.359896 0.333333 0.018750 0.059259
0 0.455990 0.334722 0.034896 0.041667
0 0.301042 0.619907 0.038542 0.049074
0 0.408333 0.362500 0.019792 0.062037
0 0.686719 0.711574 0.038021 0.037963
0 0.748698 0.612037 0.026562 0.066667
0 0.535937 0.500463 0.035417 0.047222
0 0.660937 0.223148 0.019792 0.062963
0 0.738021 0.535648 0.026042 0.062037
0 0.139323 0.465741 0.029687 0.053704
0 0.548177 0.361111 0.023438 0.064815
0 0.495312 0.496759 0.035417 0.036111
0 0.242188 0.613426 0.037500 0.034259
0 0.495833 0.419444 0.023958 0.061111
0 0.559375 0.519444 0.023958 0.062963
0 0.399740 0.707870 0.036979 0.039815
0 0.443750 0.268056 0.036458 0.041667
0 0.303125 0.126852 0.036458 0.044444
0 0.557813 0.620833 0.022917 0.063889
0 0.540625 0.253704 0.029167 0.061111
0 0.773177 0.597685 0.027604 0.060185
0 0.964063 0.403704 0.022917 0.062963
0 0.649219 0.299537 0.026562 0.062037
0 0.649219 0.355093 0.024479 0.060185
0 0.520833 0.756019 0.023958 0.065741
0 0.670573 0.755093 0.039062 0.043519
0 0.691146 0.793519 0.034375 0.040741
0 0.864323 0.539815 0.024479 0.062963
0 0.253385 0.094907 0.022396 0.062037
0 0.367448 0.568056 0.038021 0.039815
0 0.095052 0.210185 0.024479 0.068519
0 0.689844 0.573611 0.033854 0.052778
0 0.761719 0.112037 0.024479 0.064815
0 0.573177 0.663889 0.036979 0.033333
0 0.672135 0.081481 0.027604 0.059259
0 0.616146 0.123148 0.031250 0.051852
0 0.911198 0.532870 0.031771 0.045370
0 0.403906 0.112500 0.021354 0.058333
0 0.330469 0.519444 0.025521 0.050000
0 0.249740 0.357407 0.040104 0.038889
0 0.694271 0.487037 0.030208 0.046296
0 0.529948 0.318056 0.028646 0.062037
0 0.701042 0.081944 0.019792 0.067593
0 0.529687 0.382407 0.035417 0.038889
0 0.674740 0.624074 0.035937 0.037037
0 0.535417 0.676389 0.029167 0.054630
0 0.254688 0.662037 0.021875 0.070370
0 0.916146 0.384722 0.027083 0.063889
0 0.357812 0.651389 0.029167 0.065741
0 0.164844 0.447222 0.021354 0.061111
0 0.120052 0.371296 0.021354 0.066667
0 0.326562 0.722685 0.030208 0.058333
0 0.529948 0.543056 0.036979 0.037963
0 0.139844 0.171296 0.038021 0.051852
0 0.195052 0.321759 0.038021 0.041667
0 0.616927 0.814815 0.034896 0.038889
0 0.338281 0.676389 0.023438 0.065741
0 0.259896 0.298148 0.038542 0.040741
0 0.518229 0.653704 0.018750 0.068519
0 0.194271 0.665278 0.019792 0.065741
0 0.491927 0.241667 0.034896 0.042593
0 0.860156 0.482407 0.031771 0.059259
0 0.607812 0.042130 0.034375 0.043519
0 0.841146 0.432870 0.022917 0.065741
0 0.090885 0.096759 0.025521 0.071296
0 0.139063 0.241667 0.026042 0.057407
0 0.391146 0.604167 0.034375 0.043519
0 0.941927 0.295833 0.026562 0.067593
0 0.577865 0.109259 0.036979 0.042593
0 0.635156 0.762500 0.021354 0.069444
0 0.873698 0.435185 0.036979 0.038889
0 0.529948 0.624537 0.017188 0.069444
0 0.297917 0.071759 0.027083 0.050926
0 0.912500 0.234259 0.020833 0.070370
0 0.147656 0.113889 0.028646 0.075926
0 0.428125 0.745833 0.030208 0.058333
0 0.096615 0.385648 0.034896 0.047222
0 0.708854 0.196759 0.029167 0.045370
0 0.099479 0.340741 0.026042 0.064815
0 0.328906 0.067130 0.033854 0.047222
0 0.955208 0.575926 0.023958 0.064815
0 0.063021 0.196759 0.027083 0.075000
0 0.443750 0.031019 0.036458 0.054630
0 0.827344 0.149537 0.022396 0.065741
0 0.938542 0.102315 0.020833 0.062037
0 0.984115 0.537037 0.022396 0.062963
0 0.882812 0.322685 0.023958 0.065741
0 0.169531 0.719907 0.029687 0.054630
0 0.221354 0.374537 0.034375 0.062037
0 0.865885 0.399074 0.036979 0.037037
0 0.776563 0.048148 0.028125 0.066667
0 0.174219 0.764815 0.039062 0.044444
0 0.464323 0.721759 0.033854 0.034259
0 0.164844 0.593981 0.041146 0.037963
0 0.352083 0.726852 0.019792 0.062963
0 0.558333 0.036574 0.039583 0.037963
0 0.227865 0.806481 0.028646 0.059259
0 0.319271 0.752315 0.036458 0.045370
0 0.077083 0.498148 0.027083 0.068519
0 0.113281 0.556019 0.025521 0.067593
0 0.886979 0.173611 0.020833 0.065741
0 0.911458 0.456019 0.025000 0.062037
0 0.847396 0.340278 0.030208 0.043519
0 0.522656 0.022222 0.032813 0.042593
0 0.600260 0.572222 0.022396 0.057407
0 0.922135 0.743056 0.035937 0.043519
0 0.746615 0.133796 0.026562 0.045370
0 0.899479 0.631019 0.031250 0.045370
0 0.867969 0.366204 0.039062 0.036111
0 0.951823 0.492593 0.029687 0.042593
0 0.219271 0.864815 0.031250 0.050000
0 0.811719 0.293056 0.039062 0.037963
0 0.059896 0.113426 0.026042 0.073148
0 0.911719 0.151852 0.025521 0.057407
0 0.891406 0.069444 0.029687 0.051852
0 0.289323 0.801389 0.039062 0.047222
0 0.047396 0.800926 0.041667 0.061111
0 0.720833 0.098148 0.031250 0.046296
0 0.136458 0.581944 0.022917 0.067593
0 0.954688 0.061574 0.019792 0.065741
0 0.119531 0.764815 0.035937 0.061111
0 0.386979 0.041667 0.039583 0.038889
0 0.667188 0.856019 0.038542 0.039815
0 0.866927 0.163889 0.021354 0.066667
0 0.743490 0.043519 0.036979 0.038889
0 0.767188 0.250000 0.030208 0.059259
0 0.027865 0.738426 0.042188 0.045370
0 0.590104 0.850000 0.036458 0.042593
0 0.099740 0.515278 0.039062 0.063889
0 0.192708 0.475926 0.035417 0.046296
0 0.865104 0.075000 0.032292 0.048148
0 0.126562 0.061574 0.038542 0.043519
0 0.200000 0.802778 0.027083 0.070370
0 0.926823 0.459722 0.021354 0.062037
0 0.966406 0.620370 0.030729 0.061111
0 0.793490 0.168981 0.036979 0.043519
0 0.986458 0.381481 0.023958 0.046296
0 0.911458 0.825926 0.033333 0.053704
0 0.931250 0.249074 0.023958 0.053704
0 0.964583 0.190278 0.020833 0.052778
0 0.847396 0.498611 0.022917 0.062037
0 0.917708 0.700463 0.032292 0.063889
0 0.031771 0.712037 0.042708 0.044444
0 0.875781 0.629167 0.031771 0.056481
0 0.062760 0.847222 0.040104 0.040741
0 0.183333 0.032407 0.034375 0.062963
0 0.172656 0.541204 0.025521 0.052778
0 0.460417 0.854630 0.037500 0.035185
0 0.115104 0.896296 0.032292 0.057407
0 0.087500 0.044444 0.040625 0.040741
0 0.447135 0.568056 0.018229 0.067593
0 0.239063 0.718519 0.039583 0.055556
0 0.913021 0.785648 0.034375 0.047222
0 0.932813 0.175926 0.025000 0.059259
0 0.900521 0.107870 0.042708 0.041667
0 0.885417 0.699074 0.042708 0.048148
0 0.036979 0.660648 0.027083 0.071296
0 0.951562 0.677778 0.027083 0.051852
0 0.483333 0.911111 0.027083 0.051852
0 0.184896 0.862500 0.019792 0.065741
0 0.019531 0.826852 0.032813 0.064815
0 0.248958 0.763889 0.025000 0.064815
0 0.331250 0.018519 0.037500 0.035185
0 0.843750 0.195833 0.040625 0.036111
0 0.967969 0.160185 0.031771 0.053704
0 0.164583 0.514352 0.050000 0.043519
0 0.082031 0.606019 0.027604 0.071296
0 0.383073 0.931944 0.038021 0.036111
0 0.988021 0.815278 0.022917 0.045370
0 0.027604 0.045370 0.037500 0.035185
0 0.392448 0.853241 0.036979 0.049074
0 0.591406 0.606019 0.019271 0.050926
0 0.486458 0.960185 0.023958 0.059259
0 0.013802 0.758333 0.026562 0.048148
0 0.389844 0.905093 0.040104 0.036111
0 0.013542 0.469907 0.026042 0.073148
0 0.796094 0.746759 0.028646 0.032407
0 0.989062 0.274537 0.021875 0.039815
0 0.811198 0.242593 0.040104 0.062963
0 0.084635 0.012037 0.034896 0.022222
0 0.510938 0.931019 0.021875 0.065741
0 0.010417 0.253704 0.019792 0.044444
0 0.428385 0.872685 0.038021 0.034259
0 0.344271 0.794444 0.043750 0.044444
0 0.069271 0.381944 0.027083 0.050926
0 0.009375 0.175463 0.017708 0.032407
0 0.457031 0.916204 0.026562 0.049074
0 0.903906 0.012963 0.030729 0.024074
0 0.386979 0.972222 0.038542 0.037037
0 0.118229 0.936111 0.040625 0.037037
0 0.007292 0.312037 0.013542 0.066667
0 0.967969 0.102778 0.039062 0.046296
0 0.012760 0.925000 0.024479 0.048148
0 0.442188 0.759259 0.031250 0.033333
0 0.058073 0.890741 0.036979 0.037037
0 0.360156 0.894444 0.025521 0.055556
0 0.197396 0.950926 0.019792 0.070370
0 0.139063 0.524074 0.023958 0.055556
0 0.077344 0.755556 0.019271 0.035185
0 0.096615 0.978704 0.023438 0.029630
0 0.116146 0.274074 0.018750 0.025926
0 0.047917 0.009722 0.016667 0.017593
0 0.375521 0.773611 0.027083 0.041667
0 0.211458 0.348611 0.022917 0.052778
0 0.233594 0.391204 0.032813 0.049074
0 0.405469 0.276852 0.021354 0.070370
0 0.416927 0.142130 0.021354 0.071296
0 0.437240 0.137500 0.021354 0.071296
0 0.455990 0.193981 0.031771 0.067593
0 0.452865 0.241667 0.036979 0.055556
0 0.471094 0.156019 0.026562 0.063889
0 0.464583 0.123148 0.036458 0.048148
0 0.480208 0.097685 0.040625 0.032407
0 0.454427 0.050926 0.034896 0.042593
0 0.423177 0.088889 0.023438 0.033333
0 0.482812 0.302778 0.026042 0.074074
0 0.508333 0.287963 0.038542 0.037037
0 0.513281 0.428241 0.026562 0.056481
0 0.516927 0.239352 0.020313 0.069444
0 0.508594 0.139352 0.017188 0.062037
0 0.517448 0.167130 0.018229 0.067593
0 0.532031 0.099537 0.028646 0.065741
0 0.524219 0.049074 0.038021 0.040741
0 0.495573 0.167593 0.021354 0.064815
0 0.571354 0.176389 0.030208 0.067593
0 0.567708 0.207407 0.030208 0.059259
0 0.540625 0.191667 0.038542 0.055556
0 0.593229 0.156944 0.039583 0.047222
0 0.617969 0.231944 0.025521 0.080556
0 0.579948 0.278704 0.024479 0.055556
0 0.945833 0.944444 0.040625 0.059259
0 0.990104 0.868056 0.019792 0.036111
0 0.450521 0.976852 0.033333 0.025926
0 0.796615 0.009722 0.028646 0.017593
