0 0.542708 0.497685 0.025000 0.060185
0 0.431510 0.471759 0.030729 0.060185
0 0.440365 0.653704 0.029687 0.055556
0 0.366927 0.333333 0.031771 0.061111
0 0.431510 0.411111 0.029687 0.057407
0 0.469010 0.639352 0.029687 0.058333
0 0.368490 0.467593 0.039062 0.048148
0 0.368490 0.188426 0.029687 0.063889
0 0.372135 0.555556 0.031771 0.059259
0 0.455469 0.500000 0.032813 0.057407
0 0.384896 0.587037 0.027083 0.064815
0 0.488021 0.557870 0.025000 0.067593
0 0.471094 0.588426 0.033854 0.039815
0 0.652083 0.440278 0.029167 0.062037
0 0.144010 0.282407 0.026562 0.072222
0 0.156250 0.116204 0.030208 0.071296
0 0.740365 0.467130 0.036979 0.052778
0 0.339323 0.117130 0.024479 0.073148
0 0.548177 0.749074 0.035937 0.042593
0 0.476823 0.366667 0.028646 0.061111
0 0.603906 0.357407 0.035937 0.035185
0 0.537760 0.821759 0.028646 0.060185
0 0.184115 0.106944 0.021354 0.065741
0 0.386458 0.435648 0.020833 0.063889
0 0.335677 0.885648 0.034896 0.050926
0 0.382552 0.658796 0.020313 0.065741
0 0.296875 0.535185 0.026042 0.064815
0 0.492188 0.679630 0.022917 0.064815
0 0.239063 0.307870 0.019792 0.065741
0 0.521354 0.428241 0.035417 0.037963
0 0.860938 0.491204 0.031250 0.060185
0 0.689583 0.412037 0.028125 0.061111
0 0.508073 0.808333 0.024479 0.066667
0 0.385677 0.276389 0.028646 0.069444
0 0.669010 0.412037 0.026562 0.061111
0 0.563021 0.583333 0.026042 0.068519
0 0.295573 0.799074 0.030729 0.066667
0 0.354687 0.645370 0.034375 0.046296
0 0.288021 0.451389 0.031250 0.060185
0 0.471615 0.280556 0.019271 0.066667
0 0.450000 0.372222 0.019792 0.070370
0 0.370573 0.858333 0.035937 0.040741
0 0.901563 0.437500 0.027083 0.063889
0 0.121615 0.262963 0.029687 0.064815
0 0.202344 0.350000 0.022396 0.068519
0 0.275000 0.420370 0.031250 0.059259
0 0.782031 0.478704 0.032813 0.053704
0 0.150521 0.236574 0.036458 0.052778
0 0.865885 0.570370 0.038021 0.044444
0 0.417969 0.788426 0.020313 0.067593
0 0.244792 0.623148 0.034375 0.044444
0 0.463802 0.434722 0.028646 0.060185
0 0.527604 0.390741 0.036458 0.038889
0 0.346094 0.770370 0.035937 0.042593
0 0.773177 0.167593 0.019271 0.064815
0 0.687500 0.479630 0.020833 0.062963
0 0.382292 0.797685 0.021875 0.067593
0 0.135156 0.327778 0.032813 0.048148
0 0.339323 0.826389 0.023438 0.069444
0 0.170313 0.283796 0.031250 0.054630
0 0.253906 0.094444 0.020313 0.064815
0 0.684896 0.821296 0.037500 0.042593
0 0.526563 0.474537 0.017708 0.063889
0 0.214844 0.416204 0.025521 0.060185
0 0.631510 0.219444 0.021354 0.064815
0 0.275781 0.554630 0.022396 0.068519
0 0.440104 0.072222 0.032292 0.053704
0 0.643750 0.333333 0.034375 0.037037
0 0.539323 0.343981 0.028646 0.056481
0 0.316927 0.502778 0.040104 0.059259
0 0.455729 0.190278 0.026042 0.065741
0 0.223177 0.803704 0.041146 0.050000
0 0.659896 0.223611 0.020833 0.065741
0 0.601042 0.573148 0.021875 0.059259
0 0.449219 0.261574 0.035937 0.043519
0 0.166146 0.506944 0.025000 0.067593
0 0.810417 0.502315 0.020833 0.062037
0 0.302604 0.081944 0.018750 0.067593
0 0.164062 0.353241 0.036458 0.052778
0 0.513802 0.349074 0.028646 0.053704
0 0.408333 0.147685 0.019792 0.060185
0 0.572917 0.320833 0.030208 0.052778
0 0.233073 0.259722 0.035937 0.050926
0 0.947656 0.418519 0.023438 0.068519
0 0.175781 0.212037 0.041146 0.046296
0 0.468229 0.135648 0.037500 0.047222
0 0.544792 0.257870 0.018750 0.071296
0 0.269271 0.752778 0.034375 0.051852
0 0.682292 0.289352 0.020833 0.063889
0 0.232552 0.758796 0.040104 0.039815
0 0.337240 0.368056 0.033854 0.041667
0 0.450000 0.043056 0.018750 0.063889
0 0.733594 0.851389 0.023438 0.065741
0 0.633073 0.108796 0.032813 0.056481
0 0.727344 0.235185 0.032813 0.055556
0 0.526563 0.674537 0.034375 0.043519
0 0.533333 0.700000 0.033333 0.035185
0 0.322396 0.427315 0.038542 0.036111
0 0.173437 0.758333 0.032292 0.061111
0 0.222135 0.325463 0.021354 0.063889
0 0.922917 0.656481 0.031250 0.051852
0 0.527865 0.616667 0.019271 0.066667
0 0.678646 0.366667 0.032292 0.035185
0 0.904687 0.615278 0.021875 0.062037
0 0.189844 0.478241 0.031771 0.063889
0 0.745833 0.170833 0.023958 0.062037
0 0.854688 0.195833 0.023958 0.065741
0 0.041146 0.525926 0.031250 0.061111
0 0.776042 0.343981 0.036458 0.047222
0 0.784375 0.831481 0.038542 0.048148
0 0.870052 0.369444 0.038021 0.042593
0 0.022917 0.263889 0.023958 0.066667
0 0.697917 0.102315 0.018750 0.067593
0 0.117708 0.412963 0.039583 0.040741
0 0.507031 0.250000 0.021354 0.064815
0 0.522656 0.253704 0.022396 0.066667
0 0.078906 0.120370 0.040104 0.055556
0 0.115104 0.191204 0.042708 0.049074
0 0.954948 0.490741 0.032813 0.050000
0 0.904167 0.718056 0.033333 0.043519
0 0.260937 0.711111 0.035417 0.046296
0 0.326302 0.047685 0.036979 0.052778
0 0.556250 0.890741 0.025000 0.064815
0 0.845052 0.354630 0.031771 0.059259
0 0.082031 0.073611 0.027604 0.071296
0 0.676042 0.772222 0.018750 0.061111
0 0.809896 0.610648 0.025000 0.062037
0 0.124740 0.371296 0.029687 0.068519
0 0.260937 0.817130 0.029167 0.069444
0 0.913542 0.231944 0.023958 0.065741
0 0.722917 0.116667 0.019792 0.062963
0 0.925000 0.280093 0.020833 0.065741
0 0.108073 0.675000 0.039062 0.053704
0 0.113802 0.815278 0.024479 0.071296
0 0.761979 0.257870 0.034375 0.049074
0 0.118229 0.118981 0.032292 0.071296
0 0.744271 0.746296 0.034375 0.051852
0 0.131510 0.468519 0.039062 0.059259
0 0.134375 0.586111 0.022917 0.066667
0 0.185938 0.162963 0.039583 0.051852
0 0.233854 0.556944 0.022917 0.067593
0 0.830729 0.144907 0.017708 0.067593
0 0.757031 0.797685 0.022396 0.062037
0 0.051823 0.450463 0.044271 0.036111
0 0.061198 0.403704 0.044271 0.037037
0 0.175521 0.053704 0.032292 0.057407
0 0.150260 0.425926 0.023438 0.064815
0 0.889844 0.682870 0.042188 0.034259
0 0.120052 0.055093 0.035937 0.060185
0 0.876823 0.236574 0.020313 0.063889
0 0.513021 0.644444 0.038542 0.037037
0 0.086979 0.490278 0.046875 0.034259
0 0.774219 0.709722 0.027604 0.065741
0 0.074479 0.284722 0.027083 0.067593
0 0.189062 0.546759 0.032292 0.065741
0 0.056250 0.371296 0.045833 0.038889
0 0.116406 0.542593 0.021354 0.070370
0 0.835677 0.457870 0.021354 0.062037
0 0.963542 0.380093 0.031250 0.049074
0 0.748698 0.129630 0.033854 0.037037
0 0.096354 0.374074 0.025000 0.062963
0 0.237500 0.376389 0.036458 0.037963
0 0.861198 0.714352 0.029687 0.069444
0 0.603646 0.239815 0.036458 0.042593
0 0.843490 0.263889 0.032813 0.053704
0 0.255469 0.147685 0.033854 0.043519
0 0.155208 0.589815 0.030208 0.064815
0 0.932292 0.756481 0.020833 0.068519
0 0.707292 0.161111 0.036458 0.035185
0 0.658854 0.892593 0.023958 0.061111
0 0.663802 0.082870 0.034896 0.037963
0 0.139583 0.806944 0.026042 0.069444
0 0.028646 0.151389 0.038542 0.049074
0 0.048958 0.309259 0.038542 0.059259
0 0.748177 0.545370 0.032813 0.055556
0 0.484635 0.883796 0.033854 0.037963
0 0.387760 0.037500 0.041146 0.047222
0 0.948438 0.199537 0.030208 0.060185
0 0.285677 0.866204 0.043229 0.049074
0 0.089323 0.226852 0.024479 0.075926
0 0.248698 0.214352 0.043229 0.043519
0 0.081771 0.612500 0.028125 0.069444
0 0.614844 0.673611 0.036979 0.043519
0 0.541667 0.920833 0.032292 0.047222
0 0.014583 0.472222 0.028125 0.070370
0 0.281771 0.923148 0.029167 0.062963
0 0.523698 0.018056 0.038021 0.034259
0 0.037500 0.663426 0.022917 0.069444
0 0.892708 0.155093 0.037500 0.049074
0 0.031250 0.787037 0.040625 0.037037
0 0.852344 0.423148 0.022396 0.061111
0 0.138021 0.517130 0.027083 0.056481
0 0.900000 0.116667 0.037500 0.033333
0 0.933333 0.104167 0.037500 0.032407
0 0.799479 0.068519 0.030208 0.057407
0 0.054167 0.721296 0.030208 0.068519
0 0.933854 0.160648 0.032292 0.065741
0 0.583073 0.595833 0.018229 0.065741
0 0.825521 0.217593 0.028125 0.066667
0 0.115104 0.916204 0.035417 0.063889
0 0.075260 0.716667 0.026562 0.079630
0 0.186458 0.696759 0.027083 0.069444
0 0.963021 0.050000 0.034375 0.038889
0 0.051562 0.043981 0.025000 0.073148
0 0.210677 0.923148 0.025521 0.068519
0 0.480729 0.911574 0.036458 0.032407
0 0.389844 0.109722 0.021354 0.080556
0 0.056510 0.659259 0.028646 0.070370
0 0.891146 0.228241 0.019792 0.063889
0 0.056250 0.339352 0.038542 0.045370
0 0.119010 0.874074 0.038021 0.042593
0 0.515885 0.930093 0.023438 0.060185
0 0.988021 0.341667 0.020833 0.055556
0 0.186458 0.400926 0.031250 0.061111
0 0.561198 0.016667 0.027604 0.031481
0 0.761458 0.856481 0.027083 0.051852
0 0.975521 0.078241 0.038542 0.026852
0 0.068750 0.919907 0.039583 0.047222
0 0.796615 0.708333 0.019271 0.053704
0 0.289323 0.337037 0.028646 0.038889
0 0.987500 0.820833 0.025000 0.049074
0 0.485417 0.955093 0.026042 0.062037
0 0.267969 0.956019 0.034896 0.065741
0 0.766406 0.890278 0.032813 0.045370
0 0.027083 0.845833 0.032292 0.078704
0 0.443490 0.759259 0.029687 0.040741
0 0.795052 0.747222 0.027604 0.027778
0 0.914323 0.017593 0.040104 0.033333
0 0.006250 0.301852 0.011458 0.075926
0 0.326823 0.935648 0.034896 0.041667
0 0.083594 0.011111 0.038021 0.020370
0 0.016927 0.947222 0.031771 0.042593
0 0.420573 0.947685 0.032813 0.041667
0 0.015625 0.980093 0.030208 0.034259
0 0.504948 0.496759 0.026562 0.039815
0 0.500000 0.457870 0.032292 0.034259
0 0.479687 0.470833 0.026042 0.075000
0 0.453906 0.978704 0.025521 0.029630
0 0.817448 0.977778 0.039062 0.042593
0 0.775260 0.975000 0.028646 0.018519
0 0.055990 0.879630 0.052604 0.051852
0 0.033073 0.892130 0.028646 0.056481
0 0.005990 0.153241 0.010937 0.056481
0 0.602083 0.287963 0.028125 0.062963
0 0.627865 0.256944 0.026562 0.045370
0 0.423438 0.229167 0.031250 0.056481
0 0.503906 0.074537 0.030729 0.067593
0 0.524740 0.051389 0.019271 0.056481
0 0.543750 0.056019 0.035417 0.047222
0 0.563021 0.080093 0.015625 0.043519
0 0.550260 0.104167 0.029687 0.054630
0 0.531250 0.124074 0.015625 0.068519
0 0.503646 0.136111 0.016667 0.072222
0 0.490365 0.255556 0.019271 0.072222
0 0.496615 0.206481 0.034896 0.037037
0 0.530729 0.191204 0.026042 0.056481
0 0.554427 0.186111 0.020313 0.068519
0 0.514583 0.165278 0.017708 0.063889
0 0.549479 0.146296 0.032292 0.035185
0 0.580990 0.174074 0.036979 0.053704
0 0.602604 0.195833 0.034375 0.049074
0 0.436979 0.545370 0.033333 0.059259
0 0.927865 0.067130 0.021354 0.023148
0 0.970833 0.113426 0.015625 0.041667
0 0.932031 0.249074 0.024479 0.050000
0 0.864323 0.302778 0.038021 0.055556
0 0.832031 0.325000 0.029687 0.077778
0 0.935417 0.971759 0.039583 0.052778
0 0.078125 0.972685 0.038542 0.052778
0 0.007552 0.816204 0.014063 0.060185
0 0.984635 0.975000 0.027604 0.016667
