0 0.672656 0.428704 0.029687 0.055556
0 0.394792 0.636574 0.029167 0.060185
0 0.259896 0.211111 0.019792 0.068519
0 0.622917 0.436111 0.026042 0.053704
0 0.212760 0.305556 0.021354 0.062963
0 0.745833 0.386574 0.026042 0.056481
0 0.654167 0.493056 0.031250 0.050926
0 0.307031 0.264815 0.030729 0.055556
0 0.234375 0.363426 0.023958 0.071296
0 0.428125 0.510648 0.025000 0.063889
0 0.239323 0.275463 0.025521 0.062037
0 0.300781 0.514352 0.027604 0.063889
0 0.610156 0.180556 0.018229 0.066667
0 0.359375 0.411111 0.030208 0.061111
0 0.558854 0.556019 0.033333 0.049074
0 0.415885 0.240278 0.028646 0.060185
0 0.466927 0.204630 0.022396 0.066667
0 0.789583 0.547222 0.031250 0.051852
0 0.609635 0.626389 0.023438 0.065741
0 0.460417 0.109722 0.018750 0.067593
0 0.274219 0.421296 0.028646 0.068519
0 0.416146 0.297685 0.034375 0.037963
0 0.437500 0.153704 0.029167 0.055556
0 0.697396 0.506019 0.035417 0.052778
0 0.517708 0.162500 0.026042 0.063889
0 0.652604 0.216667 0.021875 0.062963
0 0.363021 0.571759 0.030208 0.050926
0 0.250521 0.499537 0.036458 0.050926
0 0.368229 0.504167 0.022917 0.065741
0 0.541927 0.339352 0.032813 0.047222
0 0.311719 0.175926 0.025521 0.064815
0 0.508073 0.436574 0.020313 0.063889
0 0.328125 0.436111 0.037500 0.037037
0 0.465104 0.493056 0.035417 0.039815
0 0.191406 0.359722 0.020313 0.065741
0 0.490365 0.071296 0.022396 0.062963
0 0.639844 0.112037 0.021354 0.053704
0 0.277344 0.760648 0.032813 0.052778
0 0.342969 0.657870 0.027604 0.063889
0 0.325000 0.113426 0.032292 0.062037
0 0.679948 0.659722 0.031771 0.049074
0 0.470573 0.625926 0.032813 0.055556
0 0.814583 0.417130 0.032292 0.056481
0 0.581250 0.067593 0.025000 0.059259
0 0.398958 0.035648 0.021875 0.067593
0 0.650000 0.546759 0.034375 0.043519
0 0.371615 0.167130 0.028646 0.062037
0 0.292969 0.210648 0.035937 0.041667
0 0.473177 0.428704 0.032813 0.044444
0 0.667188 0.190278 0.023958 0.063889
0 0.531510 0.415741 0.022396 0.066667
0 0.647135 0.351852 0.033854 0.035185
0 0.346354 0.263889 0.018750 0.059259
0 0.551562 0.167593 0.021875 0.061111
0 0.526563 0.116667 0.028125 0.061111
0 0.459896 0.277778 0.034375 0.044444
0 0.089844 0.430093 0.032813 0.060185
0 0.512500 0.700000 0.031250 0.053704
0 0.474740 0.370370 0.034896 0.055556
0 0.923438 0.570833 0.025000 0.060185
0 0.341667 0.316204 0.036458 0.036111
0 0.855208 0.455556 0.033333 0.053704
0 0.091146 0.388889 0.037500 0.046296
0 0.490885 0.327315 0.033854 0.036111
0 0.221875 0.551852 0.026042 0.068519
0 0.099740 0.568519 0.031771 0.051852
0 0.797656 0.696759 0.032813 0.052778
0 0.326562 0.525463 0.034375 0.054630
0 0.320833 0.703241 0.023958 0.067593
0 0.693490 0.310185 0.033854 0.046296
0 0.897135 0.612963 0.024479 0.066667
0 0.582812 0.257407 0.031250 0.050000
0 0.604688 0.057407 0.018750 0.070370
0 0.512500 0.600926 0.020833 0.064815
0 0.576823 0.771296 0.035937 0.042593
0 0.688281 0.545370 0.033854 0.057407
0 0.746094 0.784259 0.026562 0.057407
0 0.588542 0.624537 0.020833 0.063889
0 0.765625 0.556019 0.022917 0.063889
0 0.161198 0.509722 0.039062 0.043519
0 0.719271 0.157870 0.025000 0.065741
0 0.746875 0.477778 0.038542 0.051852
0 0.498698 0.556481 0.020313 0.066667
0 0.919792 0.643519 0.022917 0.066667
0 0.273438 0.587500 0.027083 0.065741
0 0.481250 0.553241 0.019792 0.065741
0 0.721354 0.788889 0.035417 0.040741
0 0.781510 0.735185 0.036979 0.042593
0 0.940885 0.619444 0.025521 0.061111
0 0.816667 0.881481 0.023958 0.059259
0 0.418229 0.035185 0.018750 0.068519
0 0.452865 0.600926 0.034896 0.044444
0 0.320833 0.811111 0.025000 0.070370
0 0.336198 0.037500 0.025521 0.067593
0 0.583854 0.309259 0.033333 0.040741
0 0.918750 0.501852 0.031250 0.053704
0 0.643229 0.419907 0.017708 0.063889
0 0.084896 0.351389 0.039583 0.047222
0 0.765365 0.660648 0.027604 0.062037
0 0.549479 0.667130 0.032292 0.054630
0 0.613021 0.379630 0.017708 0.062963
0 0.254688 0.645370 0.022917 0.072222
0 0.743750 0.644907 0.023958 0.063889
0 0.860938 0.648611 0.027083 0.065741
0 0.937760 0.510648 0.033854 0.052778
0 0.755469 0.134722 0.026562 0.063889
0 0.534896 0.630556 0.035417 0.042593
0 0.339844 0.208796 0.034896 0.043519
0 0.345052 0.110185 0.032813 0.057407
0 0.178906 0.309722 0.041146 0.039815
0 0.852083 0.685185 0.032292 0.061111
0 0.827865 0.625926 0.030729 0.062963
0 0.190625 0.862500 0.036458 0.043519
0 0.572656 0.453241 0.028646 0.041667
0 0.878125 0.418056 0.019792 0.065741
0 0.829427 0.725926 0.022396 0.066667
0 0.916927 0.219444 0.025521 0.057407
0 0.634375 0.256481 0.027083 0.057407
0 0.781771 0.868519 0.035417 0.044444
0 0.220312 0.418519 0.020833 0.053704
0 0.453385 0.551389 0.030729 0.041667
0 0.734115 0.195833 0.025521 0.067593
0 0.262500 0.878241 0.038542 0.049074
0 0.863281 0.852778 0.035937 0.042593
0 0.026562 0.364352 0.035417 0.060185
0 0.706250 0.267130 0.036458 0.036111
0 0.926562 0.439352 0.036458 0.041667
0 0.708333 0.236574 0.034375 0.034259
0 0.726302 0.628241 0.023438 0.056481
0 0.744531 0.218056 0.022396 0.065741
0 0.704948 0.199537 0.028646 0.045370
0 0.842708 0.582407 0.030208 0.055556
0 0.355469 0.729167 0.034896 0.034259
0 0.961979 0.282870 0.036458 0.049074
0 0.813021 0.640741 0.033333 0.053704
0 0.491667 0.153704 0.019792 0.074074
0 0.469010 0.033796 0.018229 0.065741
0 0.749219 0.564815 0.025521 0.061111
0 0.769271 0.206944 0.029167 0.065741
0 0.981771 0.693056 0.020833 0.067593
0 0.352604 0.179630 0.035417 0.044444
0 0.766146 0.084259 0.028125 0.053704
0 0.322656 0.064352 0.035937 0.050926
0 0.257292 0.154167 0.033333 0.037963
0 0.686198 0.095833 0.034896 0.043519
0 0.854167 0.739815 0.036458 0.033333
0 0.867448 0.815741 0.035937 0.038889
0 0.055469 0.572222 0.036979 0.057407
0 0.624219 0.294444 0.033854 0.037037
0 0.841406 0.093056 0.030729 0.058333
0 0.889323 0.367593 0.039062 0.042593
0 0.733073 0.592593 0.035937 0.051852
0 0.421615 0.084259 0.032813 0.053704
0 0.653906 0.307407 0.033854 0.040741
0 0.610156 0.253241 0.034896 0.045370
0 0.382812 0.124537 0.034375 0.045370
0 0.564063 0.709259 0.033333 0.042593
0 0.900260 0.343981 0.032813 0.052778
0 0.699479 0.626852 0.037500 0.059259
0 0.447656 0.712037 0.018229 0.064815
0 0.188021 0.805093 0.039583 0.041667
0 0.087760 0.508796 0.043229 0.049074
0 0.760677 0.267593 0.028646 0.044444
0 0.918229 0.766667 0.032292 0.029630
0 0.961719 0.717130 0.022396 0.065741
0 0.711198 0.045833 0.021354 0.069444
0 0.732292 0.042130 0.025000 0.060185
0 0.337500 0.843981 0.031250 0.052778
0 0.063802 0.375000 0.022396 0.061111
0 0.084635 0.310185 0.039062 0.037037
0 0.971875 0.422222 0.037500 0.037037
0 0.827344 0.199537 0.030729 0.037963
0 0.940625 0.718519 0.021875 0.064815
0 0.858594 0.335185 0.033854 0.040741
0 0.790625 0.079167 0.028125 0.052778
0 0.229687 0.822685 0.036458 0.056481
0 0.548177 0.246296 0.016146 0.048148
0 0.028385 0.716204 0.026562 0.065741
0 0.595573 0.847685 0.030729 0.060185
0 0.757031 0.047222 0.030729 0.050000
0 0.700000 0.133333 0.034375 0.046296
0 0.371615 0.022222 0.026562 0.042593
0 0.157552 0.770833 0.036979 0.045370
0 0.822135 0.046296 0.029687 0.046296
0 0.441146 0.194444 0.031250 0.057407
0 0.817708 0.106944 0.027083 0.060185
0 0.019010 0.543056 0.036979 0.032407
0 0.858073 0.040278 0.019271 0.065741
0 0.857292 0.522685 0.028125 0.032407
0 0.681250 0.068056 0.035417 0.037963
0 0.258594 0.064352 0.025521 0.058333
0 0.890365 0.884722 0.023438 0.065741
0 0.876302 0.306944 0.022396 0.049074
0 0.041667 0.299537 0.029167 0.058333
0 0.795573 0.122222 0.039062 0.040741
0 0.031771 0.252778 0.032292 0.051852
0 0.460938 0.860648 0.032292 0.060185
0 0.113542 0.856944 0.039583 0.049074
0 0.982292 0.740278 0.032292 0.032407
0 0.424479 0.695370 0.017708 0.064815
0 0.664844 0.129167 0.034896 0.036111
0 0.944271 0.398611 0.040625 0.036111
0 0.634115 0.858796 0.022396 0.065741
0 0.337500 0.396759 0.033333 0.034259
0 0.018229 0.581481 0.035417 0.035185
0 0.785937 0.025463 0.032292 0.045370
0 0.056250 0.816204 0.025000 0.071296
0 0.420833 0.893056 0.031250 0.050926
0 0.011458 0.296296 0.021875 0.066667
0 0.700781 0.748611 0.042188 0.045370
0 0.469792 0.909259 0.033333 0.038889
0 0.485156 0.861111 0.038021 0.046296
0 0.985156 0.246759 0.028646 0.032407
0 0.138542 0.827315 0.026042 0.071296
0 0.947917 0.861111 0.020833 0.051852
0 0.980729 0.166667 0.036458 0.038889
0 0.658854 0.900463 0.019792 0.065741
0 0.766927 0.835185 0.040104 0.046296
0 0.388802 0.940741 0.025521 0.068519
0 0.390885 0.887500 0.038021 0.047222
0 0.509896 0.911111 0.033333 0.037037
0 0.361719 0.092130 0.025521 0.036111
0 0.681250 0.887963 0.019792 0.064815
0 0.299479 0.022222 0.026042 0.042593
0 0.085156 0.858796 0.021354 0.060185
0 0.579427 0.728704 0.026562 0.031481
0 0.399219 0.406019 0.017188 0.036111
0 0.328906 0.743519 0.024479 0.029630
0 0.571615 0.925000 0.018229 0.070370
0 0.889323 0.945833 0.024479 0.062037
0 0.713281 0.937037 0.024479 0.068519
0 0.136979 0.094444 0.029167 0.044444
0 0.047396 0.915741 0.027083 0.064815
0 0.996094 0.446296 0.007812 0.057407
0 0.996094 0.298611 0.007812 0.036111
0 0.990365 0.072685 0.019271 0.058333
0 0.007552 0.937963 0.014063 0.046296
0 0.974740 0.899537 0.025521 0.039815
0 0.793750 0.943056 0.035417 0.026852
0 0.423698 0.943981 0.036979 0.041667
0 0.297656 0.937963 0.033854 0.048148
0 0.462500 0.726852 0.016667 0.027778
0 0.850260 0.950463 0.028646 0.065741
0 0.590885 0.965741 0.038021 0.066667
0 0.565104 0.976852 0.033333 0.035185
0 0.748437 0.968981 0.023958 0.045370
0 0.223177 0.963889 0.038021 0.042593
0 0.070833 0.921296 0.032292 0.042593
0 0.721354 0.106019 0.035417 0.039815
0 0.701042 0.012963 0.019792 0.022222
0 0.763802 0.009722 0.020313 0.017593
0 0.667188 0.258796 0.038542 0.047222
0 0.927865 0.890278 0.038021 0.037963
0 0.985417 0.973611 0.025000 0.021296
