0 0.621354 0.252315 0.020833 0.067593
0 0.667188 0.405556 0.028125 0.062963
0 0.754167 0.242593 0.021875 0.070370
0 0.309115 0.318519 0.030729 0.062963
0 0.535677 0.311111 0.022396 0.068519
0 0.729948 0.611111 0.032813 0.042593
0 0.482031 0.514815 0.019271 0.062963
0 0.414323 0.522222 0.025521 0.061111
0 0.585677 0.114352 0.024479 0.071296
0 0.708854 0.280556 0.021875 0.062963
0 0.539583 0.120370 0.026042 0.068519
0 0.573958 0.265278 0.020833 0.067593
0 0.385677 0.126852 0.019271 0.066667
0 0.658854 0.222222 0.021875 0.062963
0 0.455469 0.487037 0.019271 0.070370
0 0.639323 0.319444 0.021354 0.066667
0 0.664844 0.753704 0.025521 0.062963
0 0.253906 0.339352 0.023438 0.065741
0 0.779948 0.474074 0.033854 0.048148
0 0.357292 0.407870 0.034375 0.047222
0 0.594531 0.261574 0.020313 0.060185
0 0.776042 0.077315 0.025000 0.062037
0 0.188542 0.455093 0.027083 0.065741
0 0.336198 0.324074 0.025521 0.059259
0 0.389062 0.507407 0.020833 0.059259
0 0.570573 0.190278 0.031771 0.063889
0 0.244271 0.178241 0.027083 0.062037
0 0.210677 0.188426 0.028646 0.073148
0 0.224740 0.068056 0.021354 0.069444
0 0.497917 0.416667 0.033333 0.040741
0 0.342448 0.467130 0.021354 0.067593
0 0.433073 0.318981 0.029687 0.054630
0 0.776563 0.255556 0.030208 0.059259
0 0.601823 0.315741 0.020313 0.066667
0 0.736198 0.496759 0.021354 0.067593
0 0.610677 0.637037 0.019271 0.062963
0 0.333854 0.138426 0.025000 0.067593
0 0.337240 0.241204 0.035937 0.050926
0 0.818750 0.384259 0.019792 0.062963
0 0.576302 0.763889 0.023438 0.064815
0 0.703906 0.040278 0.026562 0.058333
0 0.311198 0.064815 0.023438 0.072222
0 0.709635 0.501389 0.035937 0.041667
0 0.236719 0.256944 0.032813 0.062037
0 0.428125 0.118056 0.022917 0.065741
0 0.690104 0.217593 0.031250 0.042593
0 0.905208 0.286574 0.021875 0.071296
0 0.801823 0.639815 0.028646 0.055556
0 0.813281 0.590741 0.028646 0.057407
0 0.234896 0.109722 0.032292 0.063889
0 0.497917 0.163426 0.033333 0.054630
0 0.584635 0.200463 0.024479 0.069444
0 0.189323 0.344907 0.033854 0.058333
0 0.820052 0.200000 0.028646 0.068519
0 0.567708 0.698148 0.035417 0.046296
0 0.583333 0.824537 0.025000 0.065741
0 0.541667 0.540741 0.020833 0.062963
0 0.603646 0.720833 0.035417 0.049074
0 0.555990 0.047685 0.028646 0.054630
0 0.442188 0.193056 0.033333 0.063889
0 0.753646 0.416204 0.037500 0.036111
0 0.367969 0.369444 0.036979 0.037037
0 0.691667 0.176389 0.034375 0.047222
0 0.662240 0.843056 0.028646 0.052778
0 0.958854 0.543981 0.029167 0.056481
0 0.273698 0.228704 0.022396 0.070370
0 0.413281 0.751852 0.022396 0.061111
0 0.403646 0.324074 0.037500 0.037037
0 0.168750 0.206019 0.028125 0.067593
0 0.826042 0.678241 0.032292 0.056481
0 0.525521 0.626389 0.020833 0.067593
0 0.939583 0.406019 0.035417 0.052778
0 0.922656 0.554167 0.032813 0.060185
0 0.720833 0.440278 0.026042 0.058333
0 0.338802 0.052315 0.023438 0.069444
0 0.343750 0.175000 0.018750 0.068519
0 0.363542 0.479630 0.022917 0.066667
0 0.217188 0.339815 0.036458 0.059259
0 0.514844 0.122685 0.030729 0.058333
0 0.939323 0.100926 0.030729 0.055556
0 0.146615 0.124537 0.032813 0.073148
0 0.855729 0.508796 0.039583 0.045370
0 0.936458 0.320833 0.023958 0.060185
0 0.465885 0.137037 0.018229 0.062963
0 0.885417 0.187037 0.023958 0.068519
0 0.401823 0.173611 0.039062 0.041667
0 0.840365 0.580093 0.023438 0.063889
0 0.847396 0.383333 0.018750 0.061111
0 0.565625 0.499074 0.039583 0.040741
0 0.884115 0.348148 0.021354 0.059259
0 0.768229 0.203241 0.035417 0.049074
0 0.265625 0.598148 0.025000 0.061111
0 0.413542 0.454630 0.031250 0.037037
0 0.779687 0.539352 0.035417 0.037963
0 0.866406 0.393056 0.020313 0.063889
0 0.848958 0.455093 0.021875 0.063889
0 0.951042 0.458796 0.023958 0.065741
0 0.691667 0.377315 0.036458 0.041667
0 0.981510 0.473611 0.027604 0.062037
0 0.706250 0.146759 0.038542 0.047222
0 0.364323 0.552778 0.020313 0.064815
0 0.448958 0.722222 0.036458 0.046296
0 0.760938 0.031481 0.029167 0.057407
0 0.723958 0.093056 0.036458 0.049074
0 0.290365 0.030093 0.032813 0.058333
0 0.307292 0.497222 0.038542 0.038889
0 0.158594 0.294907 0.021354 0.067593
0 0.461198 0.634722 0.018229 0.065741
0 0.843490 0.102315 0.022396 0.067593
0 0.791667 0.156481 0.034375 0.048148
0 0.926823 0.800463 0.027604 0.067593
0 0.463021 0.377315 0.032292 0.063889
0 0.480469 0.672222 0.035937 0.044444
0 0.870313 0.614815 0.026042 0.066667
0 0.643750 0.718519 0.036458 0.033333
0 0.206510 0.275000 0.041146 0.037037
0 0.055990 0.644907 0.027604 0.067593
0 0.028125 0.610185 0.031250 0.064815
0 0.788802 0.341204 0.035937 0.047222
0 0.835677 0.743519 0.035937 0.033333
0 0.128906 0.636574 0.031771 0.069444
0 0.732292 0.031481 0.017708 0.061111
0 0.798177 0.806944 0.035937 0.041667
0 0.849479 0.329630 0.033333 0.051852
0 0.216927 0.381481 0.036979 0.037037
0 0.069271 0.312037 0.035417 0.062963
0 0.796615 0.093981 0.036979 0.039815
0 0.383594 0.031481 0.031771 0.051852
0 0.500521 0.697222 0.018750 0.066667
0 0.952865 0.826852 0.031771 0.062963
0 0.304688 0.617593 0.039583 0.048148
0 0.099740 0.230556 0.034896 0.055556
0 0.362500 0.839352 0.037500 0.043519
0 0.097135 0.682870 0.034896 0.065741
0 0.362240 0.785185 0.030729 0.061111
0 0.617448 0.102778 0.035937 0.040741
0 0.087760 0.629630 0.026562 0.070370
0 0.371354 0.267130 0.023958 0.052778
0 0.686198 0.699537 0.039062 0.058333
0 0.186979 0.723148 0.035417 0.059259
0 0.761979 0.523148 0.027083 0.046296
0 0.202083 0.484722 0.035417 0.056481
0 0.114323 0.163426 0.046354 0.041667
0 0.288281 0.634259 0.041146 0.051852
0 0.867448 0.044444 0.024479 0.055556
0 0.828906 0.856019 0.035937 0.045370
0 0.436198 0.028704 0.021354 0.055556
0 0.466146 0.235648 0.042708 0.036111
0 0.305208 0.137963 0.035417 0.040741
0 0.259635 0.645833 0.028646 0.056481
0 0.220052 0.680093 0.031771 0.063889
0 0.160417 0.556019 0.020833 0.071296
0 0.982031 0.260648 0.032813 0.037963
0 0.251563 0.695370 0.027083 0.061111
0 0.201302 0.045370 0.029687 0.046296
0 0.518750 0.504167 0.020833 0.049074
0 0.545312 0.794444 0.037500 0.046296
0 0.227344 0.020370 0.039062 0.038889
0 0.031510 0.694907 0.029687 0.067593
0 0.924219 0.196759 0.041146 0.041667
0 0.435677 0.679167 0.039062 0.045370
0 0.887240 0.437037 0.021354 0.064815
0 0.112240 0.414815 0.039062 0.053704
0 0.210677 0.605093 0.040104 0.045370
0 0.462500 0.818519 0.023958 0.066667
0 0.545573 0.840278 0.038021 0.036111
0 0.751563 0.803241 0.022917 0.069444
0 0.123958 0.467593 0.039583 0.053704
0 0.162760 0.827315 0.044271 0.045370
0 0.246354 0.392593 0.040625 0.035185
0 0.876823 0.089815 0.034896 0.046296
0 0.132292 0.236111 0.040625 0.048148
0 0.428646 0.825926 0.040625 0.048148
0 0.244531 0.779167 0.028646 0.060185
0 0.926042 0.742593 0.036458 0.040741
0 0.057813 0.529630 0.031250 0.064815
0 0.225781 0.739815 0.038021 0.042593
0 0.116406 0.592593 0.040104 0.055556
0 0.275781 0.786111 0.041146 0.044444
0 0.509375 0.056019 0.036458 0.073148
0 0.173437 0.655093 0.026042 0.071296
0 0.021615 0.559259 0.040104 0.048148
0 0.598437 0.020833 0.018750 0.039815
0 0.081250 0.570370 0.037500 0.055556
0 0.088281 0.369907 0.033854 0.054630
0 0.242708 0.882870 0.027083 0.058333
0 0.111719 0.040278 0.021354 0.076852
0 0.276562 0.744444 0.035417 0.042593
0 0.981250 0.074537 0.034375 0.041667
0 0.121615 0.336574 0.033854 0.058333
0 0.798698 0.882870 0.027604 0.062037
0 0.076302 0.156481 0.025521 0.068519
0 0.142708 0.775926 0.045833 0.048148
0 0.890365 0.815741 0.036979 0.042593
0 0.124479 0.700463 0.028125 0.069444
0 0.423438 0.861574 0.038542 0.043519
0 0.288021 0.870370 0.036458 0.046296
0 0.058333 0.773148 0.048958 0.048148
0 0.146094 0.518981 0.033854 0.069444
0 0.967969 0.128704 0.036979 0.064815
0 0.265625 0.902315 0.040625 0.058333
0 0.261458 0.826852 0.044792 0.042593
0 0.885156 0.693056 0.040104 0.047222
0 0.099479 0.289352 0.034375 0.056481
0 0.120573 0.531944 0.041146 0.041667
0 0.336458 0.870833 0.021875 0.073148
0 0.058333 0.395370 0.040625 0.044444
0 0.416406 0.025926 0.022396 0.050000
0 0.176302 0.538889 0.025521 0.072222
0 0.094271 0.800463 0.032292 0.071296
0 0.155729 0.718981 0.040625 0.052778
0 0.183594 0.275926 0.028646 0.064815
0 0.030990 0.353704 0.048438 0.038889
0 0.010417 0.588426 0.019792 0.063889
0 0.170573 0.381944 0.029687 0.062037
0 0.971094 0.876852 0.031771 0.053704
0 0.122396 0.856944 0.039583 0.050926
0 0.742969 0.130556 0.026562 0.033333
0 0.983594 0.854630 0.030729 0.050000
0 0.596354 0.907407 0.020833 0.061111
0 0.204687 0.851852 0.039583 0.035185
0 0.936719 0.162500 0.028646 0.054630
0 0.697917 0.012963 0.025000 0.024074
0 0.931771 0.235648 0.042708 0.060185
0 0.153646 0.887037 0.038542 0.048148
0 0.520833 0.218056 0.035417 0.075000
0 0.920833 0.709259 0.022917 0.046296
0 0.914323 0.093056 0.024479 0.037963
0 0.345833 0.915278 0.032292 0.058333
0 0.441667 0.761111 0.030208 0.031481
0 0.993750 0.775000 0.012500 0.033333
0 0.070052 0.028241 0.030729 0.054630
0 0.302604 0.726852 0.025000 0.072222
0 0.583594 0.660185 0.025521 0.025926
0 0.981771 0.190741 0.016667 0.024074
0 0.090625 0.867130 0.031250 0.045370
0 0.241667 0.933796 0.035417 0.054630
0 0.911979 0.035648 0.071875 0.052778
0 0.010417 0.237037 0.019792 0.040741
0 0.789323 0.944907 0.035937 0.045370
0 0.166927 0.012500 0.017188 0.023148
0 0.596615 0.981481 0.027604 0.031481
0 0.549479 0.962037 0.032292 0.064815
0 0.147396 0.978241 0.036458 0.026852
0 0.343229 0.972222 0.029167 0.055556
0 0.206250 0.979167 0.046875 0.041667
0 0.290625 0.961574 0.036458 0.041667
0 0.381510 0.963426 0.045312 0.058333
0 0.495573 0.981019 0.039062 0.037963
0 0.652083 0.980093 0.041667 0.039815
0 0.816146 0.977315 0.023958 0.032407
