0 0.407813 0.173611 0.020833 0.069444
0 0.380469 0.243056 0.022396 0.071296
0 0.408333 0.235648 0.019792 0.069444
0 0.382552 0.641204 0.033854 0.050926
0 0.479167 0.524074 0.031250 0.051852
0 0.404427 0.447222 0.029687 0.059259
0 0.513281 0.307870 0.024479 0.060185
0 0.480990 0.475000 0.035937 0.042593
0 0.578906 0.269444 0.025521 0.059259
0 0.435677 0.348148 0.022396 0.068519
0 0.391146 0.587500 0.035417 0.049074
0 0.405208 0.716204 0.036458 0.043519
0 0.412500 0.634259 0.019792 0.066667
0 0.357812 0.418519 0.031250 0.061111
0 0.571875 0.354167 0.023958 0.067593
0 0.538802 0.330093 0.026562 0.058333
0 0.479167 0.257407 0.032292 0.050000
0 0.619271 0.359722 0.030208 0.037963
0 0.648698 0.303241 0.019271 0.069444
0 0.109375 0.526852 0.033333 0.057407
0 0.509375 0.807407 0.026042 0.057407
0 0.463542 0.306944 0.033333 0.036111
0 0.454688 0.427778 0.034375 0.053704
0 0.558333 0.579167 0.023958 0.067593
0 0.304948 0.449537 0.024479 0.063889
0 0.466406 0.573148 0.020313 0.064815
0 0.283073 0.381481 0.025521 0.062963
0 0.661979 0.832870 0.033333 0.041667
0 0.378125 0.321759 0.037500 0.037963
0 0.572396 0.697685 0.035417 0.037963
0 0.683854 0.750000 0.025000 0.061111
0 0.325000 0.462500 0.025000 0.056481
0 0.624740 0.237963 0.025521 0.059259
0 0.122917 0.258333 0.031250 0.061111
0 0.312240 0.110648 0.023438 0.067593
0 0.529167 0.272685 0.034375 0.041667
0 0.429167 0.118519 0.034375 0.050000
0 0.522135 0.390278 0.017188 0.065741
0 0.593750 0.085648 0.019792 0.067593
0 0.337500 0.300926 0.029167 0.053704
0 0.541146 0.120370 0.033333 0.053704
0 0.196875 0.392130 0.029167 0.063889
0 0.101302 0.590278 0.023438 0.069444
0 0.968750 0.556481 0.025000 0.059259
0 0.306250 0.350926 0.019792 0.070370
0 0.179167 0.311574 0.022917 0.063889
0 0.554427 0.806944 0.021354 0.060185
0 0.580208 0.564815 0.022917 0.064815
0 0.491146 0.742130 0.031250 0.062037
0 0.615625 0.440278 0.029167 0.043519
0 0.441927 0.152315 0.029687 0.050926
0 0.575781 0.083333 0.019271 0.066667
0 0.681771 0.099074 0.021875 0.062963
0 0.201302 0.331019 0.024479 0.071296
0 0.141927 0.220833 0.022396 0.071296
0 0.326562 0.410648 0.035417 0.043519
0 0.235417 0.552778 0.038542 0.040741
0 0.030990 0.673611 0.031771 0.067593
0 0.629167 0.336111 0.019792 0.068519
0 0.339323 0.070370 0.031771 0.051852
0 0.178125 0.535648 0.021875 0.067593
0 0.164583 0.222222 0.028125 0.064815
0 0.242708 0.601852 0.027083 0.057407
0 0.616406 0.296296 0.022396 0.068519
0 0.442708 0.240741 0.038542 0.040741
0 0.135677 0.465278 0.025521 0.063889
0 0.084896 0.584722 0.026042 0.062037
0 0.135417 0.526389 0.021875 0.071296
0 0.537760 0.386574 0.017188 0.062037
0 0.575781 0.851389 0.026562 0.060185
0 0.203906 0.619444 0.033854 0.057407
0 0.460938 0.375463 0.037500 0.037963
0 0.434375 0.065741 0.036458 0.044444
0 0.367969 0.037963 0.023438 0.062963
0 0.479948 0.192593 0.031771 0.051852
0 0.263281 0.576852 0.032813 0.046296
0 0.688281 0.200926 0.032813 0.048148
0 0.233594 0.510185 0.039062 0.037037
0 0.874219 0.538426 0.022396 0.058333
0 0.712760 0.091204 0.018229 0.065741
0 0.063021 0.693981 0.029167 0.062037
0 0.180729 0.663889 0.037500 0.038889
0 0.316927 0.552778 0.035937 0.057407
0 0.218750 0.415741 0.021875 0.066667
0 0.210156 0.580556 0.038021 0.046296
0 0.600260 0.570370 0.022396 0.053704
0 0.038281 0.500463 0.041146 0.036111
0 0.147135 0.428241 0.038021 0.043519
0 0.853646 0.636574 0.020833 0.063889
0 0.734115 0.739815 0.033854 0.048148
0 0.975000 0.454167 0.034375 0.062037
0 0.476562 0.060185 0.039583 0.046296
0 0.763281 0.784259 0.024479 0.059259
0 0.385156 0.035185 0.026562 0.061111
0 0.903906 0.611111 0.034896 0.037037
0 0.255469 0.369444 0.026562 0.062963
0 0.153385 0.643981 0.040104 0.034259
0 0.721875 0.637963 0.022917 0.062963
0 0.182552 0.432870 0.038021 0.045370
0 0.250000 0.451852 0.035417 0.055556
0 0.951823 0.689815 0.033854 0.050000
0 0.072135 0.495833 0.031771 0.063889
0 0.883073 0.690741 0.040104 0.038889
0 0.478646 0.823611 0.037500 0.036111
0 0.135937 0.589815 0.021875 0.068519
0 0.979167 0.387963 0.036458 0.050000
0 0.597917 0.861111 0.038542 0.042593
0 0.107813 0.689352 0.025000 0.069444
0 0.023698 0.566667 0.034896 0.059259
0 0.958333 0.731481 0.037500 0.035185
0 0.546615 0.639815 0.021354 0.062963
0 0.854688 0.862037 0.039583 0.046296
0 0.064062 0.773148 0.036458 0.061111
0 0.047917 0.271759 0.036458 0.056481
0 0.084635 0.669907 0.023438 0.073148
0 0.764844 0.094444 0.027604 0.062963
0 0.944531 0.531019 0.033854 0.030556
0 0.652083 0.475926 0.023958 0.074074
0 0.469792 0.704167 0.021875 0.063889
0 0.579948 0.800000 0.033854 0.051852
0 0.883073 0.640741 0.034896 0.035185
0 0.759635 0.157407 0.031771 0.051852
0 0.397917 0.833796 0.034375 0.045370
0 0.848437 0.376389 0.023958 0.063889
0 0.872917 0.377778 0.028125 0.064815
0 0.043750 0.434259 0.026042 0.068519
0 0.136458 0.358333 0.035417 0.048148
0 0.662500 0.157870 0.034375 0.039815
0 0.851042 0.112963 0.021875 0.061111
0 0.721875 0.175463 0.034375 0.049074
0 0.261719 0.259722 0.033854 0.060185
0 0.948438 0.494907 0.033333 0.041667
0 0.971875 0.196759 0.034375 0.049074
0 0.925000 0.731481 0.035417 0.038889
0 0.246094 0.322685 0.039062 0.041667
0 0.152083 0.740741 0.029167 0.068519
0 0.110677 0.397222 0.042188 0.037037
0 0.234896 0.379167 0.034375 0.056481
0 0.897135 0.723611 0.040104 0.036111
0 0.923958 0.666667 0.023958 0.059259
0 0.718490 0.414815 0.034896 0.050000
0 0.607031 0.822685 0.039062 0.036111
0 0.059115 0.624537 0.045312 0.034259
0 0.745833 0.037963 0.017708 0.066667
0 0.264062 0.029167 0.020833 0.056481
0 0.356510 0.861111 0.034896 0.046296
0 0.578125 0.893519 0.036458 0.035185
0 0.150260 0.112963 0.023438 0.075926
0 0.081250 0.177778 0.029167 0.066667
0 0.720313 0.815741 0.021875 0.070370
0 0.727344 0.366667 0.025521 0.068519
0 0.023958 0.322685 0.042708 0.041667
0 0.801562 0.188426 0.028125 0.056481
0 0.124740 0.723148 0.023438 0.068519
0 0.847396 0.333796 0.035417 0.034259
0 0.726823 0.033796 0.019271 0.060185
0 0.167969 0.385648 0.041146 0.041667
0 0.223958 0.276852 0.023958 0.066667
0 0.659896 0.027315 0.019792 0.052778
0 0.780469 0.624074 0.035937 0.046296
0 0.795573 0.690741 0.020313 0.072222
0 0.280729 0.032407 0.018750 0.062963
0 0.506510 0.079630 0.018229 0.051852
0 0.151302 0.313889 0.038021 0.042593
0 0.690104 0.391204 0.033333 0.069444
0 0.453125 0.544907 0.020833 0.047222
0 0.833333 0.149537 0.017708 0.058333
0 0.633594 0.870370 0.020313 0.068519
0 0.961458 0.249074 0.039583 0.037037
0 0.859635 0.481019 0.033854 0.060185
0 0.606250 0.776389 0.032292 0.062037
0 0.333594 0.688426 0.042188 0.037963
0 0.439063 0.848148 0.037500 0.038889
0 0.101042 0.117593 0.031250 0.068519
0 0.940104 0.300463 0.032292 0.054630
0 0.268750 0.175463 0.037500 0.041667
0 0.194531 0.713426 0.022396 0.071296
0 0.279948 0.124074 0.040104 0.046296
0 0.830729 0.587963 0.042708 0.040741
0 0.028125 0.407870 0.036458 0.056481
0 0.900521 0.220370 0.036458 0.050000
0 0.902604 0.288889 0.037500 0.046296
0 0.866927 0.264352 0.038021 0.047222
0 0.062240 0.850926 0.036979 0.051852
0 0.731250 0.901389 0.036458 0.045370
0 0.244531 0.228704 0.041146 0.038889
0 0.985677 0.831481 0.028646 0.055556
0 0.812760 0.252778 0.031771 0.055556
0 0.153646 0.487963 0.025000 0.072222
0 0.760156 0.256019 0.032813 0.060185
0 0.304427 0.216204 0.031771 0.039815
0 0.929948 0.249537 0.022396 0.049074
0 0.017188 0.272222 0.029167 0.046296
0 0.923438 0.094444 0.034375 0.051852
0 0.833333 0.284722 0.039583 0.036111
0 0.859115 0.070833 0.027604 0.063889
0 0.157812 0.852315 0.038542 0.058333
0 0.016927 0.776852 0.032813 0.046296
0 0.303646 0.899074 0.037500 0.050000
0 0.664323 0.406019 0.019271 0.067593
0 0.933854 0.354167 0.034375 0.054630
0 0.878385 0.098611 0.026562 0.045370
0 0.574219 0.020833 0.017188 0.039815
0 0.877083 0.808333 0.026042 0.068519
0 0.595833 0.023148 0.017708 0.044444
0 0.088021 0.732407 0.041667 0.044444
0 0.633854 0.908333 0.030208 0.053704
0 0.987500 0.664352 0.022917 0.047222
0 0.202865 0.288889 0.028646 0.051852
0 0.988021 0.330556 0.023958 0.040741
0 0.909896 0.363426 0.036458 0.054630
0 0.880208 0.156944 0.039583 0.050926
0 0.970573 0.143519 0.030729 0.044444
0 0.285156 0.268981 0.030729 0.043519
0 0.904948 0.137963 0.026562 0.061111
0 0.948438 0.058796 0.039583 0.036111
0 0.772135 0.290741 0.030729 0.061111
0 0.969010 0.114815 0.036979 0.044444
0 0.205469 0.208796 0.040104 0.047222
0 0.422656 0.871759 0.027604 0.049074
0 0.181510 0.818519 0.043229 0.042593
0 0.172135 0.765741 0.030729 0.066667
0 0.810417 0.153704 0.034375 0.053704
0 0.914323 0.194444 0.033854 0.053704
0 0.984635 0.056481 0.030729 0.031481
0 0.917708 0.773148 0.022917 0.037037
0 0.083333 0.335185 0.027083 0.061111
0 0.260677 0.714352 0.027604 0.075000
0 0.010417 0.390278 0.019792 0.058333
0 0.805990 0.121759 0.038021 0.036111
0 0.233594 0.943056 0.035937 0.049074
0 0.009896 0.128704 0.018750 0.033333
0 0.487500 0.891667 0.020833 0.070370
0 0.461719 0.925000 0.027604 0.074074
0 0.162760 0.917130 0.039062 0.060185
0 0.070573 0.021296 0.032813 0.040741
0 0.029167 0.050000 0.034375 0.042593
0 0.371354 0.962037 0.034375 0.053704
0 0.015104 0.914352 0.029167 0.052778
0 0.355990 0.013889 0.034896 0.025926
0 0.657031 0.978704 0.033854 0.025926
0 0.394792 0.966667 0.028125 0.059259
0 0.944531 0.012037 0.017188 0.022222
0 0.497917 0.958796 0.022917 0.065741
0 0.451302 0.980093 0.046354 0.037963
0 0.903125 0.020833 0.032292 0.039815
0 0.139583 0.980556 0.035417 0.035185
0 0.827344 0.980556 0.026562 0.031481
0 0.296354 0.982407 0.025000 0.033333
0 0.010156 0.685185 0.019271 0.066667
0 0.291667 0.418981 0.021875 0.063889
0 0.406771 0.348611 0.035417 0.047222
0 0.117969 0.312500 0.038021 0.052778
0 0.009115 0.174537 0.017188 0.032407
0 0.072917 0.950926 0.039583 0.068519
0 0.272396 0.937037 0.036458 0.044444
0 0.277344 0.970833 0.035937 0.028704
0 0.514583 0.978704 0.030208 0.025926
0 0.340625 0.939815 0.038542 0.087037
0 0.009635 0.868981 0.018229 0.036111
0 0.077604 0.758796 0.019792 0.028704
0 0.357812 0.011574 0.013542 0.021296
0 0.420052 0.083796 0.018229 0.026852
0 0.526302 0.200926 0.021354 0.074074
0 0.543490 0.180093 0.031771 0.071296
0 0.493490 0.399537 0.038021 0.052778
0 0.436719 0.639352 0.033854 0.050926
0 0.434115 0.677315 0.023438 0.063889
0 0.459115 0.654167 0.023438 0.060185
0 0.485677 0.660648 0.033854 0.047222
0 0.488281 0.602778 0.032813 0.037037
0 0.511458 0.612037 0.023958 0.064815
0 0.524740 0.618519 0.025521 0.062963
0 0.524479 0.675463 0.031250 0.054630
0 0.583854 0.651852 0.034375 0.042593
0 0.592448 0.613426 0.038021 0.034259
0 0.560677 0.637963 0.014063 0.059259
0 0.619531 0.674537 0.024479 0.045370
0 0.615104 0.709259 0.036458 0.033333
0 0.630990 0.719907 0.035937 0.045370
0 0.614583 0.146296 0.027083 0.062963
0 0.637760 0.124537 0.038021 0.043519
0 0.638021 0.187037 0.032292 0.042593
0 0.638542 0.230093 0.025000 0.062037
0 0.659896 0.221296 0.022917 0.070370
0 0.993229 0.230093 0.012500 0.025000
0 0.989844 0.946296 0.020313 0.072222
0 0.859896 0.796759 0.016667 0.030556
0 0.556510 0.081944 0.021354 0.052778
0 0.746615 0.127315 0.025521 0.036111
