0 0.7348645833333334 0.3443981481481481 0.02488541666666677 0.06526851851851853
0 0.5805677083333334 0.5342870370370371 0.02784895833333323 0.06060185185185189
0 0.5063489583333334 0.39562037037037034 0.02854687499999997 0.05674999999999997
0 0.43871875 0.31923148148148145 0.02964583333333337 0.05045370370370371
0 0.6826197916666668 0.27409259259259255 0.022843750000000065 0.06927777777777772
0 0.6494166666666668 0.3791203703703704 0.025557291666666752 0.055990740740740765
0 0.22253645833333333 0.18446296296296297 0.023239583333333334 0.0672222222222222
0 0.5053697916666666 0.4557314814814815 0.024703125000000034 0.05995370370370376
0 0.384765625 0.4238240740740741 0.030916666666666613 0.05707407407407406
0 0.47925 0.21842592592592594 0.028593750000000046 0.06824999999999998
0 0.41796875 0.21614814814814814 0.02123958333333332 0.06862962962962964
0 0.4025885416666667 0.31965740740740745 0.03423958333333334 0.04023148148148152
0 0.728515625 0.5034722222222222 0.03021354166666678 0.06049074074074073
0 0.6025416666666668 0.31575925925925924 0.021484375 0.06624074074074071
0 0.4377447916666667 0.18641666666666667 0.018692708333333384 0.06879629629629631
0 0.27246354166666664 0.35156481481481483 0.031614583333333356 0.05718518518518518
0 0.7255885416666668 0.2404537037037037 0.027739583333333446 0.06223148148148149
0 0.6235364583333334 0.3385462962962963 0.019942708333333316 0.06917592592592596
0 0.3046875 0.27299999999999996 0.030213541666666663 0.05826851851851847
0 0.6391614583333334 0.2593333333333333 0.028807291666666637 0.06016666666666668
0 0.560546875 0.32660185185185187 0.021010416666666743 0.06700000000000002
0 0.3515625 0.1970462962962963 0.020890624999999947 0.06982407407407404
0 0.7182604166666666 0.1380185185185185 0.026963541666666656 0.059731481481481476
0 0.5649427083333334 0.22049074074074074 0.028593750000000046 0.059138888888888894
0 0.3708489583333333 0.1539722222222222 0.024703125000000034 0.0691759259259259
0 0.4714375 0.4127592592592592 0.021864583333333344 0.06700000000000002
0 0.6850572916666666 0.4101574074074074 0.03656249999999991 0.050564814814814826
0 0.276609375 0.31162962962962965 0.039427083333333356 0.04765740740740743
0 0.2395 0.42512962962962964 0.029984375000000025 0.057620370370370384
0 0.7294947916666668 0.6154537037037038 0.03347916666666677 0.05191666666666661
0 0.5205104166666666 0.3205277777777778 0.03210416666666672 0.058481481481481454
0 0.7807604166666666 0.08154629629629628 0.021041666666666715 0.06282407407407407
0 0.4487291666666666 0.42165740740740737 0.0219114583333333 0.06711111111111112
0 0.5395520833333334 0.3743518518518519 0.03661979166666664 0.03947222222222222
0 0.8046875 0.7369814814814816 0.03384375000000001 0.048777777777777837
0 0.5888697916666668 0.1499537037037037 0.032229166666666725 0.0481203703703704
0 0.4243177083333334 0.5182314814814816 0.020921875000000038 0.06646296296296293
0 0.8662135416666668 0.3893240740740741 0.02619791666666676 0.05924074074074076
0 0.3803697916666666 0.111 0.027953125000000037 0.06390740740740739
0 0.755859375 0.24978703703703703 0.018692708333333266 0.06760185185185184
0 0.12548958333333332 0.3576388888888889 0.03811458333333332 0.0533055555555556
0 0.3432604166666666 0.34938888888888886 0.025421874999999972 0.05794444444444448
0 0.7836927083333334 0.7895 0.026458333333333427 0.06271296296296298
0 0.3149427083333334 0.2086574074074074 0.03964062499999995 0.049129629629629634
0 0.19275 0.2981759259259259 0.037473958333333356 0.04801851851851853
0 0.7299791666666666 0.5664074074074075 0.03759895833333336 0.04000925925925929
0 0.09668229166666667 0.5460092592592594 0.04138020833333333 0.04695370370370374
0 0.9194322916666666 0.37412962962962965 0.020963541666666665 0.06087037037037038
0 0.3911145833333334 0.09439814814814815 0.027265624999999953 0.06352777777777777
0 0.09668229166666667 0.20898148148148146 0.029249999999999984 0.06944444444444445
0 0.456296875 0.1385648148148148 0.03125 0.05485185185185186
0 0.39453125 0.6228333333333333 0.033140625000000055 0.048018518518518426
0 0.6474635416666668 0.17501851851851852 0.027010416666666735 0.050564814814814826
0 0.701171875 0.23199074074074075 0.026916666666666582 0.06500000000000002
0 0.24707291666666667 0.36718518518518517 0.026109374999999997 0.06684259259259254
0 0.5219739583333334 0.24305555555555555 0.018187500000000037 0.06722222222222224
0 0.6098645833333334 0.20649074074074072 0.01934895833333338 0.06787037037037036
0 0.6225572916666666 0.5746574074074075 0.03378125000000007 0.05555555555555555
0 0.8481458333333334 0.4574629629629629 0.022244791666666687 0.06179629629629625
0 0.6713854166666666 0.6375833333333334 0.0225833333333334 0.06635185185185193
0 0.7421875 0.16048148148148147 0.031984374999999926 0.05555555555555555
0 0.66796875 0.7604166666666666 0.023239583333333275 0.06879629629629626
0 0.8041979166666666 0.6445277777777778 0.031312499999999945 0.05783333333333337
0 0.34082291666666664 0.053518518518518514 0.020692708333333344 0.06575925925925927
0 0.7797864583333334 0.4613703703703703 0.026807291666666563 0.0651018518518518
0 0.44238541666666664 0.47005555555555556 0.03488020833333335 0.03900925925925926
0 0.7534166666666666 0.7044259259259259 0.037046875000000055 0.05026851851851848
0 0.19226041666666666 0.3684907407407408 0.021208333333333346 0.06825000000000003
0 0.7954114583333334 0.613712962962963 0.03192187499999998 0.05289814814814825
0 0.8017604166666668 0.1903240740740741 0.019453124999999953 0.06450925925925928
0 0.9243177083333334 0.6171851851851852 0.034182291666666725 0.045111111111111137
0 0.9379895833333334 0.506074074074074 0.027374999999999972 0.06060185185185189
0 0.2185052083333333 0.3572037037037037 0.03049999999999997 0.062333333333333275
0 0.14098958333333333 0.605037037037037 0.030671874999999994 0.05891666666666677
0 0.2785625 0.057185185185185186 0.021776041666666638 0.06749074074074074
0 0.9467760416666666 0.5907129629629629 0.03408854166666657 0.03985185185185182
0 0.8764635416666666 0.6315092592592593 0.023286458333333353 0.062333333333333275
0 0.5498072916666668 0.4804722222222222 0.01785416666666677 0.07112962962962957
0 0.9658229166666668 0.46787962962962965 0.031312499999999945 0.05642592592592587
0 0.473875 0.32551851851851854 0.03582812499999998 0.040611111111111126
0 0.8720729166666668 0.5486111111111112 0.03149479166666656 0.05496296296296287
0 0.3139635416666666 0.08094444444444444 0.020692708333333344 0.06662037037037039
0 0.751953125 0.6453981481481481 0.023729166666666638 0.06477777777777781
0 0.5766614583333334 0.057944444444444444 0.03277604166666658 0.06027777777777777
0 0.7104479166666666 0.7604166666666666 0.022322916666666734 0.06559259259259252
0 0.41308854166666664 0.4544259259259259 0.029145833333333353 0.043999999999999984
0 0.5703125 0.25151851851851853 0.02116145833333339 0.07399999999999998
0 0.84765625 0.3819444444444444 0.018906250000000093 0.06130555555555559
0 0.15930208333333334 0.2788611111111111 0.03845312500000002 0.04047222222222226
0 0.88671875 0.1880462962962963 0.027177083333333248 0.06499999999999999
0 0.6186510416666666 0.049694444444444444 0.03582812499999998 0.04923148148148147
0 0.8203125 0.5711851851851851 0.0343020833333334 0.043351851851851794
0 0.39721875 0.1903240740740741 0.033203125 0.06109259259259261
0 0.39941666666666664 0.38325000000000004 0.039427083333333356 0.0433518518518519
0 0.5625 0.7621574074074075 0.03192187499999998 0.06282407407407399
0 0.3608385416666666 0.6475740740740741 0.028703124999999947 0.06261111111111121
0 0.8393541666666666 0.21950925925925927 0.03753645833333342 0.04014814814814816
0 0.23388541666666668 0.5156296296296297 0.025557291666666693 0.06559259259259252
0 0.49316666666666664 0.6241296296296296 0.029984374999999966 0.057620370370370384
0 0.49096875 0.09217592592592593 0.03210416666666672 0.037703703703703705
0 0.17736979166666667 0.25130555555555556 0.042875000000000024 0.03871296296296299
0 0.9501979166666668 0.5507777777777778 0.03506250000000009 0.042750000000000066
0 0.857421875 0.8463518518518518 0.0301510416666666 0.05311111111111102
0 0.56640625 0.10644444444444442 0.027635416666666638 0.05162037037037036
0 0.43066666666666664 0.7265648148148148 0.035947916666666656 0.039685185185185094
0 0.27221875 0.4895833333333333 0.03817708333333331 0.0466851851851852
0 0.491453125 0.7738703703703703 0.023557291666666678 0.0738425925925926
0 0.2932135416666667 0.5985277777777778 0.03896874999999997 0.0364351851851851
0 0.2612291666666666 0.5724814814814815 0.03228645833333331 0.055990740740740765
0 0.2849114583333333 0.556425925925926 0.03912499999999997 0.03684259259259256
0 0.20691145833333333 0.39475 0.021578124999999972 0.057620370370370384
0 0.8369166666666668 0.6323796296296297 0.029817708333333335 0.05485185185185186
0 0.21533333333333332 0.1060648148148148 0.03125 0.05452777777777779
0 0.06793229166666667 0.27451851851851855 0.04016145833333334 0.0540092592592593
0 0.9375 0.3198796296296297 0.020140625000000037 0.05652777777777773
0 0.14831770833333333 0.12359259259259259 0.029203125000000028 0.07112962962962963
0 0.4799791666666666 0.4765648148148149 0.017442708333333338 0.05631481481481481
0 0.7861354166666668 0.13010185185185183 0.03781249999999995 0.044518518518518506
0 0.51171875 0.5954907407407407 0.018156249999999947 0.06488888888888882
0 0.16760416666666667 0.5833333333333334 0.036776041666666676 0.06212037037037029
0 0.04867708333333333 0.41059259259259256 0.04083333333333334 0.04416666666666671
0 0.884765625 0.6961851851851851 0.04122916666666659 0.04014814814814806
0 0.2736822916666667 0.4548611111111111 0.037901041666666656 0.050944444444444424
0 0.2170416666666667 0.5486111111111112 0.03402604166666669 0.0554722222222223
0 0.7631822916666666 0.5243055555555556 0.02838020833333322 0.05045370370370371
0 0.8828125 0.3513425925925926 0.0343020833333334 0.05382407407407407
0 0.2365729166666667 0.11469444444444445 0.023421875000000016 0.06428703703703705
0 0.9462916666666668 0.6996574074074075 0.021864583333333344 0.06526851851851853
0 0.31371875 0.7821203703703704 0.02854687499999997 0.06342592592592593
0 0.1545416666666667 0.31401851851851853 0.040682291666666676 0.04234259259259261
0 0.4643541666666666 0.028157407407407412 0.022718749999999944 0.053518518518518514
0 0.12042187499999998 0.4765648148148149 0.036713541666666655 0.058268518518518525
0 0.21374479166666666 0.060055555555555556 0.029374999999999988 0.06369444444444444
0 0.24108854166666666 0.6032962962962962 0.03359895833333333 0.059731481481481476
0 0.219484375 0.625 0.02670312499999999 0.06412962962962962
0 0.7529322916666668 0.8085925925925925 0.024093750000000115 0.06684259259259265
0 0.7880885416666668 0.8502592592592593 0.027010416666666735 0.058592592592592564
0 0.9755885416666668 0.5477407407407406 0.022078124999999935 0.06087037037037038
0 0.1224375 0.5203981481481481 0.037598958333333335 0.03985185185185182
0 0.90625 0.5182314814814816 0.039182291666666674 0.03276851851851861
0 0.3244635416666667 0.6523425925925925 0.035276041666666674 0.03719444444444451
0 0.2634270833333333 0.5329907407407407 0.03811458333333337 0.04291666666666658
0 0.4689947916666667 0.6284722222222222 0.02571354166666661 0.06271296296296298
0 0.8515625 0.3294259259259259 0.027265624999999953 0.062333333333333275
0 0.9165052083333334 0.22743518518518518 0.03683333333333323 0.04416666666666668
0 0.8022447916666666 0.4674444444444444 0.026854166666666637 0.051620370370370317
0 0.5341822916666668 0.7148425925925925 0.019088541666666715 0.06352777777777768
0 0.7646510416666668 0.5768240740740741 0.03649999999999996 0.03697222222222228
0 0.4887708333333334 0.6770833333333334 0.02844270833333328 0.0629351851851852
0 0.8935572916666668 0.8589444444444444 0.025270833333333322 0.06862962962962973
0 0.2836927083333334 0.6840277777777778 0.03854166666666667 0.05015740740740748
0 0.04016145833333333 0.477 0.029921875000000004 0.0683611111111111
0 0.4001458333333333 0.818574074074074 0.034421874999999956 0.047037037037036995
0 0.8608385416666666 0.6697037037037037 0.02447395833333322 0.06320370370370369
0 0.8232447916666668 0.837675925925926 0.02838020833333322 0.061907407407407314
0 0.525390625 0.060981481481481484 0.018984374999999963 0.059138888888888894
0 0.4558125 0.6714444444444444 0.019911458333333344 0.06684259259259265
0 0.5444322916666666 0.5967870370370371 0.02645833333333337 0.06152777777777782
0 0.3852552083333334 0.03040740740740741 0.032895833333333374 0.04942592592592592
0 0.203734375 0.519962962962963 0.037109375 0.05112962962962966
0 0.13574479166666667 0.6467037037037038 0.04232812499999999 0.038055555555555474
0 0.3591302083333333 0.7118055555555556 0.031312499999999945 0.06597222222222222
0 0.23718229166666666 0.04858333333333333 0.030104166666666644 0.06684259259259259
0 0.9794947916666668 0.2949259259259259 0.024703124999999916 0.06927777777777772
0 0.3588854166666666 0.8107685185185185 0.03004687500000003 0.05652777777777773
0 0.15027083333333333 0.7912314814814815 0.03494270833333335 0.06586111111111122
0 0.8837916666666668 0.3101111111111111 0.03460937499999991 0.05240740740740743
0 0.438234375 0.6245648148148147 0.03506249999999997 0.0411481481481482
0 0.17761458333333333 0.525611111111111 0.021619791666666662 0.06775925925925932
0 0.19275 0.11621296296296296 0.020567708333333337 0.06179629629629628
0 0.12292708333333333 0.09581481481481482 0.030333333333333323 0.06889814814814814
0 0.0403125 0.5755185185185184 0.022109374999999997 0.06500000000000004
0 0.41699479166666664 0.07470370370370372 0.018052083333333375 0.06369444444444447
0 0.6215833333333334 0.7591111111111112 0.020645833333333266 0.06965740740740742
0 0.927734375 0.1172962962962963 0.03277604166666658 0.06282407407407409
0 0.17065625 0.20507407407407408 0.03295833333333332 0.059731481481481476
0 0.09997395833333332 0.7313333333333334 0.040921874999999996 0.06076851851851841
0 0.01991145833333333 0.5334166666666667 0.030046874999999994 0.06662037037037041
0 0.08301041666666667 0.14127777777777778 0.029817708333333335 0.06700000000000002
0 0.15710416666666666 0.681861111111111 0.04577604166666666 0.04424074074074071
0 0.7299791666666666 0.027537037037037033 0.03372395833333333 0.04950925925925926
0 0.29175 0.7482685185185185 0.03768749999999995 0.04031481481481478
0 0.14684895833333333 0.7356759259259259 0.027375000000000017 0.06711111111111112
0 0.19177083333333333 0.6631944444444444 0.024656250000000015 0.06282407407407399
0 0.032656250000000005 0.6979166666666666 0.029145833333333336 0.06879629629629626
0 0.6471354166666666 0.01712962962962963 0.030729166666666665 0.03425925925925926
0 0.3149427083333334 0.8424444444444444 0.02194270833333339 0.06613888888888894
0 0.15930208333333334 0.852 0.024140625000000013 0.06477777777777781
0 0.1740729166666667 0.7265648148148148 0.03781250000000001 0.060277777777777694
0 0.2243645833333333 0.7682314814814816 0.021484375 0.07085185185185183
0 0.126953125 0.8797777777777778 0.03994791666666667 0.05007407407407401
0 0.9873072916666668 0.434462962962963 0.025223958333333248 0.036212962962962975
0 0.7700208333333334 0.026490740740740742 0.038755208333333256 0.03819444444444445
0 0.9096666666666666 0.051027777777777776 0.03781249999999995 0.04720370370370369
0 0.2641614583333334 0.7191851851851853 0.04336458333333336 0.04250925925925934
0 0.0403125 0.8255185185185184 0.037385416666666664 0.056314814814814755
0 0.5532239583333334 0.023148148148148147 0.03396354166666669 0.037620370370370367
0 0.9853333333333333 0.0773611111111111 0.02933333333333342 0.04950925925925926
0 0.9867916666666667 0.7864629629629629 0.026411458333333353 0.04492592592592591
0 0.947265625 0.17719444444444446 0.03677604166666673 0.05536111111111113
0 0.23547395833333334 0.2480462962962963 0.029416666666666678 0.0483148148148148
0 0.2248541666666667 0.8346388888888888 0.022244791666666687 0.07112962962962957
0 0.026260416666666668 0.3546018518518519 0.04428125000000001 0.048398148148148135
0 0.057708333333333334 0.19162037037037036 0.04009895833333332 0.0496111111111111
0 0.4533697916666667 0.5421018518518519 0.018984375000000022 0.04785185185185191
0 0.19433854166666667 0.06684259259259259 0.016843750000000015 0.04942592592592592
0 0.5825208333333334 0.9010462962962963 0.04031250000000005 0.04543518518518513
0 0.8657239583333334 0.09287962962962963 0.02908333333333341 0.04676851851851851
0 0.5546875 0.855037037037037 0.04202083333333325 0.051435185185185146
0 0.859375 0.19400925925925927 0.027265624999999953 0.07075000000000002
0 0.08313020833333334 0.9184074074074073 0.03079166666666667 0.06450925925925922
0 0.20019791666666667 0.4670185185185185 0.03860416666666667 0.05083333333333336
0 0.5322291666666666 0.6671018518518519 0.03823958333333331 0.05674999999999997
0 0.11242708333333334 0.792537037037037 0.04025520833333334 0.06775925925925932
0 0.07610937499999999 0.7951388888888888 0.04122916666666666 0.06879629629629626
0 0.8881822916666666 0.061907407407407404 0.03933854166666677 0.04172222222222222
0 0.199953125 0.7951388888888888 0.020796874999999975 0.0753611111111112
0 0.093203125 0.8450555555555556 0.03192187500000001 0.06624074074074071
0 0.04132291666666667 0.29362037037037036 0.03390625 0.07156481481481478
0 0.03854166666666667 0.041805555555555554 0.034822916666666676 0.05371296296296297
0 0.9894791666666667 0.19400925925925927 0.021041666666666715 0.05576851851851854
0 0.3576666666666667 0.7695277777777778 0.04272395833333332 0.03976851851851856
0 0.08404687500000001 0.40125925925925926 0.043760416666666656 0.07551851851851847
0 0.521484375 0.47352777777777777 0.030213541666666722 0.039305555555555545
0 0.012192708333333333 0.5043425925925926 0.024140625000000002 0.05674999999999997
0 0.12915104166666666 0.4058148148148148 0.04894791666666666 0.06223148148148151
0 0.09997395833333332 0.9340277777777778 0.028104166666666656 0.06200925925925918
0 0.51953125 0.5039074074074075 0.02258333333333328 0.0489351851851851
0 0.09997395833333332 0.06787037037037037 0.03454687499999999 0.04107407407407407
0 0.9243177083333334 0.7061666666666666 0.026765624999999935 0.04519444444444439
0 0.15088020833333332 0.9418425925925926 0.026854166666666696 0.0621203703703704
0 0.442625 0.7617222222222222 0.0269166666666667 0.02962037037037038
0 0.6538072916666666 0.4726574074074074 0.021364583333333322 0.03323148148148152
0 0.025713541666666666 0.8537314814814815 0.04477083333333333 0.049314814814814804
0 0.28222916666666664 0.9375 0.03271354166666664 0.05433333333333329
0 0.3981927083333333 0.9444444444444444 0.03476041666666667 0.06109259259259261
0 0.07305729166666668 0.019675925925925927 0.03948958333333333 0.035805555555555556
0 0.5947291666666668 0.9444444444444444 0.03656249999999991 0.03615740740740747
0 0.4567864583333333 0.9375 0.032895833333333374 0.07411111111111107
0 0.20471354166666667 0.9375 0.02670312499999999 0.05433333333333329
0 0.11676041666666667 0.2749537037037037 0.020218749999999997 0.02637962962962964
0 0.8115260416666668 0.2725740740740741 0.018098958333333335 0.029157407407407417
0 0.328859375 0.9505185185185184 0.03704687499999994 0.04831481481481477
0 0.5600572916666666 0.9470462962962962 0.03533854166666662 0.040064814814814796
0 0.9933177083333333 0.036564814814814814 0.013364583333333258 0.030194444444444444
0 0.93359375 0.027203703703703702 0.03540104166666656 0.03849074074074074
0 0.010171875 0.2376296296296296 0.0195625 0.04234259259259261
0 0.4682604166666666 0.980037037037037 0.03643750000000002 0.03895370370370386
0 0.13036979166666668 0.9592037037037038 0.03198437499999998 0.06787037037037043
0 0.2885729166666666 0.8528611111111112 0.018723958333333356 0.0481203703703704
0 0.37402604166666664 0.2764722222222222 0.015427083333333277 0.0323333333333333
0 0.3098125 0.1716574074074074 0.01854166666666662 0.026805555555555544
0 0.17138541666666668 0.9730925925925926 0.030958333333333303 0.04685185185185177
0 0.5483385416666666 0.9765648148148148 0.038114583333333306 0.04300000000000005
0 0.6865260416666668 0.981601851851852 0.024843749999999904 0.03679629629629609
0 0.853515625 0.9791666666666666 0.023958333333333335 0.026379629629629427
0 0.4262708333333334 0.8854166666666666 0.022463541666666722 0.0364351851851851
0 0.45410416666666664 0.8993055555555556 0.023729166666666638 0.033666666666666574
0 0.3149427083333334 0.973962962962963 0.04092187499999997 0.043916666666666514
0 0.07043229166666666 0.973962962962963 0.022463541666666663 0.01937962962962948
0 0.026963541666666667 0.982175925925926 0.04922395833333334 0.03564814814814815
0 0.009192708333333332 0.8932314814814816 0.018265625000000004 0.03526851851851844
0 0.04615104166666666 0.3724351851851852 0.04246354166666667 0.032407407407407406
0 0.095703125 0.3701111111111111 0.02422395833333333 0.04531481481481486
0 0.15201562500000002 0.3694537037037037 0.019583333333333345 0.07404629629629632
0 0.17218229166666665 0.36371296296296296 0.022187500000000013 0.07263888888888893
0 0.5102135416666667 0.013907407407407407 0.03328125000000005 0.027287037037037037
0 0.90009375 0.27967592592592594 0.022062500000000065 0.05953703703703699
0 0.9162916666666666 0.2925740740740741 0.017843750000000113 0.0746203703703704
0 0.9322395833333333 0.25722222222222224 0.02007291666666665 0.04512037037037039
0 0.9901041666666667 0.3888888888888889 0.019791666666666666 0.046296296296296294
0 0.98828125 0.32685185185185184 0.0234375 0.03148148148148148
0 0.6706406250000001 0.22574074074074074 0.029218749999999953 0.05716666666666668
0 0.7443437500000001 0.12646296296296297 0.027114583333333307 0.03588888888888888
0 0.9084791666666666 0.10099074074074073 0.017645833333333392 0.052324074074074065
0 0.9487708333333333 0.12677777777777777 0.03534375000000007 0.05449074074074075
0 0.9763854166666667 0.13475 0.023791666666666583 0.05830555555555554
0 0.40024479166666665 0.1435925925925926 0.03412499999999999 0.05120370370370372
0 0.4539479166666667 0.09513888888888888 0.025010416666666656 0.05571296296296298
0 0.46186979166666664 0.06787962962962964 0.01306770833333329 0.03673148148148149
0 0.602078125 0.015620370370370371 0.022427083333333306 0.027916666666666666
0 0.40424479166666666 0.978925925925926 0.03393229166666671 0.039490740740740826
0 0.994921875 0.5596111111111111 0.01015625 0.07448148148148154
0 0.41913541666666665 0.4260555555555555 0.02549479166666669 0.058370370370370336
0 0.320765625 0.24839814814814812 0.022994791666666715 0.038592592592592574
0 0.8402447916666667 0.49252777777777773 0.034468749999999916 0.049324074074074055