0 0.3674322916666667 0.3363703703703703 0.030380208333333294 0.057398148148148156
0 0.5014635416666666 0.5282129629629629 0.032411458333333344 0.05652777777777773
0 0.258546875 0.45225925925925925 0.032411458333333316 0.0434259259259259
0 0.3166510416666667 0.3218333333333333 0.022677083333333313 0.06944444444444445
0 0.5942395833333334 0.409287037037037 0.020416666666666573 0.06342592592592593
0 0.33301041666666664 0.5807314814814816 0.03384375000000001 0.05576851851851854
0 0.240234375 0.35525 0.03295833333333332 0.04720370370370372
0 0.21520833333333333 0.43034259259259255 0.029374999999999988 0.06965740740740742
0 0.254640625 0.39149074074074075 0.03747395833333333 0.04738888888888884
0 0.537109375 0.5776944444444444 0.02161979166666672 0.06673148148148142
0 0.23828125 0.5590277777777778 0.029145833333333353 0.05674999999999997
0 0.22900520833333332 0.7482685185185185 0.035276041666666674 0.049962962962962994
0 0.449953125 0.35174074074074074 0.028807291666666637 0.06179629629629631
0 0.18786458333333333 0.6080740740740741 0.03277604166666664 0.06309259259259269
0 0.4743645833333333 0.7404537037037038 0.03488020833333335 0.05132407407407413
0 0.25683854166666664 0.6063333333333334 0.03430208333333331 0.06271296296296298
0 0.23596354166666667 0.2656296296296296 0.029249999999999984 0.058592592592592564
0 0.296140625 0.43901851851851853 0.018937499999999947 0.06271296296296298
0 0.5830104166666668 0.6106759259259259 0.029708333333333316 0.04765740740740743
0 0.5708020833333334 0.5464444444444444 0.024994791666666554 0.06597222222222222
0 0.5971666666666666 0.7608518518518519 0.03607291666666678 0.042666666666666596
0 0.5112291666666666 0.6384537037037037 0.027437500000000035 0.06060185185185189
0 0.22692708333333333 0.15928703703703703 0.03359895833333333 0.05642592592592592
0 0.322265625 0.42577777777777776 0.03811458333333337 0.03798148148148146
0 0.19299479166666667 0.33246296296296296 0.03515625 0.05270370370370366
0 0.278078125 0.2528240740740741 0.025619791666666693 0.06613888888888887
0 0.3146979166666667 0.20258333333333334 0.032041666666666656 0.04885185185185184
0 0.3791510416666667 0.6119814814814816 0.022416666666666647 0.06320370370370369
0 0.4924322916666667 0.8081574074074074 0.03649999999999996 0.04912962962962958
0 0.2578125 0.2923148148148148 0.019500000000000028 0.06526851851851853
0 0.280515625 0.5342870370370371 0.03253125000000002 0.043074074074074056
0 0.4201666666666667 0.5282129629629629 0.03482291666666661 0.04912962962962958
0 0.4584947916666666 0.4173148148148148 0.018156249999999947 0.06927777777777783
0 0.5717760416666666 0.32769444444444445 0.02848958333333324 0.0588148148148148
0 0.642578125 0.7478333333333333 0.02488541666666677 0.06212037037037029
0 0.350828125 0.6345462962962962 0.03500520833333335 0.041018518518518475
0 0.5727552083333334 0.7022592592592594 0.023911458333333257 0.06900925925925923
0 0.3400885416666667 0.11686111111111111 0.027328125000000016 0.07075
0 0.6010729166666666 0.5711851851851851 0.02293229166666677 0.05951851851851849
0 0.44824479166666664 0.5668425925925926 0.018265624999999966 0.06646296296296293
0 0.38403125 0.375 0.036989583333333326 0.036074074074074106
0 0.489015625 0.39019444444444445 0.03476041666666667 0.04031481481481478
0 0.109921875 0.2610648148148148 0.03246875000000002 0.05270370370370369
0 0.5629895833333334 0.474824074074074 0.022031250000000096 0.06699999999999996
0 0.23303125 0.6927129629629629 0.03753645833333336 0.044324074074073974
0 0.40503125 0.4479166666666667 0.03643750000000002 0.04180555555555553
0 0.494140625 0.6896666666666667 0.023770833333333387 0.06352777777777768
0 0.5971666666666666 0.8467870370370371 0.03253125000000002 0.053009259259259256
0 0.88671875 0.4437962962962963 0.028213541666666706 0.057620370370370384
0 0.6552760416666668 0.35959259259259263 0.021453125000000028 0.06223148148148151
0 0.18628125 0.4016944444444444 0.03488020833333335 0.05181481481481485
0 0.544921875 0.3537314814814815 0.029921874999999966 0.05663888888888885
0 0.18347395833333333 0.5468796296296297 0.031203124999999984 0.05392592592592593
0 0.5336927083333334 0.38411111111111107 0.03515625 0.04047222222222226
0 0.2951666666666667 0.09814814814814815 0.018187500000000037 0.06380555555555555
0 0.1447760416666667 0.1510462962962963 0.028932291666666658 0.06037962962962961
0 0.724609375 0.6102407407407406 0.023375000000000055 0.06271296296296298
0 0.6372083333333334 0.3342037037037037 0.020093749999999962 0.06477777777777781
0 0.9052760416666668 0.619361111111111 0.023729166666666638 0.060379629629629665
0 0.603515625 0.24132407407407408 0.023729166666666638 0.0623333333333333
0 0.3942864583333333 0.24978703703703703 0.03891145833333335 0.04657407407407406
0 0.3286145833333334 0.5169259259259259 0.03378124999999995 0.06798148148148155
0 0.093203125 0.12076851851851853 0.025911458333333335 0.06477777777777775
0 0.2941875 0.65625 0.03964062499999995 0.06889814814814822
0 0.4802239583333333 0.2910185185185185 0.03430208333333328 0.039249999999999986
0 0.5795885416666666 0.8194444444444444 0.035947916666666656 0.0411481481481482
0 0.650390625 0.42274074074074075 0.022416666666666647 0.059842592592592586
0 0.2985833333333333 0.7291666666666666 0.0316770833333333 0.05642592592592598
0 0.13513020833333333 0.21332407407407405 0.03442187500000002 0.04893518518518521
0 0.541015625 0.2534722222222222 0.030729166666666665 0.058379629629629615
0 0.6201197916666668 0.27799074074074076 0.02752604166666662 0.055037037037037086
0 0.3278802083333333 0.06027777777777777 0.030729166666666665 0.056861111111111105
0 0.25390625 0.09619444444444444 0.022505208333333353 0.06450925925925925
0 0.3530260416666666 0.5920185185185185 0.018692708333333384 0.06320370370370369
0 0.184328125 0.8029537037037038 0.0395520833333333 0.057398148148148156
0 0.321046875 0.6384537037037037 0.0327760416666667 0.038712962962962914
0 0.18640104166666666 0.11241666666666666 0.027374999999999972 0.06462037037037038
0 0.11419791666666666 0.1490925925925926 0.022203124999999997 0.0672222222222222
0 0.478515625 0.5182314814814816 0.03720312500000003 0.034990740740740704
0 0.5166041666666666 0.31033333333333335 0.027479166666666662 0.07139814814814816
0 0.25659375000000006 0.15125925925925926 0.03125000000000003 0.048398148148148135
0 0.25121875 0.5208333333333334 0.03845312500000002 0.047037037037036995
0 0.1355 0.5850740740740741 0.02452083333333334 0.07101851851851856
0 0.5043958333333334 0.457462962962963 0.03454687499999996 0.04587037037037039
0 0.7827135416666666 0.5182314814814816 0.029312500000000106 0.05074999999999995
0 0.52734375 0.6263055555555556 0.018796875000000015 0.07204629629629625
0 0.79296875 0.6796851851851852 0.025864583333333257 0.05525925925925932
0 0.4489739583333333 0.7842870370370371 0.04037499999999999 0.03341666666666659
0 0.8056666666666668 0.6102407407407406 0.03942708333333324 0.04259259259259259
0 0.8901354166666666 0.35437962962962966 0.029921874999999907 0.06152777777777782
0 0.708984375 0.5403611111111112 0.03021354166666678 0.058055555555555596
0 0.9321302083333334 0.7569444444444444 0.022369791666666573 0.06526851851851853
0 0.7299791666666666 0.40646296296296297 0.02752604166666662 0.062333333333333275
0 0.2795416666666667 0.19737037037037036 0.03079166666666664 0.058916666666666666
0 0.3842760416666666 0.0817037037037037 0.03738541666666665 0.046138888888888896
0 0.7470729166666668 0.3574259259259259 0.03149479166666656 0.057398148148148156
0 0.053802083333333334 0.29362037037037036 0.04132291666666667 0.051916666666666715
0 0.6640625 0.2886296296296297 0.02365104166666659 0.06179629629629631
0 0.9174791666666666 0.7087685185185185 0.03271354166666664 0.045111111111111137
0 0.05358854166666667 0.7291666666666666 0.036713541666666655 0.05474074074074064
0 0.08770833333333333 0.3849814814814815 0.04147395833333333 0.04300000000000005
0 0.888671875 0.6844629629629629 0.04147395833333339 0.03615740740740737
0 0.6240260416666668 0.849824074074074 0.020963541666666665 0.06798148148148155
0 0.8588854166666666 0.48133333333333334 0.03004687500000003 0.06352777777777774
0 0.7202135416666666 0.6723055555555556 0.03802604166666678 0.045712962962962865
0 0.6625989583333334 0.855037037037037 0.027265624999999953 0.0526018518518518
0 0.046296874999999994 0.403212962962963 0.04303124999999999 0.049888888888888885
0 0.7783229166666668 0.5720462962962962 0.03185937500000004 0.04747222222222221
0 0.0833125 0.3474351851851852 0.031494791666666654 0.05962037037037036
0 0.9067395833333334 0.26237037037037036 0.02198958333333323 0.06016666666666668
0 0.3393541666666666 0.7986111111111112 0.029312499999999984 0.06152777777777782
0 0.13317708333333333 0.42230555555555555 0.029645833333333326 0.06613888888888884
0 0.912109375 0.42274074074074075 0.024567708333333372 0.059842592592592586
0 0.14551041666666667 0.34526851851851853 0.024994791666666672 0.073462962962963
0 0.414796875 0.7048611111111112 0.03210416666666672 0.06711111111111112
0 0.9545885416666666 0.2875462962962963 0.03720312499999991 0.05199999999999997
0 0.5712916666666668 0.13270370370370368 0.021406249999999953 0.06635185185185184
0 0.08434895833333332 0.6223981481481482 0.024885416666666653 0.06900925925925923
0 0.5747083333333334 0.055666666666666656 0.035947916666666656 0.0568611111111111
0 0.9638697916666668 0.63325 0.02833333333333338 0.06477777777777781
0 0.4594739583333334 0.06439814814814815 0.027479166666666662 0.05631481481481481
0 0.7602552083333334 0.542537037037037 0.018052083333333257 0.06331481481481492
0 0.8256822916666666 0.4600740740740741 0.03506250000000009 0.039092592592592616
0 0.6899427083333334 0.3125 0.02365104166666659 0.06412962962962962
0 0.20166145833333332 0.7473981481481482 0.024656250000000015 0.06488888888888882
0 0.50390625 0.06824999999999999 0.028276041666666647 0.06331481481481481
0 0.26855729166666664 0.78125 0.030671875000000022 0.06851851851851852
0 0.15234375 0.43901851851851853 0.02365104166666665 0.0738425925925926
0 0.469484375 0.11837962962962963 0.034609375000000026 0.05474074074074074
0 0.703125 0.3472222222222222 0.030625000000000093 0.05211111111111109
0 0.4670416666666667 0.21560185185185185 0.02006770833333332 0.07156481481481483
0 0.09997395833333332 0.5833333333333334 0.04296875 0.03749074074074075
0 0.025130208333333334 0.25673148148148145 0.04037499999999999 0.04274999999999999
0 0.9194322916666666 0.35221296296296295 0.023239583333333275 0.06917592592592596
0 0.021651041666666666 0.7760462962962963 0.03079166666666666 0.06212037037037029
0 0.04428125 0.21321296296296294 0.03622395833333333 0.05102777777777776
0 0.9482447916666668 0.5360277777777778 0.021406249999999953 0.061907407407407314
0 0.27075 0.6471388888888888 0.026552083333333344 0.06342592592592593
0 0.12597916666666667 0.34179629629629626 0.020140624999999992 0.06575925925925924
0 0.18005208333333333 0.28971296296296295 0.040468750000000026 0.04315740740740742
0 0.8466822916666668 0.3576388888888889 0.03179687500000009 0.05170370370370373
0 0.2248541666666667 0.5338518518518518 0.02801562499999998 0.06401851851851861
0 0.29004166666666664 0.2888425925925926 0.029375000000000047 0.06760185185185184
0 0.413328125 0.7682314814814816 0.019942708333333316 0.07031481481481487
0 0.7153333333333334 0.8758703703703704 0.03753645833333342 0.0544444444444444
0 0.4401875 0.21950925925925927 0.03234895833333328 0.05935185185185187
0 0.17846875 0.744361111111111 0.025864583333333316 0.07166666666666675
0 0.5302760416666666 0.05037037037037037 0.026307291666666663 0.06130555555555555
0 0.7314479166666668 0.2949259259259259 0.022718749999999944 0.06179629629629631
0 0.8481458333333334 0.42512962962962964 0.03689583333333341 0.037620370370370367
0 0.7094739583333334 0.43186111111111114 0.01872395833333324 0.05924074074074076
0 0.8911145833333334 0.2033425925925926 0.027374999999999972 0.05783333333333331
0 0.7709947916666666 0.1860925925925926 0.024656250000000077 0.059953703703703703
0 0.07861458333333333 0.8055555555555556 0.031083333333333338 0.06119444444444437
0 0.7099635416666668 0.1438796296296296 0.025421874999999972 0.06049074074074073
0 0.6674791666666666 0.16482407407407407 0.03302083333333338 0.03656481481481482
0 0.8051770833333334 0.5473055555555556 0.019302083333333307 0.0625
0 0.24096875 0.22265740740740744 0.03860416666666667 0.042129629629629656
0 0.8076197916666668 0.32790740740740737 0.03454687499999996 0.05074999999999995
0 0.8706041666666666 0.832462962962963 0.037046875000000055 0.04747222222222221
0 0.8706041666666666 0.2391481481481481 0.019911458333333344 0.06309259259259258
0 0.1486822916666667 0.10921296296296297 0.026963541666666656 0.06575925925925927
0 0.14074479166666667 0.5186666666666666 0.026458333333333323 0.05452777777777787
0 0.529296875 0.21766666666666667 0.018156250000000006 0.07437962962962961
0 0.202390625 0.8546018518518519 0.04311979166666665 0.038435185185185176
0 0.8295885416666666 0.14702777777777776 0.017989583333333316 0.06548148148148147
0 0.7724635416666668 0.2421851851851852 0.03649999999999996 0.04242592592592594
0 0.116578125 0.411462962962963 0.02279687499999999 0.06500000000000004
0 0.3950208333333334 0.9019074074074074 0.027265624999999953 0.058592592592592564
0 0.9311510416666666 0.1793611111111111 0.03114062499999998 0.05433333333333334
0 0.947265625 0.4437962962962963 0.03616145833333325 0.03993518518518518
0 0.8193385416666668 0.5264722222222222 0.03677604166666673 0.043425925925926014
0 0.869140625 0.36957407407407405 0.03634895833333331 0.03916666666666663
0 0.08050520833333333 0.5021666666666667 0.033265625 0.06190740740740737
0 0.222046875 0.060055555555555556 0.042177083333333344 0.035722222222222225
0 0.7841822916666668 0.7907962962962962 0.024093750000000115 0.06439814814814811
0 0.07989583333333333 0.06076851851851851 0.02752604166666667 0.06862962962962964
0 0.7119166666666668 0.29297222222222224 0.019682291666666647 0.06862962962962964
0 0.23303125 0.8177129629629629 0.04385416666666669 0.03784259259259249
0 0.7470729166666668 0.13585185185185186 0.030625000000000093 0.04758333333333332
0 0.9018541666666666 0.15125925925925926 0.038328125000000074 0.040694444444444436
0 0.7875989583333334 0.1622222222222222 0.022078124999999935 0.06076851851851851
0 0.8920885416666666 0.08783333333333333 0.02606249999999998 0.058916666666666666
0 0.012828125 0.4730925925925926 0.02565625 0.06624074074074075
0 0.013067708333333334 0.7282962962962962 0.025802083333333333 0.06450925925925932
0 0.8584010416666668 0.2829907407407407 0.031203124999999925 0.05837962962962959
0 0.17077604166666666 0.049046296296296296 0.03854166666666667 0.037620370370370367
0 0.38769791666666664 0.03887037037037037 0.0394895833333333 0.040527777777777774
0 0.04272395833333333 0.08621296296296296 0.024229166666666673 0.06559259259259259
0 0.525390625 0.5034722222222222 0.027265624999999953 0.06575925925925924
0 0.822265625 0.2374166666666667 0.027906249999999962 0.055990740740740765
0 0.8696302083333334 0.07346296296296297 0.025083333333333256 0.05566666666666667
0 0.8154322916666668 0.18576851851851853 0.03265624999999991 0.04893518518518521
0 0.6684583333333334 0.08621296296296296 0.033083333333333326 0.04885185185185184
0 0.448 0.03916666666666666 0.016984374999999947 0.06179629629629628
0 0.9755885416666668 0.1567962962962963 0.03677604166666673 0.05251851851851849
0 0.8549791666666666 0.1991111111111111 0.024229166666666656 0.062333333333333324
0 0.6967760416666666 0.10166666666666667 0.018645833333333427 0.06737962962962964
0 0.3654791666666667 0.18738888888888888 0.017989583333333316 0.05132407407407408
0 0.9340833333333334 0.25151851851851853 0.028593750000000046 0.05170370370370373
0 0.04779166666666668 0.8177129629629629 0.04052604166666667 0.052407407407407326
0 0.04193229166666667 0.02949074074074074 0.02433854166666666 0.05094444444444444
0 0.8413072916666666 0.4891481481481481 0.017515625000000055 0.04858333333333336
0 0.9536145833333334 0.4904537037037038 0.034182291666666725 0.04877777777777778
0 0.3305677083333334 0.3786851851851852 0.025802083333333316 0.04123148148148146
0 0.7763697916666668 0.10335185185185186 0.03476041666666655 0.05815740740740741
0 0.015078124999999998 0.37999074074074074 0.029921875 0.05360185185185184
0 0.164796875 0.8502592592592593 0.03643750000000002 0.03993518518518529
0 0.03726041666666667 0.6645 0.028760416666666667 0.06760185185185184
0 0.9565416666666666 0.05913888888888889 0.023770833333333265 0.05663888888888889
0 0.9487291666666666 0.1481111111111111 0.027588541666666563 0.05576851851851854
0 0.289796875 0.8984351851851852 0.02954166666666668 0.05555555555555555
0 0.9880208333333333 0.8189814814814815 0.023958333333333335 0.05092592592592592
0 0.4799791666666666 0.9019074074074074 0.03582812499999998 0.0554722222222223
0 0.02059895833333333 0.8559074074074075 0.03753645833333333 0.06900925925925923
0 0.04894791666666667 0.8836851851851851 0.04510416666666666 0.062333333333333275
0 0.053010416666666664 0.7851574074074075 0.028015625000000002 0.05686111111111119
0 0.4470208333333333 0.8645833333333334 0.027437500000000035 0.06711111111111112
0 0.7944322916666666 0.7491296296296296 0.029416666666666678 0.038435185185185176
0 0.9838854166666666 0.19400925925925927 0.020218750000000084 0.028731481481481507
0 0.8447291666666668 0.04451851851851852 0.03891145833333335 0.033287037037037046
0 0.395265625 0.1366111111111111 0.016921875000000006 0.04633333333333334
0 0.7856458333333334 0.051027777777777776 0.03689583333333341 0.04052777777777779
0 0.5595729166666668 0.013064814814814814 0.03671354166666655 0.02578703703703704
0 0.4233385416666666 0.09635185185185186 0.01640104166666667 0.04459259259259258
0 0.007666666666666666 0.060055555555555556 0.015250000000000001 0.06282407407407407
0 0.215578125 0.02022222222222222 0.02645833333333331 0.04031481481481482
0 0.9692395833333334 0.8884537037037037 0.024843749999999904 0.03887037037037039
0 0.374265625 0.931425925925926 0.026307291666666663 0.06982407407407404
0 0.9033229166666668 0.01864814814814815 0.017640624999999945 0.036972222222222226
0 0.4848645833333334 0.9592037037037038 0.028104166666666687 0.061194444444444475
0 0.011598958333333333 0.8272592592592594 0.02271875 0.05674999999999997
0 0.9873072916666668 0.8706574074074074 0.023697916666666666 0.056962962962962944
0 0.3151875 0.01628703703703704 0.03423958333333334 0.03209259259259259
0 0.9697291666666668 0.09923148148148148 0.038328125000000074 0.04391666666666666
0 0.5424791666666666 0.7148425925925925 0.02297916666666661 0.04424074074074071
0 0.00625 0.3060185185185185 0.0125 0.0712962962962963
0 0.923828125 0.0881574074074074 0.018125000000000096 0.02905555555555555
0 0.10125520833333333 0.894962962962963 0.04394791666666666 0.053712962962962955
0 0.4704583333333333 0.9791666666666666 0.03295833333333332 0.037759259259259444
0 0.08600000000000001 0.010185185185185186 0.038114583333333334 0.01990740740740741
0 0.3635260416666667 0.9722222222222222 0.035890625000000044 0.041314814814814714
0 0.5244166666666666 0.9652777777777778 0.04287499999999997 0.05422222222222217
0 0.198484375 0.9366296296296296 0.04147395833333333 0.04047222222222226
0 0.4431145833333333 0.7565092592592593 0.028062500000000056 0.03361111111111107
0 0.4243177083333334 0.973962962962963 0.03616145833333337 0.048018518518518634
0 0.9296875 0.06749074074074074 0.017989583333333316 0.02529629629629629
0 0.12451041666666667 0.6701388888888888 0.022078124999999994 0.0260833333333334
0 0.2941875 0.9531296296296298 0.03738541666666665 0.050564814814814826
0 0.12451041666666667 0.9557314814814816 0.03210416666666666 0.07595370370370379
0 0.420375 0.15890740740740741 0.03723437500000001 0.0798796296296296
0 0.4322239583333333 0.12382407407407406 0.04141145833333333 0.0444074074074074
0 0.446859375 0.1655185185185185 0.02514062499999999 0.058398148148148143
0 0.47032291666666665 0.1609722222222222 0.020020833333333363 0.07244444444444445
0 0.49228124999999995 0.16799074074074075 0.021640624999999976 0.08647222222222221
0 0.50865625 0.13537962962962963 0.025114583333333346 0.06751851851851853
0 0.520625 0.16737037037037036 0.019770833333333352 0.07945370370370371
0 0.5449010416666666 0.1859537037037037 0.019526041666666553 0.07035185185185187
0 0.5684791666666666 0.21568518518518517 0.03090104166666663 0.06040740740740742
0 0.5834635416666667 0.18348148148148147 0.038098958333333384 0.0422777777777778
0 0.096171875 0.40002777777777776 0.029692708333333328 0.05318518518518524
0 0.479734375 0.3378888888888889 0.0355833333333333 0.06192592592592592
0 0.5063333333333333 0.34614814814814815 0.03347916666666665 0.0668703703703704
0 0.5986822916666666 0.5178981481481482 0.03925520833333328 0.06337962962962967
0 0.6283020833333333 0.22146296296296297 0.023677083333333352 0.06040740740740742
0 0.6453802083333334 0.2162962962962963 0.02204166666666675 0.07899074074074074
0 0.6610572916666667 0.2185740740740741 0.024130208333333295 0.06618518518518521
0 0.7377239583333334 0.2274537037037037 0.027817708333333257 0.05502777777777779
0 0.8118333333333333 0.2879351851851852 0.026395833333333247 0.054546296296296266
0 0.8488906249999999 0.31766666666666665 0.03869270833333331 0.056166666666666636
0 0.4844947916666667 0.2375648148148148 0.028843750000000057 0.08102777777777777
0 0.50865625 0.22455555555555556 0.025114583333333346 0.08393518518518521
0 0.6116875 0.9802222222222223 0.04575520833333328 0.03955555555555537
0 0.025197916666666667 0.9370462962962963 0.047140625000000005 0.06309259259259258
0 0.359375 0.8684907407407407 0.015489583333333338 0.027861111111111034
0 0.07597916666666667 0.7537592592592592 0.019276041666666664 0.040055555555555546
0 0.09857291666666666 0.7855925925925926 0.042479166666666665 0.05474074074074064
0 0.8750989583333334 0.5744722222222222 0.04183333333333342 0.05204629629629633
0 0.7705104166666668 0.9722222222222222 0.024614583333333447 0.012814814814814949
0 0.23616666666666666 0.44256481481481486 0.019062500000000013 0.030833333333333292
0 0.8873593750000001 0.2792222222222222 0.02826041666666678 0.06057407407407404