0 0.330208 0.563889 0.028125 0.053704
0 0.329688 0.457870 0.030208 0.058333
0 0.647396 0.496759 0.027083 0.060185
0 0.529687 0.124074 0.026042 0.064815
0 0.393750 0.760185 0.033333 0.051852
0 0.455208 0.233333 0.029167 0.055556
0 0.604688 0.280093 0.025000 0.062037
0 0.615885 0.519444 0.027604 0.057407
0 0.660937 0.401852 0.020833 0.068519
0 0.717969 0.177778 0.022396 0.057407
0 0.825521 0.549537 0.028125 0.058333
0 0.405469 0.426389 0.031771 0.058333
0 0.285417 0.225463 0.019792 0.069444
0 0.770312 0.472685 0.032292 0.050926
0 0.429948 0.331019 0.022396 0.071296
0 0.233594 0.509722 0.030729 0.060185
0 0.486719 0.462963 0.032813 0.050000
0 0.583594 0.318981 0.032813 0.043519
0 0.364583 0.576852 0.033333 0.051852
0 0.429948 0.661111 0.029687 0.057407
0 0.283333 0.473611 0.022917 0.063889
0 0.776823 0.278241 0.027604 0.058333
0 0.472135 0.290278 0.034896 0.043519
0 0.523177 0.245833 0.029687 0.063889
0 0.374219 0.272222 0.028646 0.051852
0 0.376302 0.404630 0.030729 0.048148
0 0.203125 0.402315 0.034375 0.049074
0 0.514323 0.448611 0.021354 0.063889
0 0.517708 0.165741 0.029167 0.059259
0 0.477604 0.083333 0.019792 0.062963
0 0.107031 0.443519 0.028646 0.062963
0 0.362500 0.362963 0.026042 0.059259
0 0.420833 0.240278 0.019792 0.073148
0 0.834115 0.713889 0.021354 0.062963
0 0.878125 0.615741 0.029167 0.064815
0 0.476042 0.558796 0.022917 0.063889
0 0.449740 0.537037 0.035937 0.042593
0 0.597396 0.450926 0.029167 0.046296
0 0.242969 0.362500 0.033854 0.049074
0 0.738281 0.548148 0.032813 0.048148
0 0.449740 0.082407 0.028646 0.059259
0 0.559375 0.689815 0.034375 0.040741
0 0.943750 0.717593 0.026042 0.059259
0 0.518229 0.775926 0.035417 0.040741
0 0.420833 0.161111 0.022917 0.066667
0 0.640625 0.117130 0.020833 0.056481
0 0.965104 0.428704 0.029167 0.061111
0 0.405469 0.477778 0.036979 0.037037
0 0.719010 0.065741 0.021354 0.059259
0 0.677344 0.650926 0.029687 0.046296
0 0.577865 0.784259 0.032813 0.046296
0 0.247135 0.592593 0.036979 0.050000
0 0.120833 0.599537 0.026042 0.067593
0 0.487500 0.635185 0.019792 0.070370
0 0.346875 0.275926 0.029167 0.055556
0 0.618490 0.700926 0.035937 0.033333
0 0.691146 0.293519 0.030208 0.055556
0 0.953646 0.795833 0.029167 0.050926
0 0.917708 0.789815 0.035417 0.042593
0 0.867448 0.716204 0.024479 0.062037
0 0.300521 0.517593 0.022917 0.064815
0 0.546875 0.508333 0.034375 0.050000
0 0.592969 0.661574 0.027604 0.056481
0 0.736979 0.087037 0.017708 0.059259
0 0.509375 0.526389 0.032292 0.045370
0 0.372656 0.156944 0.026562 0.060185
0 0.401823 0.683333 0.028646 0.059259
0 0.149740 0.596759 0.038021 0.054630
0 0.607552 0.377778 0.033854 0.037037
0 0.769271 0.691204 0.034375 0.043519
0 0.368229 0.614352 0.035417 0.043519
0 0.888021 0.722685 0.021875 0.067593
0 0.527083 0.856481 0.030208 0.066667
0 0.587500 0.618519 0.023958 0.068519
0 0.072135 0.655556 0.031771 0.059259
0 0.157812 0.436111 0.027083 0.059259
0 0.086719 0.506019 0.028646 0.065741
0 0.135677 0.726852 0.043229 0.044444
0 0.449479 0.699537 0.020833 0.065741
0 0.808333 0.746296 0.020833 0.061111
0 0.956250 0.669907 0.031250 0.045370
0 0.188802 0.587500 0.036979 0.058333
0 0.352083 0.813889 0.032292 0.055556
0 0.598437 0.068519 0.019792 0.062963
0 0.733594 0.400000 0.033854 0.062963
0 0.938281 0.528704 0.021354 0.070370
0 0.698438 0.230556 0.022917 0.059259
0 0.569271 0.114815 0.017708 0.061111
0 0.702865 0.585648 0.032813 0.049074
0 0.383333 0.336111 0.018750 0.064815
0 0.300781 0.777315 0.034896 0.050926
0 0.321354 0.514815 0.018750 0.064815
0 0.744271 0.601389 0.034375 0.041667
0 0.821354 0.432407 0.036458 0.044444
0 0.654948 0.659722 0.021354 0.054630
0 0.334896 0.172685 0.029167 0.056481
0 0.864062 0.396296 0.031250 0.048148
0 0.258594 0.219444 0.023438 0.070370
0 0.164583 0.547685 0.042708 0.041667
0 0.574479 0.824537 0.033333 0.054630
0 0.626302 0.426852 0.022396 0.059259
0 0.288021 0.373148 0.029167 0.066667
0 0.396354 0.852778 0.038542 0.037037
0 0.782813 0.197222 0.020833 0.062963
0 0.063542 0.296759 0.030208 0.052778
0 0.541146 0.636574 0.030208 0.049074
0 0.105729 0.823611 0.031250 0.054630
0 0.919792 0.326389 0.021875 0.060185
0 0.974740 0.730556 0.033854 0.038889
0 0.844010 0.516667 0.036979 0.038889
0 0.693750 0.460185 0.035417 0.044444
0 0.408854 0.130093 0.020833 0.067593
0 0.890104 0.413889 0.034375 0.040741
0 0.370052 0.786574 0.030729 0.063889
0 0.751042 0.761111 0.018750 0.061111
0 0.504687 0.667593 0.018750 0.068519
0 0.178385 0.387037 0.041146 0.040741
0 0.820052 0.603704 0.028646 0.055556
0 0.783854 0.540278 0.033333 0.062037
0 0.528906 0.380093 0.035937 0.032407
0 0.815104 0.881019 0.021875 0.063889
0 0.918229 0.702315 0.026042 0.063889
0 0.701562 0.533796 0.035417 0.049074
0 0.135677 0.419907 0.029687 0.071296
0 0.888802 0.329167 0.023438 0.063889
0 0.285677 0.125463 0.027604 0.050926
0 0.178646 0.338889 0.032292 0.061111
0 0.494271 0.052315 0.025000 0.065741
0 0.158333 0.639352 0.037500 0.047222
0 0.914323 0.628241 0.031771 0.063889
0 0.927083 0.367593 0.034375 0.037037
0 0.901563 0.347222 0.019792 0.066667
0 0.398698 0.089815 0.029687 0.061111
0 0.720052 0.663426 0.031771 0.034259
0 0.769271 0.847685 0.019792 0.065741
0 0.845313 0.466667 0.037500 0.033333
0 0.652344 0.179630 0.038021 0.038889
0 0.730729 0.256019 0.034375 0.054630
0 0.843490 0.165741 0.034896 0.055556
0 0.460677 0.179167 0.034896 0.041667
0 0.339062 0.227778 0.040625 0.044444
0 0.889062 0.456019 0.030208 0.058333
0 0.661198 0.219444 0.034896 0.037037
0 0.208073 0.455556 0.023438 0.059259
0 0.075781 0.440278 0.034896 0.043519
0 0.573438 0.588426 0.033333 0.054630
0 0.820573 0.249074 0.038021 0.037037
0 0.120833 0.315278 0.029167 0.062037
0 0.072656 0.779630 0.024479 0.068519
0 0.909375 0.197222 0.026042 0.053704
0 0.404948 0.587963 0.035937 0.048148
0 0.195833 0.761574 0.023958 0.067593
0 0.640104 0.306944 0.034375 0.034259
0 0.058854 0.723148 0.026042 0.061111
0 0.866406 0.784259 0.023438 0.061111
0 0.087500 0.362500 0.039583 0.056481
0 0.467187 0.775463 0.033333 0.075000
0 0.847917 0.886111 0.037500 0.038889
0 0.840104 0.361574 0.034375 0.054630
0 0.254688 0.647222 0.023958 0.072222
0 0.948958 0.201852 0.035417 0.053704
0 0.855208 0.758333 0.036458 0.038889
0 0.447656 0.135185 0.030729 0.053704
0 0.344271 0.068519 0.038542 0.037037
0 0.694010 0.150000 0.034896 0.038889
0 0.047396 0.380556 0.038542 0.055556
0 0.623177 0.037037 0.032813 0.050000
0 0.455990 0.500926 0.031771 0.033333
0 0.789844 0.126852 0.038021 0.038889
0 0.870313 0.246759 0.032292 0.049074
0 0.330990 0.116204 0.036979 0.058333
0 0.711198 0.877778 0.025521 0.066667
0 0.751823 0.268981 0.022396 0.050926
0 0.034375 0.817593 0.033333 0.057407
0 0.122396 0.247222 0.032292 0.059259
0 0.238802 0.100463 0.036979 0.049074
0 0.486979 0.903241 0.025000 0.065741
0 0.961198 0.363889 0.031771 0.046296
0 0.155469 0.691204 0.025521 0.063889
0 0.184896 0.142593 0.039583 0.040741
0 0.905208 0.268056 0.038542 0.034259
0 0.842969 0.087037 0.039062 0.038889
0 0.409635 0.297685 0.038021 0.036111
0 0.019531 0.707407 0.035937 0.050000
0 0.979948 0.600463 0.031771 0.062037
0 0.980990 0.284722 0.033854 0.060185
0 0.370573 0.112500 0.031771 0.058333
0 0.669531 0.107407 0.025521 0.055556
0 0.913021 0.145833 0.040625 0.034259
0 0.631250 0.835185 0.018750 0.074074
0 0.452865 0.890278 0.025521 0.050926
0 0.229948 0.889352 0.038021 0.041667
0 0.896354 0.095833 0.038542 0.045370
0 0.860677 0.339352 0.034896 0.050926
0 0.233594 0.824074 0.031771 0.051852
0 0.918750 0.229630 0.035417 0.035185
0 0.577865 0.722685 0.028646 0.037963
0 0.790365 0.093056 0.039062 0.034259
0 0.451042 0.033333 0.036458 0.035185
0 0.950260 0.827778 0.028646 0.061111
0 0.836719 0.051389 0.036979 0.032407
0 0.186719 0.056481 0.039062 0.038889
0 0.983333 0.352315 0.033333 0.049074
0 0.086979 0.119444 0.033333 0.050000
0 0.561198 0.204167 0.027604 0.049074
0 0.768750 0.053704 0.038542 0.033333
0 0.148698 0.118981 0.041146 0.047222
0 0.536458 0.885185 0.037500 0.038889
0 0.654427 0.920833 0.022396 0.063889
0 0.392448 0.932870 0.025521 0.063889
0 0.202344 0.025000 0.031771 0.048148
0 0.075521 0.180093 0.037500 0.043519
0 0.017188 0.393519 0.033333 0.046296
0 0.193490 0.913426 0.040104 0.039815
0 0.767448 0.649537 0.024479 0.056481
0 0.888021 0.944907 0.023958 0.062037
0 0.110937 0.126852 0.040625 0.053704
0 0.084375 0.861574 0.020833 0.058333
0 0.927083 0.907870 0.021875 0.060185
0 0.958073 0.928704 0.026562 0.061111
0 0.742969 0.021296 0.029687 0.040741
0 0.629687 0.950000 0.026042 0.062963
0 0.285938 0.931019 0.031250 0.039815
0 0.747917 0.948148 0.023958 0.066667
0 0.720052 0.949074 0.029687 0.064815
0 0.572135 0.879167 0.026562 0.043519
0 0.366406 0.657407 0.026562 0.050000
0 0.438542 0.947685 0.034375 0.054630
0 0.836198 0.018056 0.040104 0.034259
0 0.986719 0.246759 0.020313 0.026852
0 0.385417 0.550000 0.017708 0.044444
0 0.276042 0.969907 0.030208 0.045370
0 0.984635 0.041204 0.027604 0.060185
0 0.040365 0.207870 0.024479 0.037963
0 0.345052 0.443056 0.016146 0.037963
0 0.298438 0.968056 0.032292 0.056481
0 0.774219 0.973611 0.039062 0.050926
0 0.474219 0.971759 0.038021 0.037963
0 0.923698 0.948611 0.042188 0.058333
0 0.850260 0.975463 0.034896 0.028704
0 0.679427 0.905093 0.014063 0.026852
0 0.981771 0.939352 0.032292 0.036111
0 0.766406 0.767130 0.017188 0.028704
0 0.019792 0.974074 0.023958 0.038889
0 0.207813 0.283796 0.019792 0.034259
0 0.253125 0.529167 0.021875 0.049074
0 0.563802 0.469907 0.043229 0.058333
0 0.501042 0.583796 0.026042 0.078704
0 0.530729 0.552778 0.023958 0.072222
0 0.552604 0.552778 0.030208 0.057407
0 0.304167 0.202778 0.032292 0.100000
0 0.321094 0.184722 0.031771 0.041667
0 0.641667 0.246296 0.039583 0.042593
0 0.642448 0.277315 0.041146 0.041667
0 0.540625 0.199074 0.019792 0.040741
0 0.704948 0.493519 0.043229 0.046296
0 0.735417 0.496296 0.018750 0.064815
0 0.641667 0.417130 0.022917 0.067593
0 0.873437 0.306944 0.023958 0.049074
0 0.986458 0.308333 0.027083 0.042593
0 0.758333 0.012963 0.015625 0.024074
0 0.805990 0.012500 0.014063 0.023148
0 0.711719 0.293981 0.026562 0.056481
0 0.990104 0.636574 0.018750 0.049074
0 0.569531 0.655093 0.026562 0.050926
