0 0.406771 0.455093 0.036458 0.037963
0 0.391667 0.560185 0.033333 0.053704
0 0.489844 0.409722 0.022396 0.063889
0 0.456250 0.481019 0.035417 0.045370
0 0.432031 0.315278 0.020313 0.065741
0 0.437500 0.182870 0.027083 0.062037
0 0.610938 0.284722 0.025000 0.065741
0 0.309896 0.500000 0.035417 0.046296
0 0.236458 0.503704 0.028125 0.057407
0 0.614323 0.777315 0.034896 0.045370
0 0.522656 0.199074 0.024479 0.064815
0 0.286979 0.416204 0.022917 0.063889
0 0.346094 0.281944 0.029687 0.058333
0 0.660417 0.416204 0.031250 0.054630
0 0.435937 0.397685 0.021875 0.063889
0 0.538802 0.555093 0.021354 0.062037
0 0.257812 0.623148 0.034375 0.057407
0 0.524219 0.131019 0.024479 0.063889
0 0.496875 0.336111 0.036458 0.042593
0 0.566406 0.787037 0.024479 0.064815
0 0.763542 0.528241 0.030208 0.058333
0 0.371875 0.376389 0.021875 0.067593
0 0.207552 0.561574 0.033854 0.050926
0 0.398177 0.189352 0.025521 0.063889
0 0.450000 0.095370 0.022917 0.064815
0 0.539844 0.386111 0.019271 0.066667
0 0.330208 0.350926 0.034375 0.050000
0 0.192448 0.376389 0.036979 0.049074
0 0.412500 0.273611 0.038542 0.039815
0 0.436458 0.667593 0.036458 0.038889
0 0.291406 0.568519 0.025521 0.061111
0 0.258594 0.574537 0.041146 0.036111
0 0.364063 0.466667 0.035417 0.033333
0 0.357812 0.723611 0.026042 0.063889
0 0.372917 0.067593 0.026042 0.057407
0 0.759115 0.093056 0.024479 0.069444
0 0.298438 0.246296 0.028125 0.066667
0 0.571615 0.363426 0.019271 0.067593
0 0.536979 0.785185 0.023958 0.062963
0 0.497135 0.587963 0.035937 0.051852
0 0.380990 0.684722 0.035937 0.045370
0 0.546094 0.298148 0.017188 0.074074
0 0.330729 0.031944 0.022917 0.060185
0 0.631250 0.348611 0.031250 0.050926
0 0.810417 0.389352 0.028125 0.060185
0 0.275781 0.112037 0.029687 0.066667
0 0.490104 0.678704 0.021875 0.066667
0 0.453125 0.290278 0.020833 0.065741
0 0.256250 0.264815 0.037500 0.042593
0 0.145833 0.701389 0.030208 0.062037
0 0.279948 0.462963 0.034896 0.033333
0 0.539583 0.479630 0.032292 0.040741
0 0.387240 0.033796 0.023438 0.062037
0 0.342187 0.598148 0.020833 0.053704
0 0.376823 0.131944 0.034896 0.052778
0 0.226302 0.338426 0.041146 0.047222
0 0.585677 0.534722 0.034896 0.045370
0 0.633073 0.452778 0.034896 0.050000
0 0.626823 0.577778 0.031771 0.053704
0 0.487500 0.775926 0.026042 0.064815
0 0.460938 0.643981 0.017708 0.062037
0 0.718490 0.582870 0.033854 0.054630
0 0.119792 0.700926 0.037500 0.057407
0 0.549740 0.422222 0.020313 0.062963
0 0.632552 0.490278 0.035937 0.052778
0 0.689844 0.062500 0.018229 0.067593
0 0.722656 0.250000 0.024479 0.064815
0 0.691146 0.211111 0.030208 0.062963
0 0.186719 0.250463 0.025521 0.067593
0 0.576562 0.636574 0.018750 0.065741
0 0.683854 0.800926 0.026042 0.064815
0 0.460417 0.744907 0.021875 0.063889
0 0.527604 0.626389 0.020833 0.063889
0 0.733594 0.791204 0.022396 0.067593
0 0.719271 0.723148 0.034375 0.042593
0 0.871354 0.229630 0.026042 0.066667
0 0.319271 0.451389 0.021875 0.065741
0 0.514062 0.393981 0.020833 0.067593
0 0.097656 0.708333 0.040104 0.055556
0 0.637760 0.243519 0.025521 0.057407
0 0.189062 0.502778 0.040625 0.038889
0 0.726823 0.040278 0.018229 0.063889
0 0.309115 0.400000 0.022396 0.059259
0 0.709635 0.624074 0.038021 0.040741
0 0.529167 0.746759 0.019792 0.067593
0 0.241927 0.305093 0.029687 0.049074
0 0.148958 0.117130 0.025000 0.078704
0 0.380469 0.217130 0.042188 0.047222
0 0.264323 0.780093 0.020313 0.067593
0 0.645573 0.660648 0.036979 0.049074
0 0.491146 0.856481 0.036458 0.042593
0 0.547656 0.698611 0.022396 0.062037
0 0.172396 0.162037 0.033333 0.066667
0 0.871354 0.374074 0.023958 0.064815
0 0.285677 0.037500 0.027604 0.065741
0 0.706250 0.396759 0.033333 0.054630
0 0.806250 0.457407 0.035417 0.055556
0 0.582292 0.106019 0.033333 0.052778
0 0.190625 0.709259 0.027083 0.059259
0 0.309375 0.812500 0.026042 0.062037
0 0.247917 0.376389 0.037500 0.043519
0 0.245312 0.829630 0.025000 0.061111
0 0.100781 0.587963 0.022396 0.068519
0 0.124740 0.387037 0.025521 0.072222
0 0.205469 0.695833 0.034896 0.056481
0 0.745833 0.044907 0.018750 0.067593
0 0.502604 0.511574 0.017708 0.063889
0 0.331510 0.077315 0.036979 0.041667
0 0.758594 0.258796 0.036979 0.049074
0 0.233073 0.248148 0.029687 0.068519
0 0.609635 0.137963 0.036979 0.037037
0 0.497396 0.051389 0.036458 0.041667
0 0.717969 0.422222 0.034896 0.033333
0 0.722917 0.855556 0.034375 0.037037
0 0.143490 0.822222 0.028646 0.059259
0 0.345052 0.105556 0.039062 0.038889
0 0.810417 0.240741 0.026042 0.061111
0 0.778125 0.862037 0.031250 0.059259
0 0.046354 0.805556 0.038542 0.061111
0 0.096354 0.331481 0.025000 0.068519
0 0.937500 0.517130 0.028125 0.058333
0 0.150000 0.327778 0.029167 0.070370
0 0.022656 0.345833 0.041146 0.039815
0 0.214844 0.475926 0.028646 0.062963
0 0.751302 0.180556 0.040104 0.046296
0 0.184635 0.462963 0.039062 0.033333
0 0.683333 0.168519 0.038542 0.046296
0 0.655469 0.615741 0.033854 0.042593
0 0.228125 0.797685 0.028125 0.069444
0 0.171875 0.653704 0.023958 0.068519
0 0.467708 0.145370 0.020833 0.053704
0 0.454948 0.550926 0.018229 0.057407
0 0.228646 0.453241 0.031250 0.060185
0 0.127344 0.513889 0.043229 0.044444
0 0.174219 0.793056 0.025521 0.063889
0 0.848958 0.381944 0.020833 0.063889
0 0.127604 0.597685 0.025000 0.069444
0 0.861458 0.585648 0.036458 0.034259
0 0.564063 0.712963 0.018750 0.068519
0 0.189844 0.100000 0.035937 0.042593
0 0.135156 0.210648 0.035937 0.056481
0 0.494792 0.278241 0.036458 0.050926
0 0.471615 0.523611 0.031771 0.049074
0 0.538802 0.042130 0.031771 0.045370
0 0.318750 0.136111 0.018750 0.053704
0 0.023698 0.720833 0.040104 0.049074
0 0.775521 0.387037 0.033333 0.044444
0 0.052604 0.609259 0.030208 0.066667
0 0.943229 0.222685 0.026042 0.062037
0 0.880990 0.636574 0.027604 0.065741
0 0.058594 0.314815 0.042188 0.046296
0 0.836458 0.135648 0.022917 0.065741
0 0.956250 0.643981 0.026042 0.060185
0 0.977344 0.272222 0.038021 0.040741
0 0.163021 0.822685 0.023958 0.067593
0 0.518750 0.506481 0.021875 0.057407
0 0.859375 0.481019 0.033333 0.060185
0 0.105208 0.268519 0.027083 0.070370
0 0.266146 0.859722 0.023958 0.071296
0 0.966146 0.069907 0.031250 0.056481
0 0.472917 0.819907 0.021875 0.065741
0 0.195052 0.761111 0.042188 0.040741
0 0.929948 0.639815 0.036979 0.044444
0 0.283073 0.730093 0.042188 0.037963
0 0.039844 0.234722 0.031771 0.067593
0 0.959635 0.352315 0.026562 0.060185
0 0.316667 0.775000 0.038542 0.055556
0 0.144271 0.773148 0.040625 0.046296
0 0.205469 0.805556 0.029687 0.066667
0 0.045833 0.086574 0.039583 0.045370
0 0.264323 0.064815 0.039062 0.046296
0 0.071094 0.530093 0.044271 0.045370
0 0.558854 0.020833 0.033333 0.039815
0 0.883073 0.694907 0.039062 0.039815
0 0.961458 0.202778 0.036458 0.057407
0 0.661198 0.028704 0.016146 0.053704
0 0.405990 0.875463 0.034896 0.043519
0 0.232292 0.689815 0.038542 0.064815
0 0.925521 0.185648 0.034375 0.067593
0 0.936719 0.311111 0.030729 0.064815
0 0.179948 0.027315 0.033854 0.052778
0 0.907031 0.365278 0.033854 0.060185
0 0.449479 0.018981 0.022917 0.036111
0 0.054427 0.374537 0.023438 0.058333
0 0.188281 0.855093 0.040104 0.047222
0 0.794792 0.687500 0.019792 0.067593
0 0.740625 0.345833 0.040625 0.049074
0 0.873177 0.146296 0.033854 0.062963
0 0.493490 0.734259 0.035937 0.040741
0 0.758073 0.897685 0.032813 0.045370
0 0.865104 0.523148 0.021875 0.050000
0 0.970573 0.314815 0.042188 0.053704
0 0.918229 0.034722 0.032292 0.052778
0 0.821354 0.699537 0.030208 0.032407
0 0.970833 0.151852 0.029167 0.059259
0 0.744271 0.133796 0.028125 0.043519
0 0.177344 0.542593 0.028646 0.061111
0 0.950781 0.491204 0.030729 0.039815
0 0.080469 0.591204 0.020313 0.052778
0 0.027604 0.674537 0.032292 0.067593
0 0.930208 0.251852 0.022917 0.053704
0 0.906250 0.280093 0.031250 0.063889
0 0.808854 0.157870 0.032292 0.050926
0 0.258854 0.014815 0.023958 0.027778
0 0.069531 0.131481 0.043229 0.062963
0 0.752604 0.671759 0.022917 0.043519
0 0.012240 0.656019 0.023438 0.065741
0 0.847396 0.330093 0.036458 0.039815
0 0.028385 0.508333 0.054688 0.051852
0 0.132031 0.879167 0.025521 0.060185
0 0.940625 0.108796 0.034375 0.054630
0 0.167187 0.895370 0.043750 0.042593
0 0.973437 0.117130 0.034375 0.039815
0 0.465885 0.883796 0.027604 0.062037
0 0.823958 0.031019 0.037500 0.045370
0 0.919271 0.730093 0.029167 0.039815
0 0.094271 0.890741 0.023958 0.059259
0 0.805469 0.124537 0.036979 0.043519
0 0.063281 0.850463 0.044271 0.054630
0 0.565625 0.095833 0.022917 0.041667
0 0.717708 0.015278 0.021875 0.028704
0 0.775260 0.917130 0.027604 0.054630
0 0.864062 0.089815 0.047917 0.046296
0 0.029167 0.050463 0.034375 0.043519
0 0.028646 0.456019 0.051042 0.054630
0 0.343750 0.912037 0.040625 0.042593
0 0.984375 0.830556 0.031250 0.035185
0 0.994271 0.220833 0.010417 0.047222
0 0.008854 0.175463 0.016667 0.032407
0 0.214583 0.012963 0.023958 0.024074
0 0.063802 0.475463 0.030729 0.030556
0 0.421354 0.083796 0.015625 0.028704
0 0.070573 0.013426 0.042188 0.025000
0 0.546615 0.937963 0.034896 0.038889
0 0.131510 0.953704 0.027604 0.074074
0 0.021615 0.877778 0.040104 0.055556
0 0.114062 0.974537 0.033333 0.049074
0 0.204427 0.976389 0.038021 0.047222
0 0.153385 0.976389 0.040104 0.047222
0 0.610417 0.959722 0.036458 0.063889
0 0.007552 0.241667 0.014063 0.027778
0 0.213021 0.411111 0.040625 0.062963
0 0.403906 0.903704 0.022396 0.035185
0 0.602604 0.570370 0.021875 0.061111
0 0.649479 0.715278 0.027083 0.067593
0 0.445573 0.609259 0.038021 0.042593
0 0.580729 0.978704 0.025000 0.027778
0 0.676562 0.962963 0.029167 0.057407
0 0.278125 0.973611 0.041667 0.052778
0 0.216927 0.948611 0.039062 0.054630
0 0.240625 0.982407 0.025000 0.035185
0 0.095312 0.979630 0.036458 0.038889
0 0.944792 0.957870 0.036458 0.047222
0 0.075781 0.892130 0.024479 0.045370
0 0.988021 0.974537 0.022917 0.019444
0 0.665365 0.506944 0.031771 0.054630
0 0.660677 0.566204 0.040104 0.054630
0 0.472917 0.694907 0.030208 0.073148
0 0.484635 0.623611 0.035937 0.050926
0 0.154948 0.495370 0.021354 0.066667
0 0.319792 0.268519 0.035417 0.046296
0 0.448177 0.226852 0.040104 0.037037
0 0.469271 0.188889 0.035417 0.042593
0 0.494792 0.230093 0.033333 0.065741
0 0.467187 0.246759 0.039583 0.036111
0 0.500260 0.014815 0.043229 0.027778
0 0.530990 0.010185 0.020313 0.018519
0 0.591667 0.012037 0.020833 0.022222
0 0.659896 0.222685 0.023958 0.058333
0 0.642969 0.315741 0.021354 0.062963
0 0.637240 0.405093 0.023438 0.063889
0 0.972917 0.889815 0.025000 0.048148
0 0.076302 0.754630 0.016146 0.027778
