0 0.259115 0.210648 0.020313 0.069444
0 0.301042 0.507870 0.031250 0.060185
0 0.598177 0.525926 0.035937 0.048148
0 0.494792 0.312963 0.022917 0.064815
0 0.540885 0.341204 0.031771 0.054630
0 0.385156 0.204167 0.028646 0.058333
0 0.365104 0.299074 0.027083 0.051852
0 0.324219 0.116204 0.028646 0.065741
0 0.257031 0.150000 0.032813 0.048148
0 0.415625 0.489352 0.029167 0.063889
0 0.474219 0.228704 0.020313 0.066667
0 0.355990 0.617130 0.031771 0.050926
0 0.549740 0.461111 0.035937 0.051852
0 0.283333 0.537037 0.035417 0.046296
0 0.285417 0.215278 0.027083 0.062037
0 0.518229 0.164352 0.026042 0.060185
0 0.677865 0.649074 0.032813 0.044444
0 0.176042 0.345370 0.029167 0.066667
0 0.340365 0.364815 0.038021 0.048148
0 0.487240 0.480556 0.029687 0.057407
0 0.274219 0.068519 0.025521 0.066667
0 0.547656 0.577778 0.032813 0.055556
0 0.414844 0.179167 0.032813 0.050926
0 0.354687 0.449074 0.030208 0.048148
0 0.686719 0.609259 0.026562 0.059259
0 0.136719 0.341667 0.036979 0.055556
0 0.242188 0.516204 0.038542 0.036111
0 0.638802 0.480093 0.034896 0.054630
0 0.730208 0.536111 0.032292 0.053704
0 0.331510 0.271296 0.025521 0.064815
0 0.916146 0.743519 0.029167 0.057407
0 0.592969 0.237963 0.024479 0.062963
0 0.512240 0.453704 0.022396 0.061111
0 0.698958 0.551852 0.030208 0.066667
0 0.389844 0.258333 0.019271 0.062963
0 0.425260 0.073148 0.026562 0.064815
0 0.916667 0.573611 0.022917 0.065741
0 0.708594 0.682407 0.030729 0.046296
0 0.597396 0.333333 0.032292 0.053704
0 0.671615 0.437037 0.035937 0.042593
0 0.652604 0.308796 0.034375 0.043519
0 0.534375 0.630556 0.032292 0.053704
0 0.556771 0.648611 0.032292 0.056481
0 0.474479 0.631944 0.035417 0.045370
0 0.905469 0.433333 0.027604 0.064815
0 0.463802 0.507870 0.019271 0.065741
0 0.764844 0.489815 0.040104 0.038889
0 0.210417 0.309259 0.034375 0.066667
0 0.701302 0.476389 0.039062 0.045370
0 0.594010 0.164352 0.027604 0.062037
0 0.781510 0.813889 0.039062 0.042593
0 0.313802 0.227315 0.021354 0.062037
0 0.732812 0.851852 0.034375 0.053704
0 0.589583 0.625463 0.020833 0.063889
0 0.402344 0.057870 0.022396 0.063889
0 0.613802 0.401852 0.020313 0.066667
0 0.627083 0.289815 0.035417 0.044444
0 0.171354 0.492593 0.036458 0.053704
0 0.849479 0.748148 0.021875 0.061111
0 0.510417 0.599074 0.022917 0.059259
0 0.852865 0.518519 0.030729 0.046296
0 0.232552 0.350463 0.021354 0.067593
0 0.189062 0.370370 0.025000 0.064815
0 0.353385 0.259259 0.023438 0.064815
0 0.938542 0.462500 0.026042 0.062037
0 0.598958 0.066204 0.017708 0.065741
0 0.844010 0.422685 0.023438 0.060185
0 0.420573 0.233796 0.035937 0.049074
0 0.851823 0.572222 0.024479 0.050000
0 0.341927 0.208796 0.033854 0.052778
0 0.551562 0.762500 0.036458 0.045370
0 0.370312 0.580556 0.028125 0.051852
0 0.079167 0.698611 0.033333 0.062037
0 0.528385 0.116204 0.029687 0.060185
0 0.491406 0.133796 0.025521 0.065741
0 0.648177 0.236574 0.023438 0.056481
0 0.920573 0.640741 0.022396 0.062963
0 0.373958 0.162500 0.031250 0.058333
0 0.760417 0.586111 0.018750 0.064815
0 0.726302 0.629630 0.027604 0.057407
0 0.955469 0.521759 0.033854 0.052778
0 0.436458 0.555093 0.033333 0.050926
0 0.939583 0.718519 0.021875 0.068519
0 0.624219 0.617130 0.029687 0.050926
0 0.973177 0.424537 0.034896 0.049074
0 0.503125 0.072685 0.030208 0.052778
0 0.812760 0.425926 0.034896 0.055556
0 0.534375 0.404167 0.025000 0.063889
0 0.246094 0.294907 0.039062 0.050926
0 0.643229 0.418519 0.016667 0.061111
0 0.459635 0.108796 0.021354 0.063889
0 0.370573 0.520833 0.022396 0.065741
0 0.517188 0.255556 0.035417 0.038889
0 0.964063 0.264352 0.028125 0.052778
0 0.379167 0.076389 0.026042 0.062037
0 0.621615 0.440741 0.025521 0.051852
0 0.987760 0.498148 0.024479 0.059259
0 0.770833 0.735185 0.033333 0.042593
0 0.450000 0.292130 0.031250 0.052778
0 0.857031 0.823148 0.039062 0.038889
0 0.065365 0.373611 0.029687 0.065741
0 0.460938 0.049074 0.020833 0.064815
0 0.807813 0.558796 0.033333 0.049074
0 0.759635 0.656481 0.032813 0.048148
0 0.955469 0.663889 0.034896 0.042593
0 0.386458 0.695833 0.030208 0.045370
0 0.092448 0.470370 0.041146 0.055556
0 0.345833 0.089352 0.022917 0.071296
0 0.805729 0.687037 0.025000 0.061111
0 0.476302 0.563889 0.020313 0.064815
0 0.693229 0.308796 0.033333 0.049074
0 0.691146 0.088426 0.017708 0.065741
0 0.830208 0.725926 0.023958 0.064815
0 0.666146 0.812500 0.036458 0.036111
0 0.979427 0.393519 0.032813 0.051852
0 0.853385 0.329630 0.024479 0.062963
0 0.370312 0.787963 0.023958 0.064815
0 0.860677 0.641204 0.027604 0.058333
0 0.890885 0.703241 0.026562 0.060185
0 0.822396 0.162500 0.028125 0.058333
0 0.417969 0.289352 0.026562 0.058333
0 0.272656 0.418981 0.033854 0.056481
0 0.876302 0.399074 0.024479 0.061111
0 0.780990 0.613426 0.034896 0.041667
0 0.867969 0.697222 0.024479 0.064815
0 0.813281 0.881481 0.028646 0.059259
0 0.430729 0.337500 0.025000 0.071296
0 0.221354 0.417130 0.018750 0.052778
0 0.977604 0.716667 0.023958 0.066667
0 0.326823 0.520370 0.019271 0.066667
0 0.919792 0.218981 0.026042 0.062037
0 0.448437 0.856481 0.034375 0.057407
0 0.649219 0.028241 0.031771 0.050926
0 0.780208 0.681944 0.023958 0.063889
0 0.734115 0.593056 0.034896 0.036111
0 0.447917 0.708333 0.020833 0.062963
0 0.315365 0.164352 0.021354 0.062037
0 0.423698 0.873148 0.034896 0.051852
0 0.119010 0.754167 0.035937 0.045370
0 0.248177 0.449537 0.035937 0.047222
0 0.938802 0.330093 0.031771 0.060185
0 0.542188 0.238889 0.027083 0.037037
0 0.085938 0.233333 0.025000 0.064815
0 0.839844 0.651389 0.030729 0.054630
0 0.735417 0.073148 0.029167 0.051852
0 0.437760 0.147685 0.026562 0.062037
0 0.913281 0.362500 0.022396 0.063889
0 0.232031 0.043519 0.027604 0.064815
0 0.300000 0.028241 0.034375 0.045370
0 0.324740 0.054630 0.019271 0.062963
0 0.398958 0.897222 0.037500 0.044444
0 0.817708 0.609722 0.038542 0.037963
0 0.584115 0.779630 0.018229 0.068519
0 0.156250 0.768519 0.036458 0.040741
0 0.057031 0.621296 0.026562 0.062963
0 0.016406 0.629167 0.022396 0.065741
0 0.159375 0.609259 0.021875 0.070370
0 0.217969 0.851852 0.030729 0.061111
0 0.587500 0.029630 0.033333 0.050000
0 0.875260 0.308333 0.022396 0.050000
0 0.459115 0.595833 0.034896 0.037963
0 0.433854 0.043056 0.032292 0.065741
0 0.044010 0.545833 0.028646 0.065741
0 0.892448 0.325000 0.035937 0.046296
0 0.481771 0.867130 0.038542 0.047222
0 0.796094 0.118981 0.034896 0.047222
0 0.124479 0.809722 0.032292 0.060185
0 0.313021 0.734259 0.039583 0.037037
0 0.859115 0.035185 0.020313 0.064815
0 0.770312 0.095370 0.035417 0.038889
0 0.254688 0.643056 0.022917 0.071296
0 0.750781 0.139352 0.035937 0.047222
0 0.082031 0.570833 0.038021 0.036111
0 0.166927 0.702315 0.035937 0.062037
0 0.425000 0.694907 0.017708 0.063889
0 0.840104 0.091204 0.029167 0.054630
0 0.384635 0.855093 0.027604 0.063889
0 0.338542 0.399074 0.032292 0.038889
0 0.792188 0.052778 0.027083 0.057407
0 0.779167 0.264815 0.037500 0.044444
0 0.130469 0.233333 0.039062 0.051852
0 0.660937 0.897222 0.028125 0.055556
0 0.935417 0.851852 0.032292 0.040741
0 0.476823 0.834722 0.034896 0.039815
0 0.318750 0.794907 0.022917 0.069444
0 0.014583 0.393056 0.026042 0.063889
0 0.758594 0.214815 0.034896 0.051852
0 0.470052 0.910185 0.033854 0.042593
0 0.344531 0.025463 0.036979 0.041667
0 0.119531 0.285185 0.026562 0.062963
0 0.819531 0.049537 0.031771 0.047222
0 0.066667 0.531481 0.033333 0.072222
0 0.885156 0.363426 0.039062 0.036111
0 0.686719 0.045833 0.035937 0.041667
0 0.754427 0.034722 0.023438 0.067593
0 0.736198 0.249074 0.030729 0.053704
0 0.108854 0.922222 0.037500 0.044444
0 0.233594 0.832870 0.031771 0.056481
0 0.987500 0.756019 0.025000 0.056481
0 0.808854 0.254167 0.034375 0.056481
0 0.053646 0.799074 0.031250 0.072222
0 0.086458 0.858333 0.025000 0.061111
0 0.984115 0.257870 0.025521 0.041667
0 0.134375 0.075926 0.033333 0.055556
0 0.386198 0.925463 0.027604 0.062037
0 0.342187 0.739352 0.025000 0.056481
0 0.332552 0.936111 0.036979 0.042593
0 0.482812 0.720370 0.018750 0.059259
0 0.029427 0.255093 0.021354 0.050926
0 0.685417 0.944907 0.036458 0.058333
0 0.015625 0.185185 0.030208 0.048148
0 0.577344 0.728241 0.031771 0.032407
0 0.293229 0.919444 0.034375 0.035185
0 0.633073 0.858333 0.027604 0.064815
0 0.609635 0.879630 0.039062 0.053704
0 0.855729 0.943056 0.023958 0.067593
0 0.817708 0.953241 0.018750 0.075000
0 0.399740 0.404630 0.016146 0.037037
0 0.933333 0.875926 0.021875 0.031481
0 0.578906 0.887037 0.038021 0.044444
0 0.711198 0.927315 0.025521 0.069444
0 0.889583 0.943981 0.025000 0.065741
0 0.996094 0.167593 0.007812 0.066667
0 0.377344 0.012500 0.020313 0.023148
0 0.971354 0.898611 0.039583 0.039815
0 0.560677 0.185648 0.013021 0.032407
0 0.425260 0.947222 0.033854 0.061111
0 0.008333 0.943056 0.015625 0.047222
0 0.508333 0.968981 0.036458 0.034259
0 0.569531 0.977778 0.035937 0.038889
0 0.627604 0.973611 0.036458 0.045370
0 0.314323 0.969907 0.021354 0.019444
0 0.709635 0.977315 0.020313 0.037963
0 0.034896 0.346296 0.017708 0.029630
0 0.676823 0.916204 0.033854 0.058333
0 0.636719 0.764815 0.014063 0.024074
0 0.995833 0.869444 0.008333 0.051852
0 0.768229 0.764815 0.015625 0.033333
0 0.940625 0.014815 0.042708 0.027778
0 0.638021 0.115278 0.023958 0.060185
0 0.634635 0.166204 0.036979 0.045370
0 0.621354 0.205093 0.026042 0.065741
0 0.671094 0.183333 0.029687 0.062963
0 0.656250 0.125926 0.020833 0.031481
0 0.669271 0.108796 0.026042 0.062037
0 0.699219 0.135648 0.027604 0.065741
0 0.715104 0.144907 0.031250 0.065741
0 0.708333 0.199074 0.028125 0.048148
0 0.734635 0.178704 0.034896 0.048148
0 0.704167 0.232870 0.041667 0.047222
0 0.218490 0.991667 0.030729 0.016667
0 0.697656 0.267130 0.035937 0.039815
0 0.991406 0.674537 0.017188 0.071296
0 0.985677 0.974537 0.026562 0.017593
0 0.158594 0.968056 0.027604 0.019444
0 0.008594 0.870833 0.016146 0.050926
0 0.991406 0.351852 0.017188 0.044444
