0 0.470313 0.637037 0.029167 0.061111
0 0.319271 0.491667 0.032292 0.057407
0 0.286198 0.355556 0.033854 0.048148
0 0.438021 0.223611 0.028125 0.058333
0 0.169271 0.546296 0.030208 0.061111
0 0.576302 0.401389 0.029687 0.054630
0 0.523698 0.726389 0.029687 0.058333
0 0.356771 0.658333 0.035417 0.051852
0 0.384375 0.214815 0.035417 0.059259
0 0.384896 0.654167 0.023958 0.063889
0 0.213542 0.425926 0.032292 0.051852
0 0.550000 0.663889 0.027083 0.053704
0 0.352083 0.463426 0.038542 0.050926
0 0.370833 0.331019 0.030208 0.058333
0 0.316927 0.357870 0.026562 0.058333
0 0.482292 0.476389 0.034375 0.047222
0 0.395052 0.483796 0.035937 0.043519
0 0.229427 0.519444 0.036979 0.046296
0 0.132812 0.254167 0.035417 0.054630
0 0.260677 0.480556 0.035937 0.051852
0 0.572917 0.321759 0.031250 0.058333
0 0.484635 0.374074 0.029687 0.057407
0 0.519271 0.543981 0.023958 0.058333
0 0.441146 0.168056 0.029167 0.062037
0 0.409635 0.574537 0.021354 0.063889
0 0.534375 0.451389 0.020833 0.065741
0 0.483073 0.255093 0.025521 0.062037
0 0.349219 0.265278 0.022396 0.067593
0 0.276302 0.520370 0.030729 0.048148
0 0.199479 0.536111 0.036458 0.044444
0 0.505729 0.651389 0.033333 0.041667
0 0.421094 0.331019 0.033854 0.052778
0 0.292969 0.407870 0.038021 0.050926
0 0.161719 0.602778 0.036979 0.035185
0 0.413802 0.218981 0.021354 0.065741
0 0.423958 0.396759 0.028125 0.049074
0 0.248177 0.326389 0.038021 0.043519
0 0.386198 0.568981 0.023438 0.058333
0 0.339583 0.114352 0.026042 0.073148
0 0.470573 0.125000 0.032813 0.055556
0 0.207292 0.475926 0.034375 0.044444
0 0.098698 0.213426 0.027604 0.058333
0 0.495833 0.422685 0.033333 0.041667
0 0.389323 0.175463 0.033854 0.054630
0 0.600260 0.354167 0.022396 0.060185
0 0.118750 0.289815 0.023958 0.064815
0 0.207813 0.360648 0.036458 0.037963
0 0.134375 0.585185 0.021875 0.066667
0 0.177083 0.501389 0.027083 0.063889
0 0.454948 0.292130 0.036979 0.047222
0 0.125521 0.437963 0.031250 0.059259
0 0.213542 0.303241 0.021875 0.069444
0 0.178125 0.200000 0.028125 0.066667
0 0.566146 0.842593 0.029167 0.062963
0 0.596354 0.608796 0.036458 0.041667
0 0.530208 0.384722 0.035417 0.043519
0 0.239323 0.389352 0.036979 0.032407
0 0.439323 0.628704 0.035937 0.046296
0 0.321354 0.429167 0.019792 0.065741
0 0.228385 0.192130 0.039062 0.037963
0 0.255469 0.148611 0.032813 0.043519
0 0.530990 0.856481 0.036979 0.048148
0 0.082031 0.616667 0.028646 0.066667
0 0.576042 0.558796 0.023958 0.056481
0 0.515365 0.462037 0.021354 0.062963
0 0.161198 0.210648 0.032813 0.062037
0 0.115104 0.534259 0.020833 0.070370
0 0.493229 0.195833 0.033333 0.049074
0 0.250000 0.293981 0.040625 0.039815
0 0.422656 0.145833 0.022396 0.069444
0 0.233594 0.729167 0.033854 0.052778
0 0.125000 0.368056 0.035417 0.056481
0 0.243229 0.225926 0.041667 0.055556
0 0.574479 0.797222 0.032292 0.053704
0 0.754427 0.524074 0.033854 0.042593
0 0.438802 0.593519 0.034896 0.038889
0 0.184115 0.687037 0.029687 0.064815
0 0.335938 0.865278 0.036458 0.045370
0 0.411979 0.806481 0.034375 0.048148
0 0.153125 0.428241 0.027083 0.062037
0 0.610156 0.219907 0.031771 0.039815
0 0.065885 0.487963 0.043229 0.037037
0 0.184635 0.396296 0.029687 0.055556
0 0.544010 0.258333 0.018229 0.068519
0 0.149219 0.115741 0.028646 0.074074
0 0.523177 0.248611 0.023438 0.067593
0 0.085417 0.384722 0.039583 0.039815
0 0.104427 0.416204 0.028646 0.060185
0 0.254427 0.093981 0.020313 0.063889
0 0.529948 0.620370 0.018229 0.068519
0 0.119271 0.805556 0.027083 0.064815
0 0.690885 0.601389 0.027604 0.062037
0 0.465365 0.561574 0.035937 0.034259
0 0.576562 0.185648 0.030208 0.062037
0 0.063542 0.528704 0.039583 0.044444
0 0.140625 0.652778 0.022917 0.062963
0 0.330729 0.816667 0.035417 0.057407
0 0.639323 0.406019 0.026562 0.058333
0 0.062240 0.341667 0.031771 0.057407
0 0.227083 0.660648 0.039583 0.039815
0 0.725781 0.522222 0.024479 0.059259
0 0.375260 0.415741 0.038021 0.037037
0 0.450000 0.372685 0.023958 0.065741
0 0.152865 0.736574 0.024479 0.067593
0 0.183854 0.107870 0.019792 0.067593
0 0.131250 0.173148 0.035417 0.048148
0 0.325521 0.048148 0.036458 0.051852
0 0.952083 0.487963 0.031250 0.048148
0 0.302083 0.079167 0.019792 0.065741
0 0.689844 0.410648 0.026562 0.058333
0 0.060156 0.247222 0.023438 0.070370
0 0.297656 0.746759 0.023438 0.073148
0 0.039062 0.177315 0.041667 0.054630
0 0.860417 0.493056 0.030208 0.060185
0 0.417448 0.098148 0.028646 0.050000
0 0.128906 0.208796 0.036979 0.041667
0 0.943490 0.440278 0.029687 0.063889
0 0.050781 0.450926 0.040104 0.040741
0 0.828385 0.836111 0.033854 0.055556
0 0.697396 0.519907 0.033333 0.045370
0 0.284375 0.706019 0.035417 0.058333
0 0.492969 0.823148 0.039062 0.035185
0 0.386458 0.793981 0.023958 0.063889
0 0.904427 0.615741 0.021354 0.061111
0 0.162760 0.290741 0.042188 0.044444
0 0.740885 0.463889 0.034896 0.055556
0 0.040625 0.228704 0.032292 0.062963
0 0.600000 0.570833 0.020833 0.050926
0 0.904167 0.262037 0.022917 0.062963
0 0.556771 0.554630 0.017708 0.064815
0 0.901563 0.437963 0.030208 0.064815
0 0.668750 0.421759 0.027083 0.052778
0 0.733073 0.826389 0.036979 0.036111
0 0.286198 0.451389 0.033854 0.050926
0 0.061458 0.776389 0.028125 0.060185
0 0.770312 0.566667 0.032292 0.040741
0 0.664323 0.488889 0.033854 0.040741
0 0.851823 0.418056 0.025521 0.060185
0 0.833073 0.548611 0.040104 0.045370
0 0.057813 0.400463 0.037500 0.047222
0 0.051562 0.687963 0.025000 0.068519
0 0.175521 0.054167 0.030208 0.056481
0 0.775781 0.753241 0.032813 0.054630
0 0.037500 0.662500 0.021875 0.069444
0 0.889844 0.681944 0.043229 0.034259
0 0.773698 0.167130 0.021354 0.067593
0 0.876302 0.448148 0.039062 0.044444
0 0.957552 0.635648 0.042188 0.037963
0 0.870833 0.368981 0.035417 0.037963
0 0.244531 0.837500 0.025521 0.071296
0 0.063542 0.723148 0.023958 0.068519
0 0.707812 0.187037 0.027083 0.062963
0 0.950000 0.200926 0.038542 0.048148
0 0.082292 0.079167 0.023958 0.069444
0 0.013021 0.475000 0.025000 0.070370
0 0.386458 0.034722 0.040625 0.047222
0 0.867969 0.573148 0.031771 0.038889
0 0.450260 0.042593 0.018229 0.064815
0 0.742448 0.740278 0.034896 0.052778
0 0.267448 0.839352 0.019271 0.069444
0 0.015625 0.390278 0.030208 0.063889
0 0.483594 0.881019 0.033854 0.041667
0 0.860156 0.303241 0.028646 0.056481
0 0.810417 0.730556 0.042708 0.038889
0 0.138802 0.517593 0.027604 0.053704
0 0.845313 0.356944 0.030208 0.054630
0 0.717448 0.274537 0.034896 0.047222
0 0.053125 0.060185 0.037500 0.057407
0 0.256510 0.765278 0.035937 0.065741
0 0.983854 0.255093 0.030208 0.062037
0 0.717969 0.125463 0.019271 0.067593
0 0.613021 0.675926 0.034375 0.042593
0 0.485938 0.018519 0.035417 0.035185
0 0.678125 0.775463 0.018750 0.056481
0 0.550521 0.035185 0.033333 0.057407
0 0.767708 0.227778 0.035417 0.044444
0 0.775521 0.341667 0.036458 0.050000
0 0.932813 0.757870 0.025000 0.067593
0 0.761979 0.258796 0.036458 0.045370
0 0.691667 0.820370 0.032292 0.042593
0 0.627083 0.030093 0.034375 0.037963
0 0.025000 0.837500 0.029167 0.071296
0 0.091406 0.860185 0.025521 0.074074
0 0.875260 0.290278 0.027604 0.058333
0 0.915885 0.102315 0.025521 0.054630
0 0.977604 0.114815 0.028125 0.050000
0 0.772656 0.697685 0.030729 0.060185
0 0.070052 0.832870 0.035937 0.043519
0 0.697396 0.103241 0.018750 0.067593
0 0.013021 0.121296 0.025000 0.057407
0 0.747396 0.129630 0.033333 0.040741
0 0.216406 0.754167 0.046354 0.049074
0 0.813802 0.381944 0.032813 0.049074
0 0.855208 0.197222 0.027083 0.066667
0 0.087240 0.339815 0.025521 0.051852
0 0.985677 0.828241 0.027604 0.049074
0 0.673698 0.876389 0.022396 0.045370
0 0.919271 0.050463 0.030208 0.043519
0 0.097917 0.907870 0.033333 0.045370
0 0.881250 0.231019 0.021875 0.063889
0 0.366406 0.885648 0.041146 0.049074
0 0.366667 0.568981 0.028125 0.034259
0 0.830729 0.144444 0.017708 0.062963
0 0.020313 0.062500 0.039583 0.037963
0 0.887240 0.183796 0.035937 0.056481
0 0.663802 0.082407 0.035937 0.035185
0 0.933333 0.250463 0.026042 0.050926
0 0.178125 0.912963 0.031250 0.048148
0 0.799479 0.905093 0.028125 0.052778
0 0.479948 0.912500 0.035937 0.032407
0 0.928906 0.161574 0.027604 0.063889
0 0.121615 0.912037 0.034896 0.051852
0 0.373958 0.854630 0.025000 0.051852
0 0.058594 0.862500 0.033854 0.060185
0 0.296615 0.957870 0.041146 0.030556
0 0.443750 0.754630 0.029167 0.046296
0 0.970833 0.070370 0.034375 0.055556
0 0.817708 0.201389 0.034375 0.058333
0 0.800000 0.069907 0.031250 0.052778
0 0.106771 0.956944 0.042708 0.054630
0 0.395052 0.918056 0.034896 0.034259
0 0.410417 0.946759 0.033333 0.039815
0 0.984115 0.191204 0.021354 0.030556
0 0.350260 0.948148 0.028646 0.055556
0 0.989583 0.329167 0.019792 0.036111
0 0.486458 0.956944 0.026042 0.060185
0 0.546615 0.940741 0.036979 0.033333
0 0.083333 0.978241 0.036458 0.041667
0 0.877604 0.098148 0.026042 0.046296
0 0.008333 0.304630 0.015625 0.072222
0 0.070833 0.933333 0.027083 0.061111
0 0.992448 0.062500 0.014063 0.045370
0 0.266146 0.953241 0.019792 0.075000
0 0.855208 0.091667 0.034375 0.040741
0 0.083854 0.012037 0.039583 0.022222
0 0.009896 0.785648 0.018750 0.054630
0 0.913802 0.765741 0.020313 0.040741
0 0.901042 0.021759 0.019792 0.041667
0 0.960677 0.957870 0.034896 0.054630
0 0.041667 0.876852 0.021875 0.040741
0 0.442708 0.874074 0.021875 0.029630
0 0.538542 0.517593 0.022917 0.055556
0 0.483333 0.316204 0.035417 0.045370
0 0.506510 0.361111 0.025521 0.057407
0 0.534375 0.342593 0.035417 0.051852
0 0.527604 0.014815 0.040625 0.027778
0 0.347656 0.190278 0.019271 0.034259
0 0.386458 0.093519 0.021875 0.062963
0 0.394531 0.134722 0.019271 0.036111
0 0.505729 0.256481 0.018750 0.077778
0 0.163802 0.355556 0.030729 0.061111
0 0.142708 0.327778 0.044792 0.061111
0 0.190625 0.306944 0.021875 0.049074
0 0.011198 0.013889 0.021354 0.025926
0 0.169792 0.419444 0.028125 0.064815
0 0.742448 0.169444 0.026562 0.064815
0 0.503385 0.141204 0.018229 0.062037
0 0.501563 0.073148 0.028125 0.062963
0 0.523958 0.050000 0.040625 0.035185
0 0.566406 0.087037 0.023438 0.046296
0 0.542708 0.093056 0.026042 0.060185
0 0.522656 0.100000 0.026562 0.066667
0 0.514323 0.171296 0.020313 0.068519
0 0.541927 0.145370 0.017188 0.068519
0 0.570573 0.145833 0.033854 0.047222
0 0.527865 0.173611 0.015104 0.078704
0 0.548438 0.187037 0.027083 0.064815
0 0.622917 0.257870 0.021875 0.047222
0 0.642188 0.326389 0.039583 0.047222
0 0.638021 0.281481 0.033333 0.061111
0 0.678385 0.307870 0.047396 0.034259
0 0.659115 0.221759 0.021354 0.065741
0 0.690365 0.222685 0.038021 0.060185
0 0.675781 0.256481 0.033854 0.044444
0 0.690885 0.272685 0.030729 0.039815
0 0.913021 0.969907 0.045833 0.039815
0 0.451302 0.978241 0.028646 0.039815
0 0.348958 0.982870 0.033333 0.025000
0 0.889583 0.291667 0.026042 0.064815
0 0.139844 0.144444 0.028646 0.064815
0 0.962500 0.979167 0.038542 0.037963
