0 0.207292 0.562963 0.032292 0.055556
0 0.240365 0.437500 0.036979 0.056481
0 0.335677 0.251852 0.021354 0.066667
0 0.332552 0.350926 0.034896 0.050000
0 0.426302 0.353241 0.024479 0.063889
0 0.383854 0.619444 0.036458 0.053704
0 0.230729 0.368519 0.033333 0.044444
0 0.332813 0.497222 0.023958 0.068519
0 0.368750 0.582407 0.029167 0.059259
0 0.303385 0.593519 0.024479 0.066667
0 0.481250 0.294907 0.030208 0.060185
0 0.647135 0.257407 0.025521 0.051852
0 0.519010 0.504630 0.024479 0.057407
0 0.220052 0.525000 0.022396 0.061111
0 0.635417 0.574074 0.031250 0.061111
0 0.166146 0.620833 0.026042 0.065741
0 0.212760 0.420370 0.020313 0.068519
0 0.317448 0.301389 0.039062 0.049074
0 0.255990 0.649074 0.023438 0.064815
0 0.538281 0.556019 0.022396 0.063889
0 0.454948 0.834259 0.031771 0.051852
0 0.702865 0.510648 0.031771 0.062037
0 0.262760 0.500000 0.038021 0.048148
0 0.487760 0.515278 0.022396 0.060185
0 0.295312 0.376389 0.037500 0.052778
0 0.623177 0.347685 0.023438 0.056481
0 0.783333 0.412963 0.035417 0.040741
0 0.643490 0.317593 0.025521 0.061111
0 0.123177 0.239352 0.030729 0.065741
0 0.383333 0.687037 0.037500 0.038889
0 0.341146 0.454167 0.038542 0.047222
0 0.314844 0.230556 0.020313 0.072222
0 0.282292 0.431019 0.025000 0.063889
0 0.416927 0.700926 0.022396 0.064815
0 0.069010 0.695833 0.036979 0.050926
0 0.308073 0.432870 0.026562 0.056481
0 0.188802 0.232870 0.032813 0.062037
0 0.361198 0.081019 0.022396 0.062037
0 0.186979 0.412963 0.033333 0.066667
0 0.402344 0.290278 0.032813 0.067593
0 0.522135 0.294907 0.035937 0.039815
0 0.571615 0.362500 0.020313 0.065741
0 0.456250 0.306019 0.020833 0.069444
0 0.666667 0.490278 0.034375 0.050926
0 0.096094 0.262500 0.033854 0.062037
0 0.262760 0.414352 0.022396 0.069444
0 0.313542 0.482870 0.034375 0.054630
0 0.880990 0.518519 0.028646 0.055556
0 0.232031 0.772222 0.031771 0.064815
0 0.290104 0.326389 0.040625 0.043519
0 0.565625 0.786574 0.031250 0.052778
0 0.235677 0.254630 0.036979 0.059259
0 0.299219 0.708333 0.032813 0.059259
0 0.359115 0.228241 0.021354 0.069444
0 0.682292 0.642130 0.029167 0.058333
0 0.101302 0.589815 0.025521 0.068519
0 0.594010 0.412963 0.029687 0.051852
0 0.342187 0.592593 0.020833 0.062963
0 0.196615 0.492130 0.020313 0.062037
0 0.172396 0.471759 0.029167 0.069444
0 0.592969 0.291667 0.035937 0.040741
0 0.579688 0.257870 0.031250 0.049074
0 0.257812 0.575000 0.041667 0.035185
0 0.759115 0.259259 0.038021 0.042593
0 0.529167 0.443981 0.021875 0.060185
0 0.523698 0.201852 0.026562 0.064815
0 0.717969 0.420370 0.034896 0.033333
0 0.539844 0.381481 0.019271 0.064815
0 0.207552 0.837500 0.022396 0.062037
0 0.265625 0.767593 0.021875 0.066667
0 0.526563 0.626852 0.021875 0.064815
0 0.780990 0.463426 0.042188 0.037963
0 0.337760 0.138889 0.023438 0.050000
0 0.240625 0.520833 0.032292 0.056481
0 0.508594 0.636111 0.020313 0.064815
0 0.395052 0.191667 0.026562 0.059259
0 0.600781 0.574537 0.022396 0.058333
0 0.152083 0.714352 0.032292 0.062037
0 0.572656 0.527315 0.030729 0.045370
0 0.628125 0.462500 0.032292 0.041667
0 0.490885 0.788889 0.026562 0.066667
0 0.124740 0.507870 0.029687 0.069444
0 0.596875 0.469444 0.029167 0.055556
0 0.810417 0.237500 0.026042 0.052778
0 0.577083 0.134259 0.018750 0.066667
0 0.498958 0.125463 0.032292 0.043519
0 0.092188 0.341667 0.028125 0.068519
0 0.517708 0.256481 0.036458 0.038889
0 0.556250 0.587963 0.023958 0.070370
0 0.260677 0.055556 0.026562 0.059259
0 0.600260 0.685648 0.038021 0.036111
0 0.870833 0.375000 0.026042 0.062963
0 0.658073 0.437963 0.036979 0.035185
0 0.235156 0.671296 0.020313 0.064815
0 0.433073 0.763889 0.038021 0.033333
0 0.068490 0.367130 0.028646 0.071296
0 0.481250 0.623148 0.032292 0.050000
0 0.870313 0.232870 0.027083 0.067593
0 0.180729 0.733796 0.021875 0.067593
0 0.907031 0.364815 0.033854 0.061111
0 0.720833 0.229167 0.034375 0.036111
0 0.404948 0.823611 0.027604 0.065741
0 0.563542 0.713889 0.030208 0.051852
0 0.520833 0.689352 0.032292 0.054630
0 0.441406 0.595833 0.034896 0.037963
0 0.730729 0.794907 0.026042 0.058333
0 0.484896 0.413426 0.018750 0.067593
0 0.519792 0.792593 0.031250 0.057407
0 0.717448 0.172685 0.038021 0.039815
0 0.679427 0.171296 0.031771 0.050000
0 0.802083 0.532870 0.038542 0.041667
0 0.848958 0.384722 0.020833 0.062037
0 0.758854 0.094907 0.023958 0.069444
0 0.125000 0.599537 0.027083 0.069444
0 0.740885 0.349074 0.038021 0.042593
0 0.894271 0.431481 0.038542 0.040741
0 0.504167 0.442593 0.023958 0.064815
0 0.424479 0.061574 0.034375 0.047222
0 0.582292 0.577778 0.019792 0.066667
0 0.041146 0.734722 0.039583 0.036111
0 0.145052 0.165741 0.040104 0.044444
0 0.909896 0.478704 0.039583 0.035185
0 0.939323 0.319444 0.034896 0.057407
0 0.906771 0.280556 0.029167 0.062963
0 0.153906 0.491204 0.022396 0.076852
0 0.117448 0.864352 0.030729 0.058333
0 0.520312 0.747685 0.025000 0.060185
0 0.454688 0.549074 0.017708 0.059259
0 0.228385 0.312963 0.024479 0.066667
0 0.859896 0.479167 0.034375 0.058333
0 0.607552 0.138426 0.039062 0.039815
0 0.541146 0.083333 0.036458 0.059259
0 0.893229 0.587963 0.037500 0.040741
0 0.309896 0.800000 0.022917 0.068519
0 0.513802 0.394907 0.019271 0.067593
0 0.471615 0.695370 0.019271 0.068519
0 0.980729 0.293056 0.028125 0.058333
0 0.780990 0.595833 0.035937 0.039815
0 0.175260 0.541667 0.024479 0.061111
0 0.176042 0.784259 0.041667 0.035185
0 0.653125 0.881019 0.026042 0.058333
0 0.690104 0.063426 0.016667 0.065741
0 0.147396 0.112963 0.027083 0.068519
0 0.907031 0.219907 0.035937 0.049074
0 0.294010 0.885648 0.034896 0.063889
0 0.882552 0.633333 0.042188 0.046296
0 0.130990 0.378704 0.028646 0.068519
0 0.194531 0.074074 0.023438 0.062963
0 0.787500 0.776389 0.037500 0.049074
0 0.271354 0.117593 0.037500 0.055556
0 0.081510 0.537963 0.042188 0.038889
0 0.763542 0.881944 0.022917 0.065741
0 0.464062 0.862037 0.032292 0.044444
0 0.263802 0.867130 0.020313 0.069444
0 0.103906 0.143981 0.040104 0.049074
0 0.540365 0.042593 0.036979 0.044444
0 0.501042 0.066204 0.034375 0.036111
0 0.915885 0.151389 0.030729 0.058333
0 0.871354 0.150463 0.029167 0.063889
0 0.028385 0.678704 0.032813 0.070370
0 0.076042 0.595370 0.033333 0.046296
0 0.660417 0.223148 0.020833 0.066667
0 0.137500 0.206944 0.027083 0.060185
0 0.144271 0.853241 0.018750 0.060185
0 0.057031 0.426852 0.046354 0.038889
0 0.289323 0.032870 0.024479 0.063889
0 0.208333 0.745833 0.038542 0.037963
0 0.770312 0.225000 0.038542 0.038889
0 0.042708 0.582407 0.035417 0.064815
0 0.384115 0.035185 0.036979 0.048148
0 0.952083 0.592130 0.029167 0.062037
0 0.157552 0.808333 0.038021 0.044444
0 0.745833 0.045370 0.019792 0.066667
0 0.022135 0.516667 0.043229 0.037037
0 0.926042 0.183333 0.031250 0.059259
0 0.222135 0.286111 0.031771 0.055556
0 0.185677 0.169444 0.041146 0.046296
0 0.882552 0.695370 0.041146 0.040741
0 0.836458 0.135185 0.022917 0.064815
0 0.808594 0.157870 0.033854 0.050926
0 0.250781 0.716204 0.045312 0.039815
0 0.682552 0.226852 0.023438 0.040741
0 0.950781 0.488426 0.032813 0.043519
0 0.150000 0.766204 0.030208 0.050926
0 0.055208 0.306019 0.041667 0.036111
0 0.620313 0.877778 0.033333 0.048148
0 0.965625 0.069444 0.031250 0.057407
0 0.846875 0.329630 0.035417 0.042593
0 0.780990 0.051389 0.021354 0.069444
0 0.328646 0.037037 0.019792 0.072222
0 0.727604 0.041204 0.017708 0.065741
0 0.100781 0.406944 0.038021 0.049074
0 0.024219 0.148148 0.031771 0.070370
0 0.186979 0.285648 0.038542 0.069444
0 0.023958 0.225463 0.044792 0.037963
0 0.715625 0.883796 0.037500 0.037963
0 0.055729 0.085648 0.025000 0.067593
0 0.975781 0.551389 0.042188 0.054630
0 0.460156 0.147685 0.021354 0.050926
0 0.688802 0.836111 0.023438 0.061111
0 0.424479 0.030093 0.037500 0.041667
0 0.011198 0.657407 0.021354 0.070370
0 0.919792 0.725000 0.025000 0.051852
0 0.236458 0.028704 0.020833 0.055556
0 0.465365 0.466204 0.017188 0.052778
0 0.170313 0.025000 0.025000 0.048148
0 0.744792 0.134259 0.028125 0.044444
0 0.075521 0.851389 0.044792 0.050926
0 0.982552 0.202778 0.030729 0.061111
0 0.805990 0.124537 0.036979 0.043519
0 0.797656 0.693981 0.026562 0.078704
0 0.661979 0.031481 0.015625 0.055556
0 0.834635 0.917130 0.030729 0.052778
0 0.892969 0.088889 0.034896 0.044444
0 0.847396 0.093981 0.028125 0.045370
0 0.951562 0.692130 0.027083 0.037963
0 0.918229 0.034722 0.033333 0.050926
0 0.984115 0.830556 0.030729 0.035185
0 0.498698 0.024074 0.028646 0.046296
0 0.574479 0.024074 0.022917 0.046296
0 0.144792 0.910185 0.046875 0.046296
0 0.971354 0.120833 0.038542 0.049074
0 0.951823 0.242130 0.032813 0.045370
0 0.703906 0.923611 0.036979 0.030556
0 0.566667 0.908333 0.034375 0.038889
0 0.061979 0.877315 0.040625 0.056481
0 0.121354 0.792130 0.038542 0.075000
0 0.983594 0.922222 0.031771 0.044444
0 0.985156 0.175000 0.028646 0.042593
0 0.147135 0.955093 0.030729 0.076852
0 0.586979 0.935648 0.031250 0.047222
0 0.104427 0.952778 0.034896 0.057407
0 0.028906 0.050463 0.034896 0.043519
0 0.011979 0.612963 0.022917 0.040741
0 0.406771 0.883796 0.034375 0.034259
0 0.033333 0.867130 0.036458 0.052778
0 0.062500 0.477315 0.030208 0.030556
0 0.928385 0.253241 0.027604 0.050926
0 0.769792 0.674074 0.021875 0.044444
0 0.175000 0.939352 0.030208 0.073148
0 0.036198 0.926389 0.034896 0.058333
0 0.777083 0.316667 0.019792 0.025926
0 0.070312 0.012963 0.041667 0.024074
0 0.320052 0.937963 0.029687 0.068519
0 0.426823 0.888426 0.026562 0.043519
0 0.009375 0.175463 0.017708 0.032407
0 0.984635 0.962500 0.029687 0.041667
0 0.041927 0.980556 0.038021 0.038889
0 0.011979 0.261111 0.022917 0.038889
0 0.218490 0.980556 0.029687 0.033333
0 0.249479 0.975000 0.040625 0.050000
0 0.452604 0.447685 0.044792 0.043519
0 0.453385 0.404630 0.039062 0.042593
0 0.418229 0.087037 0.019792 0.044444
0 0.559375 0.083796 0.016667 0.047222
0 0.454948 0.251852 0.040104 0.038889
0 0.464583 0.208796 0.022917 0.054630
0 0.487240 0.194907 0.018229 0.062037
0 0.497917 0.227315 0.032292 0.069444
0 0.470573 0.763426 0.020313 0.060185
0 0.352083 0.965741 0.036458 0.061111
0 0.434635 0.671759 0.030729 0.060185
0 0.457292 0.642130 0.017708 0.067593
0 0.485156 0.680093 0.031771 0.067593
0 0.409375 0.174074 0.039583 0.077778
0 0.473438 0.015278 0.022917 0.028704
0 0.565104 0.431019 0.037500 0.056481
0 0.553385 0.975926 0.023438 0.020370
0 0.700781 0.861111 0.025521 0.014815
0 0.992708 0.235185 0.014583 0.025926
0 0.991927 0.210185 0.016146 0.022222
0 0.258854 0.009259 0.019792 0.016667
0 0.633594 0.553241 0.028646 0.054630
0 0.500781 0.474074 0.018229 0.024074
0 0.622135 0.398148 0.036979 0.046296
