0 0.224479 0.181944 0.027083 0.062037
0 0.470052 0.609722 0.027604 0.062037
0 0.271615 0.454167 0.030729 0.058333
0 0.429948 0.580556 0.026562 0.061111
0 0.220573 0.583796 0.027604 0.060185
0 0.372396 0.629630 0.033333 0.057407
0 0.219531 0.505556 0.029687 0.057407
0 0.587500 0.460185 0.028125 0.061111
0 0.441667 0.308796 0.028125 0.058333
0 0.506250 0.471759 0.030208 0.052778
0 0.531510 0.614352 0.026562 0.060185
0 0.293229 0.567593 0.031250 0.053704
0 0.555469 0.478241 0.027604 0.058333
0 0.333594 0.168519 0.020313 0.070370
0 0.345052 0.578241 0.035937 0.047222
0 0.300000 0.453704 0.025000 0.066667
0 0.179948 0.743981 0.028646 0.063889
0 0.382552 0.293981 0.027604 0.063889
0 0.341927 0.349074 0.025521 0.061111
0 0.283854 0.628704 0.039583 0.040741
0 0.183333 0.681481 0.033333 0.057407
0 0.311458 0.827778 0.034375 0.055556
0 0.269531 0.780093 0.032813 0.054630
0 0.521354 0.256019 0.018750 0.067593
0 0.622917 0.573148 0.034375 0.059259
0 0.133073 0.214352 0.031771 0.062037
0 0.416146 0.306481 0.033333 0.055556
0 0.295052 0.520833 0.032813 0.049074
0 0.327083 0.691667 0.032292 0.061111
0 0.147656 0.579167 0.038021 0.060185
0 0.119010 0.479167 0.034896 0.058333
0 0.505729 0.318981 0.035417 0.047222
0 0.276562 0.055093 0.025000 0.065741
0 0.507552 0.393519 0.034896 0.057407
0 0.260677 0.678704 0.032813 0.062963
0 0.198698 0.582407 0.030729 0.061111
0 0.329688 0.320370 0.033333 0.051852
0 0.353906 0.833796 0.035937 0.049074
0 0.214583 0.807870 0.038542 0.036111
0 0.532552 0.695370 0.027604 0.057407
0 0.215625 0.404630 0.029167 0.057407
0 0.217969 0.282407 0.033854 0.042593
0 0.430990 0.173611 0.029687 0.063889
0 0.327344 0.862037 0.036979 0.048148
0 0.568490 0.250000 0.021354 0.070370
0 0.454688 0.696296 0.033333 0.038889
0 0.451562 0.499537 0.038542 0.037963
0 0.474219 0.441204 0.032813 0.047222
0 0.432292 0.389815 0.022917 0.061111
0 0.147135 0.124537 0.027604 0.071296
0 0.515365 0.557870 0.019271 0.063889
0 0.182812 0.440741 0.037500 0.050000
0 0.563802 0.547222 0.027604 0.053704
0 0.223958 0.063426 0.020833 0.071296
0 0.707812 0.730556 0.020833 0.059259
0 0.088281 0.517130 0.025521 0.069444
0 0.176823 0.535185 0.021354 0.061111
0 0.421094 0.078241 0.023438 0.065741
0 0.283854 0.839815 0.028125 0.059259
0 0.114323 0.549537 0.031771 0.054630
0 0.246354 0.542130 0.035417 0.058333
0 0.624740 0.338426 0.025521 0.065741
0 0.371615 0.067593 0.025521 0.057407
0 0.217188 0.361111 0.034375 0.053704
0 0.198698 0.195370 0.031771 0.053704
0 0.315365 0.075926 0.024479 0.068519
0 0.533854 0.887963 0.030208 0.057407
0 0.236719 0.111111 0.029687 0.066667
0 0.269010 0.283333 0.040104 0.040741
0 0.437760 0.037037 0.020313 0.066667
0 0.549219 0.175463 0.029687 0.052778
0 0.338542 0.054167 0.025000 0.067593
0 0.692448 0.545833 0.031771 0.050926
0 0.170573 0.204630 0.029687 0.059259
0 0.669271 0.225926 0.028125 0.055556
0 0.117448 0.398148 0.028646 0.066667
0 0.552344 0.121759 0.027604 0.060185
0 0.420312 0.257870 0.036458 0.047222
0 0.209115 0.097685 0.020313 0.062037
0 0.550521 0.295370 0.020833 0.070370
0 0.138021 0.523148 0.034375 0.057407
0 0.647135 0.174074 0.028646 0.050000
0 0.504948 0.161111 0.031771 0.053704
0 0.403646 0.768981 0.038542 0.039815
0 0.402865 0.872222 0.034896 0.051852
0 0.222396 0.450463 0.037500 0.041667
0 0.517448 0.075463 0.021354 0.062037
0 0.602865 0.314352 0.021354 0.063889
0 0.662240 0.290741 0.031771 0.038889
0 0.351042 0.089352 0.017708 0.060185
0 0.371615 0.197222 0.039062 0.044444
0 0.079948 0.298148 0.030729 0.059259
0 0.453385 0.662037 0.036979 0.038889
0 0.251563 0.844444 0.035417 0.035185
0 0.147135 0.820370 0.040104 0.042593
0 0.260677 0.573148 0.036979 0.037037
0 0.688542 0.227778 0.028125 0.064815
0 0.678646 0.738426 0.023958 0.063889
0 0.164062 0.277778 0.039583 0.040741
0 0.237500 0.231944 0.039583 0.037963
0 0.614844 0.843519 0.021354 0.064815
0 0.613542 0.084259 0.025000 0.062963
0 0.685677 0.494907 0.029687 0.058333
0 0.150521 0.648611 0.031250 0.067593
0 0.431250 0.869907 0.027083 0.050926
0 0.727865 0.413889 0.021354 0.064815
0 0.535937 0.053241 0.023958 0.065741
0 0.716146 0.253704 0.026042 0.059259
0 0.158333 0.880556 0.029167 0.062963
0 0.483073 0.835185 0.028646 0.066667
0 0.458594 0.811574 0.026562 0.058333
0 0.471094 0.383796 0.035937 0.037963
0 0.720052 0.147685 0.026562 0.056481
0 0.672917 0.142130 0.031250 0.049074
0 0.847396 0.381019 0.018750 0.062037
0 0.458073 0.868981 0.026562 0.056481
0 0.083073 0.134722 0.027604 0.065741
0 0.523177 0.845833 0.035937 0.047222
0 0.437500 0.121296 0.035417 0.044444
0 0.848958 0.456019 0.020833 0.062037
0 0.152865 0.698148 0.027604 0.066667
0 0.111198 0.801852 0.045312 0.044444
0 0.231510 0.328704 0.039062 0.038889
0 0.621615 0.758333 0.022396 0.070370
0 0.728385 0.501852 0.028646 0.061111
0 0.358854 0.883333 0.041667 0.037037
0 0.152344 0.768056 0.027604 0.067593
0 0.058854 0.516667 0.037500 0.038889
0 0.196615 0.470833 0.034896 0.039815
0 0.505208 0.902315 0.020833 0.058333
0 0.927604 0.647685 0.026042 0.058333
0 0.122135 0.332407 0.041146 0.048148
0 0.729688 0.564352 0.037500 0.039815
0 0.186198 0.326852 0.035937 0.040741
0 0.612500 0.680093 0.021875 0.058333
0 0.142969 0.902315 0.029687 0.056481
0 0.746875 0.692130 0.035417 0.037963
0 0.327604 0.237963 0.030208 0.040741
0 0.827865 0.590741 0.030729 0.050000
0 0.839063 0.667593 0.034375 0.038889
0 0.633594 0.269444 0.017188 0.062963
0 0.600781 0.585185 0.035937 0.048148
0 0.211198 0.888426 0.024479 0.058333
0 0.736198 0.174074 0.024479 0.062963
0 0.311719 0.028704 0.029687 0.055556
0 0.879167 0.782870 0.037500 0.041667
0 0.885417 0.188889 0.021875 0.066667
0 0.685156 0.407870 0.036979 0.056481
0 0.873958 0.645833 0.021875 0.065741
0 0.754427 0.248148 0.019271 0.070370
0 0.103385 0.724074 0.039062 0.044444
0 0.951562 0.421759 0.036458 0.058333
0 0.056250 0.453704 0.043750 0.038889
0 0.536198 0.436111 0.018229 0.059259
0 0.385417 0.029167 0.031250 0.049074
0 0.032292 0.696759 0.029167 0.069444
0 0.967448 0.356481 0.038021 0.042593
0 0.541406 0.543519 0.020313 0.062963
0 0.109115 0.760648 0.044271 0.037963
0 0.168750 0.644907 0.028125 0.067593
0 0.954688 0.674074 0.036458 0.051852
0 0.453646 0.544907 0.019792 0.047222
0 0.095052 0.339815 0.043229 0.040741
0 0.829688 0.211111 0.026042 0.057407
0 0.904948 0.583796 0.024479 0.056481
0 0.071615 0.767593 0.032813 0.064815
0 0.036979 0.476852 0.044792 0.038889
0 0.905990 0.711111 0.025521 0.062963
0 0.081771 0.396759 0.046875 0.041667
0 0.887240 0.328241 0.030729 0.060185
0 0.847396 0.824537 0.036458 0.050926
0 0.155729 0.424537 0.030208 0.054630
0 0.156250 0.250926 0.039583 0.037037
0 0.776042 0.088889 0.032292 0.053704
0 0.807292 0.768056 0.040625 0.050926
0 0.712500 0.859722 0.018750 0.060185
0 0.905469 0.287500 0.021354 0.069444
0 0.051823 0.837500 0.029687 0.078704
0 0.879948 0.695370 0.035937 0.038889
0 0.480729 0.045370 0.023958 0.074074
0 0.046094 0.406481 0.040104 0.046296
0 0.870052 0.397222 0.022396 0.059259
0 0.730729 0.025926 0.028125 0.048148
0 0.032031 0.550000 0.038021 0.059259
0 0.800260 0.627315 0.022396 0.062037
0 0.802604 0.544444 0.023958 0.059259
0 0.752083 0.805556 0.021875 0.064815
0 0.072135 0.183333 0.042188 0.038889
0 0.099479 0.881944 0.023958 0.063889
0 0.784896 0.665741 0.018750 0.062963
0 0.934635 0.317593 0.022396 0.059259
0 0.816667 0.450926 0.036458 0.048148
0 0.980990 0.401852 0.026562 0.061111
0 0.572656 0.050463 0.029687 0.052778
0 0.773958 0.835185 0.022917 0.046296
0 0.951302 0.256481 0.030729 0.062963
0 0.856771 0.531019 0.033333 0.054630
0 0.919531 0.509722 0.034896 0.036111
0 0.780990 0.201389 0.033854 0.050926
0 0.861979 0.616204 0.019792 0.065741
0 0.657292 0.913889 0.029167 0.050000
0 0.787240 0.147222 0.035937 0.035185
0 0.014063 0.565278 0.026042 0.071296
0 0.762500 0.024537 0.025000 0.047222
0 0.804427 0.898611 0.042188 0.049074
0 0.830469 0.633796 0.030729 0.036111
0 0.976302 0.282870 0.025521 0.065741
0 0.780990 0.049074 0.036979 0.050000
0 0.879687 0.482407 0.033333 0.033333
0 0.115885 0.877315 0.023438 0.063889
0 0.194271 0.068056 0.017708 0.052778
0 0.139063 0.023148 0.025000 0.044444
0 0.848698 0.146759 0.039062 0.041667
0 0.850521 0.331019 0.031250 0.056481
0 0.026042 0.361111 0.042708 0.050000
0 0.881510 0.562500 0.022396 0.062037
0 0.436719 0.826389 0.039062 0.047222
0 0.929167 0.255556 0.022917 0.055556
0 0.904167 0.412037 0.023958 0.066667
0 0.734635 0.765741 0.034896 0.055556
0 0.486458 0.936111 0.020833 0.066667
0 0.979167 0.174074 0.034375 0.048148
0 0.878125 0.099074 0.029167 0.050000
0 0.441927 0.758796 0.028646 0.034259
0 0.598698 0.018056 0.018229 0.034259
0 0.369792 0.920370 0.035417 0.031481
0 0.907031 0.539815 0.034896 0.031481
0 0.794531 0.817130 0.041146 0.058333
0 0.107552 0.234722 0.035937 0.076852
0 0.986198 0.783333 0.026562 0.037037
0 0.857031 0.076389 0.036979 0.039815
0 0.034115 0.875463 0.039062 0.063889
0 0.071354 0.884259 0.032292 0.051852
0 0.473698 0.923611 0.019271 0.063889
0 0.095052 0.043519 0.032813 0.068519
0 0.927083 0.031481 0.036458 0.038889
0 0.965365 0.062500 0.030729 0.056481
0 0.873177 0.031019 0.036979 0.032407
0 0.069792 0.024074 0.033333 0.044444
0 0.913802 0.096296 0.023438 0.046296
0 0.986198 0.073148 0.025521 0.050000
0 0.761979 0.519444 0.028125 0.051852
0 0.713021 0.015278 0.019792 0.028704
0 0.504687 0.972685 0.040625 0.045370
0 0.811198 0.269444 0.018229 0.038889
0 0.665365 0.949074 0.020313 0.048148
0 0.182812 0.012037 0.020833 0.022222
0 0.641927 0.013426 0.016146 0.025000
0 0.848437 0.934259 0.031250 0.033333
0 0.031771 0.978704 0.039583 0.031481
0 0.435156 0.947222 0.033854 0.055556
0 0.463802 0.980556 0.032813 0.038889
0 0.782031 0.979630 0.034896 0.033333
0 0.076823 0.981481 0.045312 0.037037
0 0.007552 0.753704 0.014063 0.040741
0 0.010937 0.237963 0.020833 0.044444
0 0.077083 0.952778 0.035417 0.051852
0 0.740365 0.981481 0.032813 0.037037
0 0.133333 0.968981 0.039583 0.050926
0 0.688802 0.972685 0.019271 0.045370
0 0.084896 0.441204 0.025000 0.075000
0 0.095312 0.367130 0.043750 0.037963
0 0.085938 0.230093 0.028125 0.067593
0 0.113542 0.220370 0.032292 0.062963
0 0.250000 0.015741 0.013542 0.020370
0 0.310677 0.171759 0.016146 0.025000
0 0.353385 0.393519 0.019271 0.085185
0 0.415625 0.462500 0.028125 0.037963
0 0.396875 0.456481 0.022917 0.066667
0 0.382812 0.428241 0.028125 0.056481
0 0.419010 0.425000 0.030729 0.048148
0 0.389062 0.382870 0.038542 0.047222
0 0.393490 0.342593 0.028646 0.059259
0 0.373698 0.277315 0.010937 0.030556
0 0.463802 0.453241 0.017188 0.026852
0 0.517969 0.499537 0.017188 0.043519
0 0.602865 0.651389 0.035937 0.049074
0 0.756510 0.983333 0.027604 0.031481
0 0.855469 0.975000 0.025521 0.046296
0 0.779687 0.551389 0.023958 0.067593
0 0.746094 0.125000 0.029687 0.038889
0 0.995833 0.305556 0.008333 0.031481
0 0.941406 0.559722 0.018229 0.075000
0 0.959375 0.539815 0.027083 0.064815
0 0.961458 0.474074 0.026042 0.055556
0 0.931510 0.469907 0.034896 0.050926
0 0.555729 0.012500 0.019792 0.023148
0 0.541146 0.007870 0.013542 0.013889
0 0.531250 0.138426 0.032292 0.062037
0 0.935417 0.111111 0.036458 0.057407
0 0.960156 0.126389 0.024479 0.065741
0 0.977344 0.126852 0.027604 0.046296
0 0.575000 0.082407 0.035417 0.035185
0 0.249740 0.613889 0.026562 0.062963
