0 0.370833 0.463426 0.023958 0.062037
0 0.620573 0.396296 0.029687 0.055556
0 0.397135 0.468981 0.028646 0.052778
0 0.546615 0.700926 0.028646 0.051852
0 0.368229 0.332870 0.029167 0.060185
0 0.733333 0.461574 0.032292 0.049074
0 0.346615 0.315741 0.024479 0.068519
0 0.571615 0.323611 0.025521 0.062037
0 0.376563 0.594444 0.029167 0.057407
0 0.178646 0.338889 0.023958 0.062963
0 0.575781 0.781481 0.031771 0.059259
0 0.120833 0.124537 0.025000 0.065741
0 0.659896 0.222685 0.025000 0.060185
0 0.339583 0.114815 0.025000 0.070370
0 0.226562 0.424537 0.026042 0.062037
0 0.726302 0.392593 0.031771 0.061111
0 0.204948 0.368981 0.024479 0.067593
0 0.254427 0.093981 0.020313 0.063889
0 0.268490 0.433796 0.030729 0.062037
0 0.204167 0.309722 0.027083 0.054630
0 0.153125 0.115278 0.025000 0.071296
0 0.792708 0.486111 0.034375 0.057407
0 0.676042 0.451852 0.032292 0.053704
0 0.451042 0.493056 0.037500 0.036111
0 0.521615 0.538426 0.031771 0.047222
0 0.111198 0.282870 0.034896 0.050926
0 0.237500 0.643056 0.039583 0.056481
0 0.202083 0.452778 0.026042 0.064815
0 0.302865 0.082870 0.019271 0.067593
0 0.272656 0.637963 0.032813 0.053704
0 0.443750 0.217130 0.018750 0.065741
0 0.183854 0.107407 0.020833 0.066667
0 0.638021 0.340741 0.034375 0.040741
0 0.601302 0.572685 0.023438 0.058333
0 0.172396 0.598148 0.040625 0.046296
0 0.438542 0.423148 0.029167 0.055556
0 0.625260 0.668981 0.033854 0.041667
0 0.647135 0.179630 0.027604 0.053704
0 0.698438 0.471759 0.029167 0.050926
0 0.242969 0.306944 0.038021 0.047222
0 0.342708 0.175926 0.031250 0.051852
0 0.562760 0.515741 0.019271 0.062963
0 0.115625 0.443981 0.034375 0.062037
0 0.545573 0.518056 0.018229 0.069444
0 0.413542 0.413889 0.022917 0.061111
0 0.497917 0.783796 0.034375 0.049074
0 0.666146 0.759259 0.031250 0.040741
0 0.519271 0.655093 0.023958 0.062037
0 0.466927 0.648148 0.036979 0.040741
0 0.279427 0.267130 0.038021 0.045370
0 0.380469 0.656944 0.020313 0.062037
0 0.602344 0.062037 0.020313 0.072222
0 0.525260 0.421759 0.033854 0.049074
0 0.414844 0.260648 0.024479 0.060185
0 0.548177 0.113426 0.029687 0.060185
0 0.383854 0.405556 0.036458 0.040741
0 0.522135 0.774537 0.028646 0.062037
0 0.202865 0.789815 0.038021 0.055556
0 0.901563 0.437500 0.027083 0.063889
0 0.135156 0.587037 0.024479 0.066667
0 0.505469 0.073611 0.027604 0.058333
0 0.137500 0.710648 0.038542 0.054630
0 0.658854 0.272685 0.031250 0.052778
0 0.351042 0.647222 0.035417 0.038889
0 0.325781 0.048611 0.035937 0.052778
0 0.082812 0.617130 0.030208 0.065741
0 0.188281 0.545370 0.032813 0.061111
0 0.505990 0.590741 0.034896 0.040741
0 0.310677 0.347685 0.040104 0.039815
0 0.697917 0.346759 0.037500 0.036111
0 0.529948 0.389352 0.034896 0.039815
0 0.478906 0.613426 0.036979 0.039815
0 0.496354 0.823611 0.026042 0.058333
0 0.529687 0.619444 0.017708 0.068519
0 0.433333 0.047222 0.018750 0.068519
0 0.481250 0.450926 0.017708 0.057407
0 0.163802 0.767593 0.029687 0.055556
0 0.579167 0.555093 0.018750 0.065741
0 0.375000 0.530093 0.017708 0.065741
0 0.467969 0.694907 0.035937 0.039815
0 0.725781 0.747685 0.020313 0.065741
0 0.544531 0.264352 0.018229 0.063889
0 0.241146 0.218056 0.040625 0.043519
0 0.666667 0.082407 0.032292 0.053704
0 0.485417 0.728241 0.033333 0.043519
0 0.400000 0.082407 0.034375 0.040741
0 0.967187 0.413426 0.022917 0.065741
0 0.117188 0.541204 0.020833 0.067593
0 0.150521 0.433333 0.025000 0.068519
0 0.787240 0.830556 0.020313 0.064815
0 0.436719 0.116667 0.031771 0.055556
0 0.361979 0.040278 0.018750 0.060185
0 0.139063 0.787500 0.035417 0.049074
0 0.079427 0.120833 0.040104 0.050926
0 0.660937 0.853704 0.025000 0.051852
0 0.757031 0.809722 0.020313 0.067593
0 0.940625 0.390278 0.022917 0.071296
0 0.176823 0.052778 0.030729 0.057407
0 0.768229 0.398148 0.027083 0.061111
0 0.864062 0.304630 0.031250 0.055556
0 0.529948 0.478704 0.017188 0.064815
0 0.322917 0.523148 0.018750 0.072222
0 0.060937 0.361111 0.032292 0.048148
0 0.286458 0.452778 0.027083 0.068519
0 0.126042 0.484722 0.037500 0.047222
0 0.323437 0.425926 0.038542 0.031481
0 0.449740 0.042593 0.017188 0.064815
0 0.869792 0.369444 0.036458 0.040741
0 0.959115 0.483796 0.038021 0.041667
0 0.383854 0.171296 0.037500 0.040741
0 0.079427 0.077315 0.036979 0.060185
0 0.760156 0.257407 0.034896 0.050000
0 0.653125 0.790278 0.033333 0.037963
0 0.237240 0.368519 0.036979 0.044444
0 0.149740 0.362037 0.040104 0.035185
0 0.523698 0.256019 0.020313 0.063889
0 0.697396 0.103241 0.018750 0.065741
0 0.985417 0.432870 0.021875 0.062037
0 0.917969 0.226389 0.028646 0.058333
0 0.860677 0.492130 0.025521 0.067593
0 0.698958 0.219444 0.037500 0.048148
0 0.136719 0.162963 0.031771 0.066667
0 0.871875 0.242130 0.020833 0.065741
0 0.720833 0.119444 0.020833 0.066667
0 0.129688 0.062963 0.023958 0.059259
0 0.035156 0.512963 0.039062 0.050000
0 0.854688 0.197685 0.022917 0.067593
0 0.128125 0.319907 0.042708 0.036111
0 0.576823 0.238426 0.034896 0.047222
0 0.251302 0.712500 0.039062 0.045370
0 0.777604 0.647685 0.031250 0.058333
0 0.137240 0.247222 0.026562 0.055556
0 0.027865 0.336111 0.040104 0.042593
0 0.247135 0.804630 0.030729 0.062963
0 0.904167 0.615278 0.022917 0.063889
0 0.540625 0.052315 0.034375 0.034259
0 0.865625 0.586111 0.036458 0.044444
0 0.179167 0.688426 0.040625 0.047222
0 0.846615 0.356944 0.028646 0.056481
0 0.348177 0.800463 0.027604 0.065741
0 0.830729 0.144907 0.017708 0.067593
0 0.701562 0.164815 0.036458 0.037037
0 0.850260 0.695833 0.036979 0.039815
0 0.577344 0.853704 0.019271 0.070370
0 0.122135 0.388426 0.040104 0.036111
0 0.036458 0.664352 0.023958 0.063889
0 0.753125 0.743056 0.022917 0.067593
0 0.229167 0.182870 0.039583 0.036111
0 0.066667 0.217593 0.041667 0.044444
0 0.776563 0.201389 0.037500 0.043519
0 0.311458 0.624537 0.020833 0.067593
0 0.891927 0.685648 0.042188 0.041667
0 0.748437 0.130556 0.031250 0.042593
0 0.780208 0.350000 0.034375 0.044444
0 0.255208 0.147685 0.033333 0.039815
0 0.895833 0.275000 0.020833 0.064815
0 0.138281 0.518519 0.028646 0.055556
0 0.012760 0.700926 0.024479 0.064815
0 0.506250 0.139352 0.016667 0.067593
0 0.829688 0.389352 0.028125 0.056481
0 0.086719 0.206019 0.038021 0.047222
0 0.189583 0.405093 0.026042 0.062037
0 0.975781 0.301852 0.039062 0.040741
0 0.821615 0.245370 0.034896 0.044444
0 0.932292 0.756019 0.020833 0.069444
0 0.075521 0.478704 0.041667 0.042593
0 0.815625 0.296759 0.029167 0.047222
0 0.795052 0.709259 0.019271 0.050000
0 0.388281 0.037500 0.038021 0.041667
0 0.739062 0.170370 0.038542 0.037037
0 0.072656 0.429167 0.039062 0.032407
0 0.058333 0.180093 0.037500 0.043519
0 0.370833 0.813426 0.025000 0.065741
0 0.258073 0.761111 0.022396 0.066667
0 0.407813 0.747222 0.037500 0.040741
0 0.537760 0.214352 0.034896 0.045370
0 0.060417 0.660648 0.031250 0.065741
0 0.548438 0.019907 0.035417 0.034259
0 0.797135 0.063889 0.026562 0.059259
0 0.800260 0.214815 0.033854 0.050000
0 0.020313 0.750463 0.033333 0.069444
0 0.236979 0.587037 0.038542 0.051852
0 0.981771 0.573611 0.033333 0.036111
0 0.152083 0.871296 0.041667 0.055556
0 0.840104 0.484259 0.020833 0.053704
0 0.771094 0.537037 0.036979 0.035185
0 0.074479 0.722222 0.044792 0.037037
0 0.977344 0.170833 0.040104 0.045370
0 0.663281 0.033796 0.038021 0.036111
0 0.923698 0.157407 0.039062 0.042593
0 0.777865 0.888426 0.032813 0.049074
0 0.383854 0.867593 0.037500 0.035185
0 0.918750 0.096296 0.030208 0.053704
0 0.757552 0.868056 0.038021 0.058333
0 0.834115 0.219444 0.028646 0.048148
0 0.952865 0.094444 0.032813 0.046296
0 0.419010 0.794907 0.019271 0.062037
0 0.890885 0.196759 0.020313 0.058333
0 0.022135 0.373148 0.041146 0.033333
0 0.022656 0.596759 0.034896 0.060185
0 0.911198 0.658796 0.021354 0.054630
0 0.981510 0.066667 0.022396 0.057407
0 0.081771 0.332407 0.031250 0.038889
0 0.257292 0.891204 0.039583 0.056481
0 0.316927 0.898611 0.039062 0.045370
0 0.286979 0.723611 0.041667 0.043519
0 0.097917 0.857407 0.026042 0.062963
0 0.094792 0.373148 0.029167 0.035185
0 0.987500 0.822685 0.025000 0.049074
0 0.957031 0.046296 0.029687 0.048148
0 0.141927 0.926389 0.039062 0.047222
0 0.010937 0.137963 0.020833 0.048148
0 0.794531 0.746296 0.026562 0.029630
0 0.012760 0.469907 0.024479 0.058333
0 0.934896 0.252778 0.027083 0.042593
0 0.773698 0.925463 0.025521 0.039815
0 0.513802 0.912963 0.019271 0.070370
0 0.579167 0.021296 0.020833 0.040741
0 0.994531 0.211574 0.010937 0.034259
0 0.622135 0.259722 0.020313 0.049074
0 0.310156 0.719907 0.034896 0.039815
0 0.442969 0.757407 0.028646 0.040741
0 0.480729 0.913426 0.037500 0.043519
0 0.107552 0.932870 0.035937 0.050926
0 0.021354 0.031944 0.039583 0.037963
0 0.030208 0.833333 0.028125 0.064815
0 0.102604 0.959722 0.040625 0.043519
0 0.273177 0.948148 0.040104 0.057407
0 0.005729 0.306944 0.010417 0.069444
0 0.083073 0.010648 0.038021 0.019444
0 0.899479 0.015278 0.021875 0.028704
0 0.455729 0.939352 0.038542 0.041667
0 0.027604 0.885648 0.050000 0.050926
0 0.009375 0.180093 0.017708 0.043519
0 0.161979 0.011111 0.032292 0.020370
0 0.486719 0.956944 0.026562 0.060185
0 0.080469 0.975000 0.044271 0.048148
0 0.298698 0.967593 0.024479 0.055556
0 0.030208 0.422685 0.034375 0.060185
0 0.441927 0.337500 0.040104 0.052778
0 0.394010 0.295833 0.046354 0.065741
0 0.428906 0.369444 0.041146 0.057407
0 0.405729 0.201389 0.040625 0.037963
0 0.464062 0.269444 0.035417 0.061111
0 0.485417 0.331019 0.040625 0.056481
0 0.487760 0.400926 0.028646 0.068519
0 0.501823 0.435185 0.024479 0.077778
0 0.507812 0.497222 0.026042 0.035185
0 0.655208 0.387037 0.043750 0.055556
0 0.521354 0.312963 0.037500 0.051852
0 0.537760 0.343056 0.039062 0.050926
0 0.510677 0.360185 0.022396 0.075926
0 0.476302 0.166204 0.031771 0.069444
0 0.471875 0.218981 0.033333 0.067593
0 0.502865 0.205556 0.043229 0.048148
0 0.489844 0.269444 0.022396 0.079630
0 0.509635 0.255093 0.022396 0.086111
0 0.576823 0.134722 0.030729 0.078704
0 0.583594 0.188889 0.030729 0.074074
0 0.560156 0.193981 0.026562 0.067593
0 0.540104 0.179167 0.033333 0.065741
0 0.516667 0.164815 0.025000 0.066667
0 0.503125 0.207870 0.045833 0.043519
0 0.779687 0.162963 0.034375 0.081481
0 0.887500 0.134259 0.048958 0.064815
0 0.065885 0.401852 0.051562 0.037037
0 0.335417 0.978241 0.035417 0.041667
0 0.017708 0.971759 0.025000 0.019444
0 0.461458 0.973611 0.037500 0.037963
0 0.077344 0.751389 0.020313 0.032407
0 0.246094 0.938889 0.040104 0.042593
0 0.708594 0.984722 0.043229 0.030556
0 0.774479 0.981019 0.029167 0.025000
0 0.274479 0.979167 0.032292 0.037963
0 0.358073 0.864352 0.011979 0.032407
0 0.392448 0.131481 0.016146 0.042593
0 0.413542 0.123148 0.018750 0.038889
0 0.418750 0.077315 0.021875 0.034259
0 0.052604 0.450926 0.041667 0.035185
0 0.174219 0.408333 0.021354 0.040741
0 0.082031 0.498148 0.039062 0.037037
0 0.565104 0.079630 0.018750 0.053704
0 0.989844 0.250463 0.020313 0.043519
0 0.964323 0.141667 0.031771 0.042593
0 0.989323 0.519444 0.020313 0.042593
0 0.991667 0.880556 0.016667 0.046296
0 0.434635 0.875463 0.021354 0.039815
0 0.415625 0.881019 0.016667 0.034259
0 0.970052 0.116204 0.020313 0.047222
0 0.552344 0.331019 0.017188 0.028704
