0 0.550000 0.267593 0.027083 0.061111
0 0.550521 0.663426 0.033333 0.047222
0 0.364323 0.206481 0.026562 0.068519
0 0.624740 0.488889 0.032813 0.044444
0 0.706250 0.573611 0.022917 0.065741
0 0.478125 0.500926 0.023958 0.061111
0 0.458073 0.432407 0.029687 0.057407
0 0.475260 0.262500 0.020313 0.063889
0 0.601823 0.314352 0.020313 0.065741
0 0.432292 0.396759 0.019792 0.067593
0 0.423958 0.505556 0.035417 0.050000
0 0.690625 0.533796 0.034375 0.050926
0 0.532031 0.568981 0.034896 0.050926
0 0.339844 0.453704 0.027604 0.062963
0 0.635417 0.690741 0.035417 0.044444
0 0.407292 0.564352 0.034375 0.047222
0 0.526042 0.626389 0.020833 0.069444
0 0.191927 0.325926 0.024479 0.070370
0 0.518490 0.738889 0.035937 0.042593
0 0.682292 0.664815 0.020833 0.062963
0 0.288802 0.153241 0.028646 0.060185
0 0.255729 0.162500 0.028125 0.063889
0 0.723437 0.673148 0.026042 0.050000
0 0.441406 0.314352 0.034896 0.043519
0 0.280729 0.441204 0.031250 0.065741
0 0.104688 0.364815 0.027083 0.074074
0 0.755469 0.237500 0.024479 0.069444
0 0.307552 0.457407 0.024479 0.064815
0 0.639844 0.318056 0.020313 0.062037
0 0.766406 0.332870 0.020313 0.065741
0 0.575000 0.767130 0.034375 0.052778
0 0.496615 0.231019 0.023438 0.067593
0 0.182552 0.123148 0.023438 0.068519
0 0.672135 0.352778 0.034896 0.035185
0 0.713021 0.128241 0.018750 0.069444
0 0.498437 0.353241 0.025000 0.056481
0 0.783333 0.411111 0.023958 0.068519
0 0.673438 0.502315 0.035417 0.036111
0 0.789062 0.610185 0.021875 0.061111
0 0.461198 0.363426 0.034896 0.060185
0 0.164583 0.356944 0.034375 0.063889
0 0.574479 0.699074 0.018750 0.064815
0 0.704427 0.233796 0.023438 0.067593
0 0.547656 0.369444 0.018229 0.066667
0 0.617448 0.571296 0.021354 0.062963
0 0.097656 0.423148 0.034896 0.066667
0 0.440365 0.192593 0.031771 0.057407
0 0.360938 0.554630 0.028125 0.064815
0 0.739062 0.406944 0.030208 0.041667
0 0.276302 0.511574 0.040104 0.037963
0 0.318490 0.562963 0.038021 0.040741
0 0.777604 0.086111 0.021875 0.064815
0 0.930469 0.797685 0.030729 0.062037
0 0.300000 0.358796 0.039583 0.043519
0 0.836458 0.599074 0.023958 0.059259
0 0.372917 0.448611 0.021875 0.067593
0 0.735156 0.494444 0.023438 0.064815
0 0.413281 0.455556 0.029687 0.038889
0 0.884896 0.186574 0.021875 0.065741
0 0.149479 0.117593 0.023958 0.072222
0 0.328646 0.255556 0.038542 0.042593
0 0.541667 0.538426 0.021875 0.065741
0 0.265104 0.309259 0.034375 0.057407
0 0.956771 0.537963 0.034375 0.057407
0 0.931250 0.738426 0.035417 0.050926
0 0.386198 0.131944 0.029687 0.060185
0 0.179427 0.403704 0.035937 0.062963
0 0.677865 0.162500 0.029687 0.063889
0 0.910417 0.662963 0.038542 0.035185
0 0.848958 0.458333 0.020833 0.062963
0 0.770312 0.438426 0.028125 0.063889
0 0.515365 0.058333 0.022396 0.070370
0 0.395573 0.776852 0.032813 0.053704
0 0.389062 0.212963 0.033333 0.061111
0 0.204167 0.452315 0.031250 0.063889
0 0.373437 0.829630 0.033333 0.046296
0 0.760417 0.671759 0.036458 0.052778
0 0.459115 0.760648 0.026562 0.065741
0 0.815625 0.546759 0.029167 0.050926
0 0.551042 0.130093 0.036458 0.045370
0 0.761979 0.523148 0.027083 0.048148
0 0.277865 0.253241 0.038021 0.043519
0 0.248438 0.393981 0.025000 0.067593
0 0.460938 0.634722 0.018750 0.067593
0 0.814583 0.660185 0.020833 0.061111
0 0.115104 0.569444 0.044792 0.055556
0 0.223177 0.106481 0.021354 0.072222
0 0.884115 0.694907 0.038021 0.050926
0 0.885417 0.511574 0.027083 0.056481
0 0.817448 0.584722 0.025521 0.050926
0 0.212760 0.386574 0.032813 0.062037
0 0.848177 0.381019 0.020313 0.062037
0 0.051042 0.637500 0.029167 0.067593
0 0.563281 0.046759 0.021354 0.063889
0 0.931250 0.387037 0.038542 0.038889
0 0.632552 0.728704 0.030729 0.037037
0 0.028646 0.613889 0.022917 0.072222
0 0.735677 0.352315 0.026562 0.067593
0 0.351042 0.624074 0.020833 0.066667
0 0.441667 0.119444 0.037500 0.042593
0 0.590104 0.150463 0.035417 0.036111
0 0.875781 0.397222 0.026562 0.062963
0 0.266667 0.592593 0.030208 0.066667
0 0.413021 0.664815 0.021875 0.059259
0 0.088021 0.321759 0.025000 0.069444
0 0.030469 0.692130 0.029687 0.067593
0 0.118750 0.218056 0.026042 0.062037
0 0.566146 0.831019 0.029167 0.067593
0 0.363802 0.278704 0.033854 0.033333
0 0.236458 0.412500 0.025000 0.065741
0 0.945052 0.481019 0.029687 0.065741
0 0.163542 0.062963 0.032292 0.050000
0 0.399740 0.086111 0.039062 0.042593
0 0.663281 0.704630 0.019271 0.055556
0 0.485938 0.592130 0.039583 0.045370
0 0.248177 0.874537 0.034896 0.052778
0 0.488281 0.725926 0.023438 0.068519
0 0.338021 0.053241 0.025000 0.067593
0 0.733073 0.273148 0.027604 0.068519
0 0.191406 0.240278 0.036979 0.041667
0 0.373698 0.873611 0.024479 0.067593
0 0.255990 0.737037 0.021354 0.066667
0 0.305990 0.829630 0.034896 0.057407
0 0.734635 0.046296 0.027604 0.066667
0 0.406250 0.853241 0.027083 0.065741
0 0.888281 0.818519 0.038021 0.037037
0 0.613021 0.118056 0.037500 0.039815
0 0.384375 0.029630 0.032292 0.050000
0 0.089844 0.617130 0.035937 0.052778
0 0.127604 0.305556 0.026042 0.070370
0 0.848698 0.325000 0.035937 0.044444
0 0.331250 0.335648 0.040625 0.036111
0 0.461719 0.819444 0.034896 0.040741
0 0.929427 0.254167 0.022396 0.056481
0 0.224219 0.659722 0.039062 0.037963
0 0.863542 0.529167 0.020833 0.067593
0 0.373958 0.748611 0.038542 0.054630
0 0.518750 0.505556 0.020833 0.053704
0 0.806250 0.051389 0.032292 0.047222
0 0.835156 0.206481 0.039062 0.044444
0 0.429948 0.033333 0.029687 0.061111
0 0.121354 0.476852 0.031250 0.062963
0 0.089583 0.515741 0.048958 0.046296
0 0.284375 0.864352 0.037500 0.060185
0 0.057031 0.690278 0.025521 0.065741
0 0.050521 0.542593 0.026042 0.070370
0 0.703646 0.031944 0.026042 0.060185
0 0.837760 0.255556 0.036979 0.050000
0 0.873437 0.316667 0.020833 0.064815
0 0.844271 0.525000 0.019792 0.062963
0 0.856250 0.669444 0.022917 0.066667
0 0.662240 0.407870 0.026562 0.041667
0 0.074740 0.460185 0.026562 0.066667
0 0.908073 0.300000 0.036979 0.050000
0 0.390104 0.901389 0.032292 0.054630
0 0.322396 0.148611 0.041667 0.037963
0 0.106510 0.245370 0.030729 0.061111
0 0.234896 0.330093 0.022917 0.071296
0 0.235677 0.277315 0.027604 0.050926
0 0.294010 0.593519 0.043229 0.037037
0 0.179688 0.792593 0.043750 0.048148
0 0.228646 0.489352 0.038542 0.039815
0 0.866406 0.043056 0.025521 0.052778
0 0.156771 0.475000 0.039583 0.051852
0 0.803385 0.262500 0.041146 0.049074
0 0.134896 0.169444 0.036458 0.057407
0 0.761458 0.027315 0.031250 0.047222
0 0.831771 0.694907 0.021875 0.056481
0 0.145833 0.420370 0.029167 0.062963
0 0.748177 0.157407 0.039062 0.038889
0 0.594271 0.826389 0.019792 0.069444
0 0.127083 0.719907 0.038542 0.062037
0 0.147135 0.206019 0.039062 0.049074
0 0.027604 0.503704 0.041667 0.055556
0 0.874740 0.258333 0.025521 0.061111
0 0.771615 0.640741 0.034896 0.033333
0 0.158073 0.557870 0.026562 0.065741
0 0.110677 0.761574 0.030729 0.063889
0 0.836458 0.864352 0.034375 0.060185
0 0.676562 0.025463 0.034375 0.036111
0 0.434896 0.677315 0.041667 0.039815
0 0.912760 0.201852 0.029687 0.055556
0 0.208333 0.121296 0.020833 0.068519
0 0.109375 0.044907 0.025000 0.069444
0 0.295312 0.088426 0.041667 0.041667
0 0.061979 0.152315 0.037500 0.060185
0 0.206510 0.595370 0.025521 0.075926
0 0.836719 0.104630 0.036979 0.033333
0 0.611198 0.838889 0.022396 0.068519
0 0.308333 0.178241 0.026042 0.045370
0 0.192188 0.037500 0.026042 0.063889
0 0.935677 0.320370 0.026562 0.059259
0 0.922135 0.706019 0.023438 0.041667
0 0.139583 0.853704 0.034375 0.061111
0 0.600260 0.574537 0.022396 0.056481
0 0.750781 0.805093 0.021354 0.067593
0 0.293490 0.708333 0.032813 0.070370
0 0.981771 0.070370 0.035417 0.035185
0 0.270573 0.107870 0.032813 0.041667
0 0.117969 0.650926 0.039062 0.068519
0 0.927604 0.030556 0.038542 0.035185
0 0.134635 0.519444 0.036979 0.064815
0 0.145833 0.254167 0.038542 0.067593
0 0.173437 0.742593 0.041667 0.044444
0 0.047917 0.096296 0.043750 0.037037
0 0.082292 0.690741 0.028125 0.068519
0 0.190885 0.719907 0.031771 0.071296
0 0.455729 0.865278 0.021875 0.063889
0 0.902604 0.136111 0.021875 0.055556
0 0.076042 0.199537 0.041667 0.056481
0 0.914583 0.091667 0.025000 0.038889
0 0.246354 0.025463 0.036458 0.047222
0 0.017969 0.442130 0.034896 0.049074
0 0.204687 0.530556 0.041667 0.062963
0 0.480208 0.898611 0.034375 0.045370
0 0.176302 0.536574 0.025521 0.065741
0 0.935417 0.134722 0.037500 0.047222
0 0.014844 0.535648 0.028646 0.047222
0 0.159375 0.019444 0.041667 0.037037
0 0.006771 0.585648 0.012500 0.067593
0 0.769271 0.581019 0.027083 0.026852
0 0.797656 0.842593 0.036979 0.055556
0 0.583854 0.021296 0.019792 0.040741
0 0.332292 0.916204 0.040625 0.058333
0 0.153125 0.900000 0.045833 0.046296
0 0.020573 0.357870 0.039062 0.047222
0 0.205208 0.059259 0.045833 0.048148
0 0.989323 0.237037 0.019271 0.040741
0 0.982031 0.852778 0.034896 0.048148
0 0.851302 0.015278 0.013021 0.028704
0 0.438542 0.760185 0.023958 0.027778
0 0.993490 0.775926 0.011979 0.031481
0 0.260417 0.933796 0.031250 0.047222
0 0.745313 0.918056 0.036458 0.039815
0 0.017708 0.857870 0.034375 0.043519
0 0.070833 0.016667 0.038542 0.031481
0 0.960156 0.122685 0.023438 0.049074
0 0.065365 0.869444 0.039062 0.057407
0 0.978385 0.136574 0.030729 0.071296
0 0.100000 0.920833 0.022917 0.071296
0 0.929427 0.180093 0.024479 0.049074
0 0.527604 0.949074 0.029167 0.066667
0 0.052344 0.975000 0.024479 0.046296
0 0.506771 0.975926 0.040625 0.048148
0 0.352604 0.938889 0.023958 0.062963
0 0.626302 0.950926 0.033854 0.048148
0 0.011458 0.236574 0.021875 0.039815
0 0.303906 0.982870 0.034896 0.034259
0 0.592969 0.978704 0.024479 0.024074
0 0.012760 0.974537 0.024479 0.026852
0 0.214583 0.325926 0.020833 0.062963
0 0.267969 0.405556 0.021354 0.064815
0 0.225260 0.978704 0.051562 0.040741
0 0.546615 0.983333 0.026562 0.031481
0 0.480469 0.979630 0.028646 0.029630
0 0.437240 0.553704 0.034896 0.044444
0 0.455208 0.543056 0.019792 0.052778
0 0.447396 0.597685 0.025000 0.045370
0 0.464062 0.580093 0.018750 0.026852
0 0.465365 0.460185 0.016146 0.038889
0 0.407552 0.040278 0.015104 0.034259
0 0.402083 0.167593 0.038542 0.031481
0 0.457031 0.189352 0.026562 0.054630
0 0.496875 0.101852 0.026042 0.053704
0 0.526042 0.144907 0.020833 0.065741
0 0.517188 0.205093 0.022917 0.056481
0 0.544010 0.194444 0.028646 0.053704
0 0.561458 0.101389 0.021875 0.039815
0 0.625260 0.190741 0.028646 0.046296
0 0.584635 0.199074 0.016146 0.064815
0 0.583333 0.258333 0.031250 0.055556
0 0.656250 0.215741 0.023958 0.061111
0 0.671094 0.240278 0.029687 0.052778
0 0.658854 0.444907 0.032292 0.045370
0 0.670573 0.297685 0.022396 0.054630
0 0.880729 0.975926 0.029167 0.020370
0 0.993490 0.775926 0.011979 0.031481
0 0.601302 0.015741 0.013021 0.029630
0 0.567708 0.007407 0.014583 0.012963
0 0.501302 0.533796 0.019271 0.062037
0 0.895052 0.240278 0.027604 0.043519
0 0.992448 0.121296 0.015104 0.035185
0 0.477604 0.691667 0.019792 0.037037
0 0.241146 0.588426 0.016667 0.032407
0 0.013542 0.899074 0.026042 0.035185
0 0.006250 0.926852 0.011458 0.027778
0 0.743750 0.125926 0.026042 0.031481
0 0.276562 0.615278 0.015625 0.030556
