0 0.633073 0.491667 0.033854 0.040741
0 0.497917 0.573611 0.028125 0.052778
0 0.540625 0.636111 0.030208 0.050000
0 0.475000 0.283796 0.028125 0.060185
0 0.747656 0.693056 0.031771 0.049074
0 0.349219 0.272685 0.021354 0.062037
0 0.419271 0.237963 0.021875 0.068519
0 0.655469 0.748611 0.032813 0.047222
0 0.166927 0.549537 0.039062 0.043519
0 0.363802 0.595370 0.029687 0.055556
0 0.382812 0.450926 0.028125 0.053704
0 0.567187 0.142130 0.028125 0.058333
0 0.529427 0.251389 0.019271 0.063889
0 0.561198 0.543519 0.033854 0.038889
0 0.497917 0.633333 0.019792 0.062963
0 0.885938 0.802315 0.027083 0.056481
0 0.378125 0.342593 0.021875 0.061111
0 0.856771 0.511111 0.028125 0.051852
0 0.604427 0.540741 0.031771 0.055556
0 0.328125 0.116204 0.029167 0.060185
0 0.514062 0.170370 0.022917 0.066667
0 0.147656 0.426852 0.033854 0.059259
0 0.694010 0.463426 0.034896 0.041667
0 0.165625 0.472222 0.037500 0.053704
0 0.430729 0.660648 0.027083 0.060185
0 0.403906 0.352315 0.031771 0.056481
0 0.417969 0.446296 0.033854 0.050000
0 0.599740 0.430093 0.022396 0.060185
0 0.451823 0.703704 0.023438 0.062963
0 0.595313 0.174074 0.021875 0.066667
0 0.075000 0.444444 0.035417 0.050000
0 0.520573 0.753704 0.028646 0.057407
0 0.437760 0.338889 0.034896 0.048148
0 0.528646 0.122685 0.027083 0.069444
0 0.721094 0.485648 0.034896 0.047222
0 0.624479 0.422222 0.023958 0.055556
0 0.662240 0.218981 0.031771 0.047222
0 0.655990 0.170833 0.022396 0.063889
0 0.170052 0.754167 0.039062 0.041667
0 0.783594 0.439815 0.032813 0.051852
0 0.518229 0.436574 0.021875 0.062037
0 0.605208 0.078704 0.021875 0.070370
0 0.406250 0.532407 0.017708 0.064815
0 0.964844 0.430556 0.028646 0.057407
0 0.661719 0.405556 0.025521 0.066667
0 0.619792 0.595833 0.020833 0.065741
0 0.129167 0.392130 0.023958 0.065741
0 0.940104 0.388426 0.026042 0.058333
0 0.717969 0.862500 0.029687 0.050926
0 0.199740 0.772222 0.039062 0.051852
0 0.911458 0.737037 0.023958 0.064815
0 0.190365 0.439815 0.040104 0.042593
0 0.817448 0.880556 0.020313 0.061111
0 0.420052 0.777315 0.039062 0.043519
0 0.823438 0.664815 0.032292 0.057407
0 0.406250 0.685185 0.030208 0.059259
0 0.754167 0.602315 0.030208 0.052778
0 0.475000 0.558796 0.018750 0.065741
0 0.138542 0.528704 0.023958 0.070370
0 0.639844 0.366667 0.034896 0.038889
0 0.682813 0.341204 0.025000 0.056481
0 0.191927 0.109259 0.030729 0.059259
0 0.301823 0.514815 0.032813 0.048148
0 0.185938 0.586574 0.041667 0.045370
0 0.689063 0.707870 0.035417 0.034259
0 0.270833 0.402315 0.037500 0.039815
0 0.403385 0.261111 0.019271 0.066667
0 0.719010 0.066204 0.023438 0.058333
0 0.911719 0.610648 0.022396 0.067593
0 0.943229 0.825463 0.021875 0.063889
0 0.270313 0.615278 0.019792 0.062037
0 0.615104 0.256481 0.035417 0.046296
0 0.067969 0.315741 0.029687 0.062963
0 0.577865 0.452315 0.022396 0.056481
0 0.591667 0.700926 0.035417 0.040741
0 0.938802 0.529630 0.021354 0.072222
0 0.639583 0.823148 0.028125 0.057407
0 0.259375 0.221759 0.025000 0.069444
0 0.857812 0.405093 0.022917 0.060185
0 0.905469 0.404167 0.032813 0.054630
0 0.721354 0.550926 0.027083 0.059259
0 0.379167 0.179167 0.022917 0.065741
0 0.254688 0.650926 0.017708 0.066667
0 0.312240 0.553241 0.031771 0.036111
0 0.127604 0.332407 0.022917 0.068519
0 0.854167 0.874537 0.033333 0.043519
0 0.530729 0.381481 0.036458 0.037037
0 0.458333 0.195833 0.039583 0.039815
0 0.432552 0.117593 0.028646 0.061111
0 0.449219 0.600000 0.033854 0.037037
0 0.820573 0.431019 0.035937 0.047222
0 0.284635 0.123148 0.030729 0.048148
0 0.425260 0.381019 0.036979 0.041667
0 0.341406 0.556944 0.020313 0.056481
0 0.771615 0.824537 0.018229 0.062037
0 0.479948 0.687037 0.018229 0.064815
0 0.236458 0.700926 0.034375 0.055556
0 0.878646 0.418981 0.021875 0.063889
0 0.435156 0.033333 0.032813 0.061111
0 0.102604 0.746296 0.041667 0.044444
0 0.409115 0.400463 0.036979 0.039815
0 0.322656 0.511574 0.021354 0.067593
0 0.674479 0.636574 0.033333 0.043519
0 0.752344 0.767130 0.019271 0.062037
0 0.733594 0.256019 0.029687 0.060185
0 0.254167 0.490278 0.039583 0.037963
0 0.798177 0.656481 0.024479 0.064815
0 0.048177 0.383796 0.028646 0.067593
0 0.701823 0.537500 0.035937 0.049074
0 0.457031 0.070370 0.035937 0.055556
0 0.313802 0.373148 0.039062 0.040741
0 0.447135 0.531944 0.036979 0.036111
0 0.742969 0.179167 0.035937 0.037963
0 0.800000 0.473148 0.032292 0.055556
0 0.740104 0.557407 0.026042 0.061111
0 0.408594 0.129167 0.023438 0.071296
0 0.691146 0.654630 0.035417 0.042593
0 0.255990 0.444444 0.036979 0.035185
0 0.704427 0.269444 0.026562 0.061111
0 0.460677 0.505556 0.035937 0.035185
0 0.365104 0.765741 0.019792 0.068519
0 0.944010 0.719444 0.023438 0.061111
0 0.357031 0.202315 0.022396 0.056481
0 0.391927 0.858796 0.033854 0.060185
0 0.309115 0.217130 0.021354 0.063889
0 0.884115 0.719907 0.025521 0.067593
0 0.375000 0.116204 0.033333 0.054630
0 0.477604 0.100000 0.034375 0.040741
0 0.761458 0.353241 0.040625 0.037963
0 0.364844 0.651389 0.026562 0.049074
0 0.551042 0.430093 0.019792 0.065741
0 0.865104 0.217130 0.027083 0.062037
0 0.720052 0.663889 0.031771 0.035185
0 0.833854 0.718056 0.022917 0.065741
0 0.067187 0.500926 0.035417 0.051852
0 0.623698 0.087037 0.017188 0.064815
0 0.260937 0.172222 0.039583 0.044444
0 0.703385 0.148611 0.038021 0.037963
0 0.560417 0.205556 0.030208 0.055556
0 0.875781 0.300926 0.022396 0.061111
0 0.394792 0.075926 0.026042 0.061111
0 0.770573 0.024537 0.026562 0.047222
0 0.870313 0.144907 0.025000 0.050926
0 0.189844 0.827315 0.039062 0.047222
0 0.835156 0.374537 0.021354 0.058333
0 0.591927 0.676389 0.036979 0.037963
0 0.097656 0.394907 0.040104 0.041667
0 0.169792 0.269444 0.023958 0.072222
0 0.515365 0.072685 0.038021 0.039815
0 0.347396 0.110648 0.034375 0.058333
0 0.929427 0.266204 0.032813 0.058333
0 0.217448 0.863889 0.034896 0.053704
0 0.982552 0.355093 0.032813 0.049074
0 0.879948 0.617130 0.028646 0.067593
0 0.986458 0.693981 0.026042 0.045370
0 0.250521 0.362037 0.039583 0.035185
0 0.974219 0.302315 0.034896 0.060185
0 0.213021 0.718519 0.037500 0.051852
0 0.776563 0.227778 0.035417 0.050000
0 0.350260 0.737037 0.021354 0.074074
0 0.684635 0.295370 0.028646 0.033333
0 0.913281 0.144907 0.032813 0.049074
0 0.919271 0.890278 0.037500 0.043519
0 0.857552 0.337963 0.036979 0.040741
0 0.911458 0.200463 0.029167 0.062037
0 0.948438 0.923148 0.030208 0.046296
0 0.853385 0.267130 0.036979 0.041667
0 0.823177 0.243519 0.035937 0.050000
0 0.339583 0.233796 0.034375 0.049074
0 0.313281 0.742130 0.033854 0.034259
0 0.746354 0.455093 0.020833 0.050926
0 0.404427 0.588889 0.039062 0.037037
0 0.789844 0.129630 0.038021 0.038889
0 0.062760 0.243056 0.029687 0.062037
0 0.069010 0.685185 0.031771 0.055556
0 0.901042 0.355093 0.022917 0.062037
0 0.315625 0.188426 0.030208 0.062037
0 0.155208 0.686574 0.038542 0.045370
0 0.987760 0.736111 0.024479 0.050000
0 0.085677 0.512037 0.034896 0.061111
0 0.839583 0.087037 0.038542 0.035185
0 0.147656 0.122222 0.039062 0.050000
0 0.670052 0.106944 0.025521 0.052778
0 0.835156 0.053704 0.036979 0.031481
0 0.047656 0.854167 0.041146 0.041667
0 0.520312 0.025463 0.020833 0.049074
0 0.791667 0.092593 0.039583 0.033333
0 0.736979 0.029167 0.025000 0.050926
0 0.172135 0.073148 0.039062 0.035185
0 0.207292 0.053704 0.025000 0.066667
0 0.702865 0.901389 0.039062 0.034259
0 0.789062 0.050463 0.038542 0.032407
0 0.234375 0.826852 0.034375 0.044444
0 0.986979 0.587500 0.025000 0.056481
0 0.957292 0.238889 0.036458 0.046296
0 0.540625 0.858333 0.022917 0.059259
0 0.487240 0.901389 0.021354 0.063889
0 0.478906 0.414352 0.026562 0.047222
0 0.888802 0.018981 0.026562 0.036111
0 0.963021 0.860648 0.026042 0.050926
0 0.847396 0.747685 0.030208 0.032407
0 0.078385 0.625000 0.022396 0.070370
0 0.630208 0.871296 0.031250 0.038889
0 0.019271 0.801389 0.027083 0.065741
0 0.559896 0.860648 0.016667 0.050926
0 0.655469 0.901389 0.021354 0.065741
0 0.104427 0.129630 0.030729 0.062963
0 0.847656 0.018981 0.035937 0.032407
0 0.711198 0.948148 0.025521 0.055556
0 0.190104 0.909259 0.036458 0.053704
0 0.164323 0.022685 0.041146 0.034259
0 0.062240 0.175463 0.036979 0.063889
0 0.226302 0.462963 0.024479 0.033333
0 0.461198 0.020833 0.024479 0.039815
0 0.395573 0.927315 0.028646 0.067593
0 0.872656 0.937037 0.041146 0.040741
0 0.578906 0.725000 0.028646 0.035185
0 0.743490 0.958796 0.031771 0.050926
0 0.984375 0.896296 0.028125 0.042593
0 0.884896 0.956481 0.027083 0.055556
0 0.250781 0.526389 0.022396 0.043519
0 0.452344 0.890278 0.035937 0.039815
0 0.374740 0.955556 0.041146 0.033333
0 0.014063 0.854630 0.027083 0.046296
0 0.988542 0.178704 0.021875 0.051852
0 0.018750 0.914352 0.029167 0.065741
0 0.979688 0.244444 0.027083 0.042593
0 0.010417 0.444444 0.019792 0.035185
0 0.979167 0.039352 0.029167 0.065741
0 0.085677 0.858333 0.024479 0.064815
0 0.447135 0.947685 0.028646 0.071296
0 0.628125 0.943056 0.031250 0.056481
0 0.344271 0.443056 0.015625 0.039815
0 0.385156 0.553241 0.016146 0.041667
0 0.678125 0.949074 0.033333 0.033333
0 0.178385 0.323148 0.029687 0.042593
0 0.032552 0.249537 0.024479 0.050926
0 0.852344 0.975000 0.036979 0.029630
0 0.789583 0.970370 0.028125 0.050000
0 0.632031 0.976852 0.017188 0.038889
0 0.318229 0.969907 0.032292 0.021296
0 0.015104 0.978704 0.028125 0.035185
0 0.994531 0.937037 0.010937 0.035185
0 0.280208 0.960648 0.037500 0.063889
0 0.418750 0.958796 0.030208 0.015741
0 0.039583 0.207407 0.021875 0.038889
0 0.600000 0.642593 0.029167 0.038889
0 0.590625 0.614352 0.029167 0.049074
0 0.005469 0.640741 0.009896 0.033333
0 0.387500 0.225000 0.032292 0.075926
0 0.417708 0.302315 0.036458 0.039815
0 0.451562 0.275463 0.023958 0.065741
0 0.540104 0.201389 0.017708 0.037963
0 0.552344 0.236111 0.024479 0.029630
0 0.641927 0.119907 0.020313 0.065741
0 0.639062 0.312037 0.036458 0.042593
0 0.630729 0.283333 0.044792 0.046296
0 0.642969 0.416667 0.019271 0.072222
0 0.760156 0.011574 0.015104 0.021296
0 0.799219 0.011111 0.015104 0.020370
0 0.886979 0.204167 0.022917 0.034259
0 0.898958 0.295833 0.023958 0.058333
0 0.917708 0.328704 0.030208 0.062963
0 0.986979 0.306944 0.025000 0.041667
0 0.778906 0.630093 0.023438 0.075000
0 0.816927 0.603704 0.035937 0.037037
0 0.851042 0.601389 0.023958 0.071296
0 0.783073 0.542593 0.034896 0.059259
0 0.819531 0.519444 0.040104 0.038889
0 0.821615 0.557407 0.034896 0.044444
