0 0.3774427083333334 0.6328148148148148 0.030916666666666613 0.059953703703703703
0 0.4008802083333334 0.3621944444444445 0.028062500000000056 0.059842592592592586
0 0.3923333333333333 0.2981759259259259 0.030380208333333294 0.055990740740740765
0 0.2573229166666667 0.37999074074074074 0.024703124999999975 0.06320370370370369
0 0.154296875 0.6679722222222222 0.031614583333333356 0.058592592592592564
0 0.3010260416666667 0.6245648148148147 0.023239583333333275 0.0614166666666666
0 0.19616666666666666 0.5646666666666667 0.02319270833333332 0.06390740740740739
0 0.3549791666666666 0.14105555555555555 0.028380208333333337 0.059138888888888894
0 0.12780729166666666 0.7170185185185185 0.03038020833333334 0.05433333333333339
0 0.6064479166666668 0.6197962962962963 0.032468750000000074 0.05056481481481472
0 0.387453125 0.20833333333333334 0.020567708333333337 0.06825
0 0.4301770833333334 0.6063333333333334 0.030104166666666644 0.057074074074074166
0 0.19238541666666667 0.5039074074074075 0.022843750000000006 0.06927777777777772
0 0.3376458333333333 0.39149074074074075 0.021333333333333353 0.06900925925925923
0 0.6088854166666666 0.6770833333333334 0.033083333333333326 0.0551481481481481
0 0.16247395833333333 0.5759537037037037 0.02645833333333331 0.053712962962962955
0 0.4438489583333334 0.4839444444444444 0.031203125000000043 0.05400925925925924
0 0.24926562499999996 0.4774351851851852 0.035401041666666654 0.05351851851851848
0 0.29004166666666664 0.46267592592592593 0.01843229166666672 0.0640185185185185
0 0.3962395833333333 0.5698796296296297 0.031796874999999974 0.055037037037037086
0 0.457765625 0.5868055555555556 0.030624999999999975 0.05576851851851854
0 0.2307135416666667 0.41797222222222224 0.022031249999999978 0.06662037037037041
0 0.3049322916666667 0.3713148148148148 0.030333333333333337 0.0629351851851852
0 0.3767083333333333 0.4299074074074074 0.022291666666666644 0.06700000000000002
0 0.14929166666666666 0.2847222222222222 0.02442708333333332 0.06900925925925923
0 0.2580572916666667 0.5802962962962963 0.036989583333333326 0.05422222222222217
0 0.4626458333333333 0.7122407407407407 0.03616145833333337 0.04519444444444439
0 0.251953125 0.08864814814814813 0.02006770833333332 0.06613888888888889
0 0.3337395833333333 0.5486111111111112 0.037046875000000055 0.036481481481481566
0 0.6787135416666668 0.4926203703703703 0.03033333333333322 0.04730555555555553
0 0.2983385416666666 0.20117592592592592 0.029921875000000025 0.06087037037037038
0 0.2712395833333333 0.08430555555555555 0.02461458333333333 0.0652685185185185
0 0.464109375 0.6427962962962963 0.031369791666666674 0.05496296296296287
0 0.1657708333333333 0.4722222222222222 0.02461458333333333 0.06749074074074078
0 0.147828125 0.8333333333333334 0.03506250000000001 0.048398148148148135
0 0.17090104166666667 0.3645833333333333 0.020645833333333325 0.0625
0 0.7309583333333334 0.3220462962962963 0.029541666666666563 0.05783333333333337
0 0.4536145833333334 0.3298611111111111 0.030671875000000053 0.055259259259259216
0 0.278078125 0.13031481481481483 0.021776041666666638 0.06597222222222222
0 0.1481927083333333 0.11860185185185186 0.026151041666666687 0.07551851851851853
0 0.685546875 0.24609259259259256 0.029249999999999925 0.0602777777777778
0 0.6625989583333334 0.21842592592592594 0.020291666666666687 0.06824999999999998
0 0.5068385416666666 0.6571203703703704 0.023770833333333387 0.061685185185185086
0 0.13818229166666668 0.5833333333333334 0.023557291666666678 0.0642870370370371
0 0.3005364583333333 0.8446203703703704 0.03253125000000002 0.047120370370370465
0 0.4104010416666667 0.5086851851851851 0.027223958333333322 0.06624074074074071
0 0.4533697916666667 0.04275 0.022536458333333325 0.06380555555555555
0 0.5346666666666666 0.5507777777777778 0.03454687499999996 0.04123148148148146
0 0.112609375 0.8085925925925925 0.03656249999999999 0.05587962962962954
0 0.37378125 0.5438333333333334 0.03561458333333327 0.047120370370370465
0 0.62890625 0.4531296296296296 0.03506250000000009 0.05750925925925922
0 0.18640104166666666 0.11555555555555555 0.02418750000000003 0.07139814814814814
0 0.2907708333333333 0.08105555555555556 0.021484375 0.06179629629629628
0 0.19177083333333333 0.41514814814814816 0.04009895833333334 0.037759259259259235
0 0.106875 0.3363703703703703 0.03854166666666667 0.05351851851851848
0 0.19286979166666668 0.6892407407407407 0.03738541666666665 0.04147222222222219
0 0.40918229166666664 0.1991111111111111 0.019088541666666715 0.07047222222222224
0 0.515625 0.31271296296296297 0.03295833333333332 0.053416666666666716
0 0.3676770833333334 0.06168518518518519 0.033140625000000055 0.053009259259259256
0 0.3630364583333333 0.28971296296296295 0.033083333333333326 0.04801851851851853
0 0.3203125 0.05007407407407407 0.02833333333333338 0.06369444444444444
0 0.8452135416666666 0.31228703703703703 0.02706770833333323 0.06087037037037038
0 0.082703125 0.31857407407407407 0.03817708333333334 0.05631481481481486
0 0.12042187499999998 0.29774074074074075 0.03561458333333332 0.04847222222222224
0 0.818359375 0.49522222222222223 0.03283854166666676 0.05229629629629631
0 0.10357812500000001 0.39410185185185187 0.02241666666666668 0.06646296296296293
0 0.5185572916666666 0.04475925925925926 0.027437500000000035 0.06130555555555554
0 0.5712916666666668 0.3235648148148148 0.03259374999999996 0.06060185185185189
0 0.248046875 0.7981759259259259 0.032411458333333344 0.059953703703703703
0 0.104125 0.46614814814814814 0.033322916666666674 0.06722222222222224
0 0.2595208333333333 0.6441018518518519 0.021651041666666662 0.06320370370370369
0 0.47265625 0.04047222222222223 0.021776041666666638 0.06342592592592593
0 0.25488541666666664 0.14778703703703705 0.031369791666666674 0.041555555555555554
0 0.404296875 0.6232685185185185 0.035947916666666656 0.043351851851851794
0 0.215578125 0.8845462962962962 0.03295833333333332 0.0572962962962964
0 0.2678229166666667 0.707462962962963 0.035276041666666674 0.05007407407407401
0 0.1380625 0.5186666666666666 0.02954166666666668 0.055037037037037086
0 0.2229010416666667 0.061796296296296294 0.025802083333333316 0.054009259259259264
0 0.5297864583333334 0.619361111111111 0.019911458333333344 0.06836111111111104
0 0.428953125 0.1383425925925926 0.03622395833333331 0.052407407407407416
0 0.22815104166666667 0.2829907407407407 0.029921875000000025 0.06309259259259258
0 0.603515625 0.42230555555555555 0.025223958333333248 0.045351851851851865
0 0.3264166666666667 0.7317685185185184 0.01864583333333331 0.0651018518518518
0 0.3923333333333333 0.05289814814814815 0.02833333333333338 0.05696296296296296
0 0.3374010416666666 0.5013055555555556 0.019682291666666647 0.06760185185185184
0 0.43359375 0.21875 0.03396354166666669 0.040611111111111126
0 0.3354479166666666 0.8515648148148148 0.026307291666666663 0.06813888888888882
0 0.29004166666666664 0.14941666666666667 0.02052083333333338 0.06293518518518519
0 0.13097916666666667 0.2486944444444444 0.02386458333333333 0.06862962962962964
0 0.2719739583333334 0.8125 0.024338541666666675 0.06982407407407415
0 0.3186041666666667 0.8854166666666666 0.021406249999999953 0.06965740740740742
0 0.5224635416666668 0.42512962962962964 0.03204166666666672 0.048666666666666615
0 0.6704114583333334 0.07286111111111111 0.019791666666666666 0.07194444444444444
0 0.404296875 0.775175925925926 0.022536458333333325 0.06342592592592593
0 0.5751979166666668 0.1880462962962963 0.032041666666666656 0.05422222222222223
0 0.20263541666666668 0.3726111111111111 0.026197916666666644 0.058916666666666666
0 0.7250989583333334 0.755638888888889 0.034364583333333344 0.039092592592592616
0 0.8540052083333334 0.5655370370370371 0.03555208333333345 0.047120370370370465
0 0.6005885416666668 0.57075 0.022536458333333325 0.05289814814814825
0 0.45190625 0.4414074074074074 0.018875000000000006 0.0683611111111111
0 0.7963854166666666 0.568138888888889 0.03402604166666663 0.055361111111111076
0 0.5043958333333334 0.5789907407407406 0.018984375000000022 0.06646296296296293
0 0.744140625 0.11219444444444444 0.0284427083333334 0.05181481481481482
0 0.8432604166666666 0.3843333333333333 0.028104166666666687 0.06109259259259261
0 0.8657239583333334 0.3474351851851852 0.03125 0.05642592592592598
0 0.09253125 0.5399351851851851 0.021864583333333344 0.06624074074074071
0 0.5244166666666666 0.24935185185185185 0.017713541666666662 0.06646296296296293
0 0.5239270833333334 0.7052962962962963 0.018874999999999944 0.06586111111111122
0 0.8623072916666668 0.6432314814814816 0.03494270833333341 0.04969444444444451
0 0.7475572916666666 0.47309259259259256 0.03726041666666665 0.040611111111111126
0 0.78515625 0.4440092592592592 0.024703124999999916 0.059027777777777776
0 0.09332291666666667 0.0773611111111111 0.035489583333333324 0.054009259259259264
0 0.9565416666666666 0.3958333333333333 0.022031250000000096 0.05729629629629629
0 0.4477552083333334 0.8350740740740741 0.03628645833333337 0.041722222222222174
0 0.03326562499999999 0.34938888888888886 0.03390625 0.058592592592592564
0 0.08880729166666666 0.6176203703703703 0.030854166666666672 0.06537962962962954
0 0.7749010416666666 0.16797222222222222 0.023604166666666752 0.06369444444444447
0 0.9057604166666666 0.43598148148148147 0.023911458333333257 0.06331481481481481
0 0.6635729166666666 0.599388888888889 0.022322916666666734 0.05848148148148156
0 0.634765625 0.40408333333333335 0.03582812499999998 0.035268518518518546
0 0.8798854166666668 0.41232407407407407 0.023468749999999972 0.0614166666666667
0 0.548828125 0.046768518518518515 0.02493229166666661 0.06711111111111112
0 0.9067395833333334 0.6236944444444444 0.020020833333333363 0.06016666666666668
0 0.04321354166666667 0.11018518518518519 0.02551041666666666 0.06510185185185186
0 0.3344739583333334 0.6840277777777778 0.03896874999999997 0.047037037037036995
0 0.24658333333333332 0.8932314814814816 0.030729166666666665 0.05951851851851849
0 0.818359375 0.43186111111111114 0.03390624999999995 0.06087037037037038
0 0.560546875 0.6779537037037038 0.01964062500000002 0.0625
0 0.2709947916666666 0.7482685185185185 0.033906249999999985 0.04408333333333324
0 0.72265625 0.1970462962962963 0.03768750000000007 0.03607407407407406
0 0.14050520833333333 0.16069444444444445 0.020645833333333325 0.06450925925925928
0 0.6538072916666666 0.8016481481481481 0.034421875000000074 0.04093518518518522
0 0.2404791666666667 0.35264814814814816 0.022109375000000025 0.0628240740740741
0 0.2973645833333334 0.8958333333333334 0.02769270833333337 0.055037037037037086
0 0.1604010416666667 0.724824074074074 0.03476041666666667 0.047388888888888946
0 0.03353645833333333 0.24935185185185185 0.02191145833333333 0.058379629629629615
0 0.6821302083333334 0.7052962962962963 0.0401614583333334 0.03719444444444451
0 0.234984375 0.7825555555555556 0.03781250000000001 0.04554629629629635
0 0.06371875 0.5516481481481481 0.036619791666666665 0.05962037037037046
0 0.7016614583333334 0.10297222222222221 0.020692708333333344 0.06825
0 0.5849635416666668 0.1542962962962963 0.03582812499999998 0.04212962962962963
0 0.90625 0.4891481481481481 0.028807291666666637 0.05566666666666662
0 0.5297864583333334 0.46440740740740744 0.037203124999999976 0.03387962962962966
0 0.22472916666666667 0.7044259259259259 0.03927604166666665 0.03629629629629634
0 0.182859375 0.30012962962962964 0.025999999999999978 0.04554629629629635
0 0.3881822916666666 0.8016481481481481 0.020723958333333313 0.057620370370370384
0 0.9829114583333334 0.3878055555555555 0.031203124999999925 0.04980555555555552
0 0.5327135416666666 0.8658888888888888 0.02365104166666665 0.0654814814814815
0 0.1735833333333333 0.042509259259259254 0.035276041666666674 0.03740740740740741
0 0.8134791666666668 0.832462962962963 0.03515625 0.042750000000000066
0 0.26855729166666664 0.8932314814814816 0.02236979166666669 0.06760185185185184
0 0.9692395833333334 0.523 0.03942708333333324 0.061907407407407314
0 0.5688489583333334 0.05555555555555555 0.024656250000000077 0.06597222222222222
0 0.038177083333333334 0.41818518518518516 0.04303125 0.03813888888888894
0 0.12493749999999999 0.41340740740740745 0.040682291666666676 0.05474074074074074
0 0.9140625 0.6883703703703704 0.029921874999999907 0.05064814814814819
0 0.5063489583333334 0.13975925925925925 0.019838541666666622 0.06944444444444445
0 0.117796875 0.5069444444444444 0.031739583333333335 0.05750925925925917
0 0.336671875 0.02287962962962963 0.03185937500000004 0.04391666666666666
0 0.5600572916666666 0.8784722222222222 0.0379635416666666 0.043425925925926014
0 0.8559583333333334 0.19162037037037036 0.027588541666666563 0.06261111111111112
0 0.79296875 0.23589814814814816 0.021453125000000028 0.06119444444444442
0 0.057588541666666666 0.7434907407407407 0.027588541666666674 0.07204629629629625
0 0.037322916666666664 0.6645 0.02701041666666667 0.0651018518518518
0 0.822265625 0.30576851851851855 0.020250000000000056 0.06331481481481481
0 0.6547864583333334 0.3502592592592592 0.031083333333333248 0.04359259259259263
0 0.8935572916666668 0.6801203703703703 0.03488020833333323 0.04969444444444451
0 0.8994166666666668 0.5403611111111112 0.0323489583333334 0.057620370370370384
0 0.9262708333333334 0.043759259259259255 0.027010416666666735 0.05525925925925925
0 0.02140625 0.4648425925925926 0.03548958333333333 0.06109259259259261
0 0.7216822916666668 0.11946296296296298 0.018234375000000115 0.06559259259259258
0 0.8095729166666668 0.058916666666666666 0.02606249999999998 0.06016666666666667
0 0.9741197916666666 0.5716111111111112 0.04247916666666664 0.0489351851851851
0 0.8608385416666666 0.4926203703703703 0.033265624999999945 0.06271296296296298
0 0.06805208333333333 0.8268240740740741 0.029541666666666657 0.06900925925925923
0 0.3784166666666666 0.10839814814814815 0.031984375000000044 0.03900925925925926
0 0.765625 0.24587962962962964 0.023239583333333275 0.06168518518518519
0 0.9282239583333334 0.7565092592592593 0.024046875000000037 0.0642870370370371
0 0.22925 0.7456574074074074 0.04132291666666668 0.039685185185185094
0 0.8115260416666668 0.25195370370370374 0.024140624999999954 0.06168518518518519
0 0.013901041666666667 0.1418148148148148 0.025713541666666666 0.0683611111111111
0 0.6616197916666666 0.14160185185185187 0.03396354166666669 0.05935185185185186
0 0.8227552083333334 0.14442592592592593 0.023729166666666638 0.06597222222222222
0 0.9868177083333334 0.28255555555555556 0.02630729166666678 0.06369444444444441
0 0.063234375 0.6215277777777778 0.03561458333333333 0.05056481481481472
0 0.12511979166666665 0.12564814814814815 0.027265624999999998 0.04676851851851851
0 0.11047395833333334 0.8958333333333334 0.04025520833333334 0.04031481481481478
0 0.8115260416666668 0.8993055555555556 0.03720312499999991 0.04685185185185177
0 0.04467708333333333 0.505638888888889 0.044432291666666665 0.05913888888888879
0 0.875 0.5308148148148147 0.020692708333333344 0.06076851851851862
0 0.83984375 0.21049999999999996 0.024276041666666734 0.06331481481481478
0 0.10302604166666667 0.8546018518518519 0.040526041666666665 0.036351851851851844
0 0.18457291666666667 0.8858518518518519 0.027114583333333307 0.06646296296296293
0 0.9521510416666668 0.050833333333333335 0.02116145833333339 0.05311111111111111
0 0.900390625 0.10335185185185186 0.024385416666666753 0.06016666666666668
0 0.8857447916666668 0.17046296296296296 0.03683333333333323 0.05132407407407408
0 0.23620833333333333 0.6519074074074074 0.03533854166666668 0.04350925925925927
0 0.018723958333333336 0.33137962962962964 0.02810416666666667 0.06152777777777782
0 0.22180208333333334 0.6267407407407407 0.043515624999999974 0.040694444444444484
0 0.7392604166666668 0.24587962962962964 0.03044270833333324 0.06775925925925924
0 0.6586927083333334 0.022351851851851852 0.034421875000000074 0.04218518518518519
0 0.17090104166666667 0.01542592592592593 0.04168749999999998 0.030657407407407408
0 0.716796875 0.03947222222222223 0.0343020833333334 0.054333333333333324
0 0.19299479166666667 0.33528703703703705 0.04595833333333334 0.04242592592592597
0 0.3217760416666666 0.43315740740740744 0.021286458333333275 0.04720370370370372
0 0.8642604166666668 0.040231481481481486 0.028276041666666647 0.03985185185185185
0 0.87890625 0.09477777777777778 0.02215624999999998 0.06787037037037036
0 0.016588541666666668 0.06488888888888888 0.023375000000000003 0.062333333333333324
0 0.5307604166666666 0.9427129629629629 0.021088541666666613 0.061685185185185294
0 0.50390625 0.9331574074074074 0.02236979166666669 0.0621203703703704
0 0.9213854166666666 0.1014537037037037 0.023192708333333437 0.06130555555555554
0 0.220703125 0.3687037037037037 0.02461458333333333 0.05815740740740746
0 0.9360364583333334 0.2597685185185185 0.024994791666666554 0.05496296296296298
0 0.9140625 0.8854166666666666 0.044859375000000055 0.039685185185185094
0 0.7954114583333334 0.7460925925925925 0.02780208333333339 0.030898148148148046
0 0.311765625 0.9375 0.033203125 0.04408333333333335
0 0.052125 0.8194444444444444 0.025177083333333336 0.07101851851851856
0 0.485109375 0.956601851851852 0.024385416666666635 0.06005555555555557
0 0.04858333333333333 0.05371296296296297 0.04077083333333334 0.05251851851851853
0 0.94921875 0.16102777777777777 0.038328125000000074 0.056962962962962944
0 0.1306145833333333 0.022009259259259263 0.023958333333333318 0.04367592592592593
0 0.9947916666666666 0.0875 0.010416666666666666 0.06574074074074074
0 0.06683333333333333 0.8758703703703704 0.030854166666666672 0.04350925925925927
0 0.5590833333333334 0.4921851851851851 0.028869791666666582 0.07248148148148145
0 0.6225572916666666 0.2599814814814815 0.021088541666666554 0.048398148148148135
0 0.008515625 0.5342870370370371 0.016588541666666668 0.06927777777777772
0 0.03241145833333333 0.297962962962963 0.035734375 0.04212962962962963
0 0.9189479166666668 0.17903703703703705 0.030729166666666665 0.04712037037037036
0 0.40746875 0.8871574074074075 0.022031249999999978 0.0642870370370371
0 0.9885104166666667 0.8355 0.02297916666666661 0.06673148148148142
0 0.4006354166666667 0.08587962962962963 0.026151041666666687 0.033148148148148156
0 0.09368749999999999 0.9296851851851852 0.03839062499999999 0.04315740740740742
0 0.9125989583333334 0.9244814814814816 0.03259374999999996 0.05083333333333342
0 0.9418958333333334 0.22916666666666666 0.03366145833333339 0.05229629629629631
0 0.2614739583333333 0.015240740740740742 0.03338541666666665 0.030296296296296297
0 0.3962395833333333 0.9392407407407407 0.019453124999999953 0.062009259259259285
0 0.030104166666666664 0.8446203703703704 0.02267708333333333 0.06152777777777782
0 0.7368177083333334 0.7009537037037037 0.017515625000000055 0.027009259259259327
0 0.806640625 0.010712962962962964 0.02571354166666661 0.021027777777777777
0 0.4660625 0.9696203703703704 0.023557291666666678 0.05170370370370373
0 0.9716822916666668 0.10980555555555556 0.018583333333333247 0.040611111111111126
0 0.013479166666666669 0.84375 0.024796875 0.05924074074074076
0 0.11065625 0.9522592592592594 0.033083333333333326 0.05674999999999997
0 0.2185052083333333 0.9357685185185186 0.03302083333333332 0.03452777777777785
0 0.77734375 0.31684259259259256 0.01730208333333323 0.023407407407407384
0 0.08019791666666666 0.010759259259259258 0.03430208333333334 0.021185185185185185
0 0.8842760416666666 0.9513888888888888 0.02833333333333338 0.06293518518518511
0 0.018135416666666668 0.8967037037037038 0.036270833333333335 0.036351851851851844
0 0.7690416666666666 0.006824074074074075 0.021776041666666638 0.013064814814814814
0 0.034026041666666666 0.9357685185185186 0.03881770833333333 0.07204629629629634
0 0.10558854166666666 0.9765648148148148 0.04296875 0.04180555555555564
0 0.4497083333333334 0.8897592592592594 0.0546875 0.05951851851851849
0 0.3354479166666666 0.980037037037037 0.0375364583333333 0.03217592592592593
0 0.7241197916666666 0.9513888888888888 0.037901041666666656 0.056638888888888954
0 0.009270833333333334 0.9609351851851852 0.018541666666666668 0.038657407407407404
0 0.98828125 0.9644074074074074 0.020723958333333313 0.05610185185185188
0 0.43140625 0.40608333333333335 0.025343750000000043 0.07469444444444441
0 0.46727604166666664 0.3795925925925926 0.03750520833333333 0.04529629629629626
0 0.474296875 0.43449074074074073 0.024026041666666723 0.06375000000000001
0 0.4974322916666667 0.44710185185185186 0.025973958333333276 0.06925925925925921
0 0.12630208333333334 0.37448148148148147 0.033953125000000015 0.05935185185185187
0 0.4461614583333333 0.16899074074074072 0.02158333333333336 0.06750925925925923
0 0.4693697916666667 0.13629629629629628 0.020505208333333278 0.07529629629629629
0 0.4849114583333333 0.31113888888888885 0.022817708333333304 0.07600000000000004
0 0.45259895833333336 0.27217592592592593 0.04311458333333332 0.044157407407407354
0 0.5038020833333333 0.24900925925925926 0.019864583333333387 0.0707962962962963
0 0.48285937500000004 0.23601851851851852 0.01900520833333334 0.07425
0 0.45554687499999996 0.2100462962962963 0.035635416666666704 0.053027777777777764
0 0.4955625 0.09200925925925926 0.03217187499999999 0.06394444444444444
0 0.5185208333333333 0.38042592592592595 0.03634375000000004 0.0584537037037037
0 0.5370885416666666 0.3442777777777778 0.02453645833333334 0.07446296296296293
0 0.54425 0.24378703703703705 0.016546874999999992 0.07842592592592594
0 0.5405052083333334 0.19439814814814813 0.041447916666666626 0.04491666666666666
0 0.486671875 0.18033333333333332 0.03486458333333336 0.05447222222222221
0 0.5161614583333333 0.17471296296296296 0.016145833333333335 0.06896296296296298
0 0.49875 0.4931759259259259 0.029390625000000035 0.03851851851851849
0 0.4716197916666667 0.5132407407407407 0.04232291666666666 0.05284259259259253
0 0.49405208333333334 0.5325648148148148 0.029526041666666693 0.06362962962962966
0 0.7642656250000001 0.20833333333333334 0.03870833333333342 0.029027777777777798
0 0.9948750000000001 0.08800000000000001 0.010244791666666704 0.06500000000000002
0 0.7863125 0.9707222222222224 0.02276562500000002 0.009101851851851785
0 0.379828125 0.4846944444444445 0.043588541666666696 0.03742592592592594
0 0.39458333333333334 0.1378148148148148 0.02581249999999997 0.04848148148148149
0 0.5265416666666667 0.10135185185185185 0.03407812499999997 0.05466666666666666
0 0.5431979166666667 0.15094444444444446 0.025791666666666657 0.05837037037037039
0 0.5579531249999999 0.10208333333333333 0.01583333333333338 0.05737962962962964
0 0.20759895833333333 0.7501666666666666 0.03195833333333334 0.04857407407407411