0 0.517448 0.383796 0.024479 0.060185
0 0.623177 0.383333 0.027604 0.057407
0 0.558854 0.478704 0.028125 0.059259
0 0.527083 0.113426 0.021875 0.063889
0 0.361719 0.488889 0.030729 0.048148
0 0.641146 0.305093 0.021875 0.065741
0 0.504427 0.597685 0.033854 0.056481
0 0.486458 0.399074 0.033333 0.050000
0 0.557292 0.372685 0.030208 0.054630
0 0.324219 0.784259 0.029687 0.064815
0 0.183854 0.562037 0.035417 0.050000
0 0.378385 0.396296 0.029687 0.057407
0 0.501302 0.686111 0.031771 0.055556
0 0.323958 0.213426 0.025000 0.063889
0 0.619271 0.489352 0.022917 0.065741
0 0.647656 0.708333 0.029687 0.053704
0 0.497396 0.778704 0.034375 0.059259
0 0.680729 0.697685 0.030208 0.056481
0 0.666927 0.287500 0.020313 0.067593
0 0.544271 0.519907 0.032292 0.049074
0 0.697396 0.263426 0.030208 0.054630
0 0.654167 0.393981 0.036458 0.047222
0 0.824479 0.491204 0.026042 0.065741
0 0.329688 0.710185 0.033333 0.061111
0 0.409375 0.479167 0.034375 0.054630
0 0.590625 0.615741 0.031250 0.055556
0 0.352083 0.424074 0.025000 0.062963
0 0.293490 0.507870 0.021354 0.065741
0 0.147396 0.635648 0.034375 0.054630
0 0.872135 0.502315 0.019271 0.063889
0 0.521615 0.475000 0.034896 0.042593
0 0.283333 0.271759 0.030208 0.050926
0 0.193490 0.772685 0.030729 0.062037
0 0.278385 0.549537 0.030729 0.050926
0 0.417187 0.140278 0.021875 0.065741
0 0.204167 0.478704 0.036458 0.048148
0 0.731771 0.343519 0.025000 0.055556
0 0.602865 0.231481 0.021354 0.062963
0 0.200260 0.649074 0.030729 0.055556
0 0.766927 0.305556 0.020313 0.068519
0 0.532552 0.235648 0.020313 0.065741
0 0.907031 0.475926 0.020313 0.068519
0 0.800000 0.476852 0.026042 0.061111
0 0.376042 0.345370 0.033333 0.051852
0 0.391927 0.197222 0.026562 0.059259
0 0.198958 0.518056 0.034375 0.045370
0 0.336458 0.394444 0.018750 0.064815
0 0.360677 0.145370 0.028646 0.059259
0 0.267969 0.775926 0.040104 0.046296
0 0.676562 0.139352 0.025000 0.063889
0 0.244271 0.643056 0.028125 0.063889
0 0.216406 0.425926 0.028646 0.048148
0 0.464062 0.767593 0.037500 0.055556
0 0.153906 0.694907 0.024479 0.063889
0 0.692969 0.469907 0.034896 0.045370
0 0.660677 0.574074 0.035937 0.044444
0 0.337240 0.137500 0.021354 0.065741
0 0.883594 0.579630 0.033854 0.046296
0 0.783333 0.790278 0.029167 0.058333
0 0.718490 0.423611 0.038021 0.034259
0 0.202344 0.359722 0.038021 0.052778
0 0.802344 0.302315 0.021354 0.063889
0 0.863542 0.405093 0.031250 0.058333
0 0.377865 0.808796 0.036979 0.041667
0 0.266146 0.663426 0.023958 0.062037
0 0.413802 0.234259 0.034896 0.048148
0 0.353125 0.328704 0.035417 0.053704
0 0.466667 0.124074 0.028125 0.064815
0 0.648698 0.247222 0.022396 0.061111
0 0.259635 0.225463 0.021354 0.069444
0 0.264062 0.466667 0.036458 0.035185
0 0.239844 0.403704 0.036979 0.051852
0 0.419271 0.719907 0.032292 0.052778
0 0.291146 0.657870 0.033333 0.045370
0 0.224740 0.237037 0.032813 0.057407
0 0.453125 0.237963 0.030208 0.055556
0 0.602865 0.080093 0.023438 0.062037
0 0.317708 0.111574 0.030208 0.062037
0 0.412240 0.545370 0.024479 0.072222
0 0.378385 0.730093 0.036979 0.039815
0 0.106250 0.481944 0.022917 0.067593
0 0.717187 0.622222 0.035417 0.050000
0 0.854948 0.169907 0.020313 0.063889
0 0.110156 0.649537 0.035937 0.049074
0 0.824219 0.548148 0.034896 0.044444
0 0.670312 0.440278 0.033333 0.036111
0 0.410677 0.772685 0.027604 0.056481
0 0.755469 0.517593 0.019271 0.066667
0 0.253125 0.370833 0.035417 0.045370
0 0.437500 0.263426 0.031250 0.047222
0 0.719792 0.907407 0.030208 0.059259
0 0.498177 0.883333 0.025521 0.055556
0 0.108333 0.591667 0.033333 0.061111
0 0.216927 0.708796 0.027604 0.060185
0 0.415625 0.638426 0.028125 0.058333
0 0.785677 0.685185 0.031771 0.057407
0 0.726302 0.663426 0.032813 0.043519
0 0.372917 0.585648 0.019792 0.069444
0 0.360938 0.200926 0.034375 0.048148
0 0.551042 0.323611 0.038542 0.037963
0 0.803125 0.089815 0.025000 0.062963
0 0.690104 0.357870 0.019792 0.062037
0 0.703906 0.803704 0.019271 0.066667
0 0.255990 0.732407 0.038021 0.042593
0 0.920573 0.570370 0.028646 0.062963
0 0.816146 0.173148 0.028125 0.055556
0 0.533333 0.632870 0.034375 0.043519
0 0.792188 0.863426 0.026042 0.054630
0 0.128646 0.480093 0.019792 0.067593
0 0.504687 0.045370 0.027083 0.059259
0 0.382292 0.467593 0.032292 0.042593
0 0.752865 0.657870 0.020313 0.063889
0 0.713281 0.701852 0.030729 0.042593
0 0.840625 0.626389 0.035417 0.037963
0 0.925000 0.634259 0.035417 0.048148
0 0.296354 0.159259 0.029167 0.055556
0 0.456510 0.686574 0.027604 0.060185
0 0.829427 0.206944 0.027604 0.060185
0 0.338542 0.277778 0.026042 0.072222
0 0.238802 0.179167 0.021354 0.067593
0 0.827865 0.107407 0.027604 0.053704
0 0.290625 0.076389 0.028125 0.062037
0 0.906771 0.175463 0.025000 0.069444
0 0.331771 0.487963 0.017708 0.061111
0 0.256771 0.080556 0.031250 0.062963
0 0.096354 0.706944 0.035417 0.039815
0 0.867708 0.346296 0.034375 0.046296
0 0.776823 0.514352 0.022396 0.073148
0 0.313802 0.579167 0.034896 0.058333
0 0.681250 0.631481 0.027083 0.055556
0 0.143229 0.742593 0.034375 0.059259
0 0.800521 0.389815 0.031250 0.064815
0 0.700000 0.323148 0.036458 0.038889
0 0.345313 0.807870 0.019792 0.065741
0 0.736458 0.245370 0.020833 0.070370
0 0.964583 0.422685 0.023958 0.063889
0 0.908854 0.820833 0.038542 0.039815
0 0.763021 0.607407 0.034375 0.057407
0 0.806510 0.752315 0.025521 0.047222
0 0.454427 0.193981 0.036979 0.037963
0 0.943229 0.401389 0.031250 0.058333
0 0.498958 0.830093 0.027083 0.054630
0 0.141146 0.569444 0.022917 0.062963
0 0.624219 0.830093 0.024479 0.062037
0 0.363542 0.066667 0.036458 0.050000
0 0.977344 0.359722 0.035937 0.054630
0 0.282031 0.209259 0.030729 0.062963
0 0.052344 0.532407 0.027604 0.062963
0 0.269271 0.125000 0.035417 0.046296
0 0.763021 0.066204 0.018750 0.067593
0 0.895312 0.353241 0.025000 0.063889
0 0.846615 0.674537 0.032813 0.043519
0 0.967969 0.655556 0.028646 0.064815
0 0.187500 0.698611 0.039583 0.041667
0 0.728125 0.832407 0.035417 0.038889
0 0.682552 0.212037 0.035937 0.040741
0 0.568490 0.831481 0.035937 0.044444
0 0.886979 0.912500 0.030208 0.063889
0 0.763542 0.823611 0.035417 0.043519
0 0.870313 0.279167 0.030208 0.047222
0 0.235937 0.574074 0.023958 0.053704
0 0.889844 0.764352 0.043229 0.036111
0 0.115885 0.787963 0.042188 0.064815
0 0.982292 0.478241 0.034375 0.037963
0 0.939323 0.775926 0.039062 0.044444
0 0.810677 0.622222 0.032813 0.064815
0 0.091927 0.806944 0.036979 0.036111
0 0.610417 0.884259 0.029167 0.055556
0 0.854427 0.092130 0.035937 0.043519
0 0.889844 0.412037 0.031771 0.044444
0 0.490885 0.530093 0.018229 0.063889
0 0.068229 0.870370 0.039583 0.037037
0 0.222917 0.651389 0.019792 0.062037
0 0.032292 0.769907 0.035417 0.062037
0 0.117708 0.416204 0.031250 0.037963
0 0.643750 0.865741 0.034375 0.048148
0 0.853646 0.923148 0.032292 0.050000
0 0.160156 0.310648 0.031771 0.052778
0 0.657031 0.082870 0.036979 0.037963
0 0.813281 0.131019 0.021354 0.056481
0 0.847396 0.758333 0.026042 0.051852
0 0.579167 0.073148 0.017708 0.062963
0 0.880208 0.313426 0.039583 0.034259
0 0.752604 0.752315 0.036458 0.036111
0 0.547135 0.045370 0.033854 0.057407
0 0.952865 0.279167 0.021354 0.054630
0 0.723958 0.106019 0.040625 0.034259
0 0.315885 0.077778 0.031771 0.059259
0 0.825781 0.839815 0.040104 0.038889
0 0.818750 0.883333 0.018750 0.057407
0 0.380990 0.026852 0.040104 0.044444
0 0.721615 0.025463 0.017188 0.049074
0 0.598698 0.026389 0.029687 0.050926
0 0.862500 0.028704 0.023958 0.055556
0 0.834375 0.064815 0.031250 0.044444
0 0.268229 0.823611 0.035417 0.037963
0 0.758073 0.250926 0.025521 0.048148
0 0.436198 0.112037 0.029687 0.050000
0 0.235417 0.451852 0.028125 0.040741
0 0.823438 0.724537 0.038542 0.037963
0 0.739583 0.869907 0.021875 0.056481
0 0.434635 0.687963 0.024479 0.070370
0 0.871875 0.721759 0.046875 0.036111
0 0.026823 0.450926 0.035937 0.057407
0 0.163021 0.894444 0.040625 0.046296
0 0.083073 0.914815 0.033854 0.050000
0 0.589063 0.887037 0.032292 0.051852
0 0.133073 0.334259 0.036979 0.044444
0 0.937500 0.731481 0.033333 0.044444
0 0.035156 0.264815 0.022396 0.064815
0 0.447396 0.895370 0.033333 0.042593
0 0.573958 0.776389 0.043750 0.050926
0 0.933333 0.871759 0.029167 0.058333
0 0.637500 0.022685 0.019792 0.043519
0 0.462500 0.016204 0.038542 0.030556
0 0.234375 0.820370 0.032292 0.050000
0 0.570052 0.713889 0.041146 0.055556
0 0.315365 0.025926 0.023438 0.050000
0 0.976042 0.173148 0.039583 0.040741
0 0.010156 0.248148 0.019271 0.050000
0 0.934635 0.923148 0.034896 0.046296
0 0.974479 0.878241 0.042708 0.043519
0 0.540365 0.934722 0.036979 0.069444
0 0.507031 0.952778 0.027604 0.051852
0 0.644792 0.918056 0.033333 0.043519
0 0.677604 0.035185 0.014583 0.037037
0 0.927083 0.954167 0.034375 0.039815
0 0.234375 0.924074 0.036458 0.048148
0 0.599479 0.941667 0.032292 0.044444
0 0.070833 0.958796 0.038542 0.052778
0 0.008073 0.199537 0.015104 0.043519
0 0.753125 0.953241 0.033333 0.041667
0 0.041406 0.208333 0.023438 0.037037
0 0.350260 0.928241 0.039062 0.041667
0 0.996354 0.060648 0.007292 0.037963
0 0.018490 0.235648 0.020313 0.026852
0 0.848177 0.015741 0.015104 0.029630
0 0.412240 0.950926 0.033854 0.057407
0 0.759896 0.011111 0.016667 0.020370
0 0.567708 0.878704 0.032292 0.046296
0 0.384375 0.558796 0.016667 0.045370
0 0.071615 0.585648 0.027604 0.050926
0 0.108594 0.106944 0.018229 0.032407
0 0.592448 0.969907 0.032813 0.026852
0 0.989323 0.974537 0.021354 0.034259
0 0.037240 0.957870 0.040104 0.076852
0 0.515625 0.172222 0.028125 0.066667
0 0.536719 0.172222 0.026562 0.057407
0 0.561979 0.151852 0.026042 0.062963
0 0.554948 0.213889 0.027604 0.059259
0 0.602604 0.126852 0.038542 0.042593
0 0.620833 0.168519 0.023958 0.074074
0 0.645052 0.130093 0.025521 0.060185
0 0.646875 0.198148 0.034375 0.046296
0 0.652344 0.048611 0.036979 0.028704
0 0.247917 0.516204 0.027083 0.047222
0 0.005469 0.369444 0.009896 0.037037
0 0.221094 0.975463 0.040104 0.030556
0 0.344010 0.970833 0.015104 0.021296
0 0.627604 0.972685 0.023958 0.052778
0 0.719531 0.969444 0.013021 0.014815
0 0.130729 0.897222 0.030208 0.042593
0 0.782292 0.603704 0.026042 0.064815
0 0.838021 0.951852 0.027083 0.074074
0 0.992708 0.314815 0.014583 0.062963
