0 0.5415052083333334 0.25087037037037035 0.02844270833333334 0.0621203703703704
0 0.6635729166666666 0.22125 0.021239583333333437 0.0621203703703704
0 0.6201197916666668 0.4171018518518519 0.025223958333333248 0.06223148148148151
0 0.7099635416666668 0.5021666666666667 0.028703125000000065 0.060768518518518465
0 0.203734375 0.4370648148148148 0.031796874999999974 0.05772222222222225
0 0.7065416666666666 0.5711851851851851 0.029036458333333334 0.06380555555555563
0 0.671875 0.16655555555555554 0.030625000000000093 0.05962037037037036
0 0.7172864583333334 0.2486944444444444 0.026458333333333427 0.059027777777777776
0 0.211546875 0.3635 0.020963541666666665 0.061194444444444475
0 0.22180208333333334 0.5416666666666666 0.028213541666666644 0.059953703703703703
0 0.436765625 0.6866296296296296 0.030958333333333362 0.05222222222222231
0 0.6499010416666666 0.3546018518518519 0.026411458333333353 0.06369444444444441
0 0.4721666666666666 0.28624074074074074 0.02833333333333338 0.06179629629629631
0 0.270265625 0.3860648148148148 0.030213541666666663 0.059953703703703703
0 0.15588541666666667 0.3925740740740741 0.026307291666666663 0.0642870370370371
0 0.21386979166666667 0.693574074074074 0.03423958333333334 0.05772222222222215
0 0.7739270833333334 0.6089444444444444 0.030958333333333362 0.047388888888888946
0 0.5659166666666666 0.20757407407407408 0.026765624999999935 0.058592592592592564
0 0.673828125 0.5724814814814815 0.019838541666666744 0.06537962962962954
0 0.24658333333333332 0.5147592592592594 0.0313125 0.06152777777777782
0 0.7124010416666666 0.6744814814814816 0.04009895833333322 0.04424074074074071
0 0.2905260416666666 0.602 0.03582812499999998 0.04923148148148155
0 0.5825208333333334 0.09798148148148147 0.030854166666666554 0.05675000000000001
0 0.16296354166666666 0.7200555555555556 0.03216666666666666 0.06060185185185189
0 0.6640625 0.5013055555555556 0.022322916666666734 0.06851851851851852
0 0.2758802083333334 0.5169259259259259 0.025557291666666662 0.06662037037037041
0 0.6162135416666668 0.16275925925925927 0.03228645833333322 0.05576851851851854
0 0.890625 0.6293425925925926 0.027374999999999972 0.05576851851851854
0 0.5727552083333334 0.18250925925925926 0.028593750000000046 0.06635185185185183
0 0.4477552083333334 0.25325925925925924 0.027437500000000035 0.06439814814814813
0 0.3515625 0.5026018518518518 0.03817708333333331 0.0489351851851851
0 0.6748072916666668 0.8125 0.03378125000000007 0.04676851851851851
0 0.5078125 0.599824074074074 0.02844270833333328 0.06450925925925932
0 0.27636979166666664 0.4574629629629629 0.02859375000000002 0.062499999999999944
0 0.7158229166666668 0.6236944444444444 0.03994791666666657 0.03985185185185182
0 0.5913072916666666 0.2951388888888889 0.03738541666666677 0.04961111111111115
0 0.7875989583333334 0.43250925925925926 0.022203125000000056 0.0651018518518518
0 0.4057604166666666 0.4934907407407408 0.022416666666666647 0.06439814814814811
0 0.701171875 0.09185185185185184 0.022463541666666722 0.06944444444444443
0 0.8310572916666668 0.7660555555555556 0.03125 0.05064814814814819
0 0.135984375 0.46311111111111114 0.02452083333333334 0.0628240740740741
0 0.5546875 0.44249074074074074 0.03396354166666669 0.04885185185185184
0 0.8500989583333334 0.34287962962962965 0.03010416666666676 0.04571296296296297
0 0.71484375 0.4201388888888889 0.030562499999999916 0.05462962962962963
0 0.5073229166666666 0.25087037037037035 0.03515625 0.05211111111111109
0 0.5356458333333334 0.3326851851851852 0.03210416666666666 0.05870370370370368
0 0.6059583333333334 0.22135185185185186 0.03460937499999991 0.05718518518518518
0 0.3708489583333333 0.3431018518518519 0.03430208333333328 0.05132407407407403
0 0.5380885416666668 0.16156481481481483 0.02297916666666661 0.06673148148148147
0 0.18505729166666668 0.4826388888888889 0.027437499999999972 0.06282407407407405
0 0.8818385416666668 0.7664907407407406 0.03265624999999991 0.03740740740740749
0 0.8076197916666668 0.8259537037037037 0.03738541666666677 0.04350925925925927
0 0.9140625 0.37999074074074074 0.030276041666666722 0.058481481481481454
0 0.07891666666666668 0.5004351851851853 0.023958333333333335 0.06624074074074071
0 0.662109375 0.6271666666666667 0.02865624999999999 0.057074074074074166
0 0.457765625 0.43315740740740744 0.035276041666666674 0.03684259259259256
0 0.35254166666666664 0.5416666666666666 0.03649999999999996 0.03813888888888894
0 0.4138177083333333 0.40841666666666665 0.03671354166666667 0.03656481481481482
0 0.5185572916666666 0.4544259259259259 0.03015104166666672 0.05815740740740736
0 0.8818385416666668 0.4370648148148148 0.021041666666666715 0.06775925925925932
0 0.5810572916666668 0.7981759259259259 0.03021354166666678 0.06179629629629631
0 0.8315416666666666 0.599824074074074 0.037901041666666656 0.039472222222222325
0 0.9360364583333334 0.33246296296296296 0.03720312499999991 0.04587037037037034
0 0.669921875 0.04703703703703704 0.03253125000000002 0.05132407407407408
0 0.671875 0.29145370370370366 0.03573437500000007 0.036787037037037056
0 0.2005625 0.5160555555555556 0.020447916666666663 0.06851851851851852
0 0.8608385416666666 0.20974074074074076 0.023958333333333335 0.06673148148148147
0 0.890625 0.24305555555555555 0.01971354166666662 0.06862962962962964
0 0.25097916666666664 0.09722222222222222 0.02418750000000003 0.06537962962962965
0 0.18628125 0.7018240740740741 0.022244791666666687 0.06760185185185184
0 0.3767083333333333 0.20649074074074072 0.029874999999999947 0.0658611111111111
0 0.5083020833333334 0.31792592592592595 0.03482291666666661 0.04758333333333332
0 0.3029791666666667 0.7113703703703703 0.03347916666666665 0.0544444444444444
0 0.223875 0.5902777777777778 0.03994791666666669 0.033472222222222306
0 0.8891614583333334 0.5690092592592593 0.029416666666666678 0.05351851851851848
0 0.6010729166666666 0.5733518518518519 0.023192708333333437 0.060055555555555466
0 0.2673333333333333 0.7899351851851851 0.033322916666666674 0.05848148148148156
0 0.5561510416666666 0.6974814814814815 0.02769270833333337 0.06412962962962962
0 0.8701197916666668 0.525611111111111 0.026854166666666637 0.048666666666666615
0 0.259765625 0.5598981481481482 0.037473958333333356 0.03518518518518519
0 0.10430729166666668 0.587675925925926 0.02493229166666667 0.06851851851851852
0 0.33471875 0.42838888888888893 0.025130208333333334 0.059953703703703703
0 0.29980729166666664 0.32270370370370366 0.03448437500000002 0.04950925925925929
0 0.270265625 0.32139814814814816 0.02014062500000001 0.07047222222222224
0 0.7416979166666666 0.18283333333333335 0.03759895833333336 0.04114814814814815
0 0.6323229166666666 0.12630555555555556 0.03396354166666669 0.04571296296296297
0 0.08313020833333334 0.5490462962962963 0.02619791666666667 0.0654814814814815
0 0.8837916666666668 0.7005185185185184 0.03567708333333333 0.05962037037037046
0 0.6977552083333334 0.2764722222222222 0.03033333333333322 0.050833333333333314
0 0.5209947916666666 0.8663240740740741 0.03423958333333328 0.044759259259259186
0 0.771484375 0.7296018518518519 0.0379635416666666 0.03887037037037039
0 0.9204114583333334 0.5590277777777778 0.023911458333333257 0.05924074074074076
0 0.3686510416666666 0.1350925925925926 0.019500000000000028 0.06737962962962961
0 0.5913072916666666 0.4752592592592592 0.018098958333333335 0.06559259259259256
0 0.4926770833333334 0.6796851851851852 0.021453125000000028 0.06331481481481492
0 0.794921875 0.08930555555555555 0.025953124999999962 0.0648888888888889
0 0.6904322916666668 0.4986944444444445 0.025223958333333248 0.060768518518518465
0 0.09967187500000001 0.13075 0.02456770833333334 0.07047222222222224
0 0.8676770833333334 0.30077777777777776 0.03347916666666677 0.05382407407407407
0 0.53125 0.6241296296296296 0.018338541666666687 0.06320370370370369
0 0.206421875 0.7999166666666666 0.037901041666666656 0.052407407407407326
0 0.25293229166666664 0.6532129629629629 0.019713541666666678 0.06836111111111104
0 0.75 0.044435185185185196 0.023286458333333353 0.0625
0 0.4711927083333334 0.07329629629629629 0.017640624999999945 0.06597222222222222
0 0.4526354166666666 0.6176203703703703 0.03494270833333329 0.0349166666666667
0 0.4299322916666667 0.17469444444444443 0.02947916666666662 0.06098148148148149
0 0.18896354166666668 0.38628703703703704 0.03689583333333335 0.035398148148148165
0 0.4455572916666667 0.1212037037037037 0.034364583333333344 0.04641666666666666
0 0.7055677083333334 0.3190092592592592 0.03540104166666656 0.038574074074074045
0 0.3071302083333334 0.17317592592592593 0.021208333333333346 0.07346296296296294
0 0.9619166666666668 0.3899722222222222 0.023770833333333265 0.06775925925925921
0 0.5385729166666666 0.49175 0.01771354166666672 0.0642870370370371
0 0.5209947916666666 0.661888888888889 0.030854166666666613 0.046064814814814815
0 0.5297864583333334 0.38693518518518516 0.03661979166666664 0.03993518518518518
0 0.7724635416666668 0.2517407407407407 0.02784895833333323 0.06462037037037037
0 0.434328125 0.3537314814814815 0.03634895833333331 0.03425925925925926
0 0.83984375 0.4157962962962963 0.019166666666666762 0.058481481481481454
0 0.05780208333333333 0.7070277777777778 0.02886979166666666 0.06401851851851861
0 0.9750989583333334 0.43837037037037035 0.02780208333333339 0.06109259259259261
0 0.4470208333333333 0.5703148148148148 0.020291666666666687 0.06559259259259252
0 0.8505885416666668 0.6983518518518519 0.03726041666666665 0.05783333333333337
0 0.237546875 0.3587222222222222 0.03650000000000002 0.04093518518518522
0 0.8637708333333334 0.7973055555555556 0.034421875000000074 0.0348611111111112
0 0.4865729166666667 0.852 0.026505208333333384 0.06500000000000004
0 0.7451197916666668 0.13368518518518518 0.030671874999999935 0.04578703703703703
0 0.76953125 0.7994814814814816 0.036989583333333326 0.03798148148148146
0 0.4260260416666667 0.4631111111111111 0.033322916666666674 0.03445370370370369
0 0.3513177083333333 0.35221296296296295 0.032468749999999956 0.04123148148148146
0 0.3315416666666666 0.32487037037037036 0.030624999999999975 0.04877777777777773
0 0.09283333333333334 0.769962962962963 0.032411458333333344 0.06439814814814811
0 0.38574479166666664 0.5091111111111112 0.018875000000000006 0.0651018518518518
0 0.7939479166666668 0.1645 0.024093750000000115 0.06168518518518519
0 0.8793958333333334 0.17621296296296296 0.03372395833333333 0.040611111111111126
0 0.3376458333333333 0.7973055555555556 0.0316770833333333 0.06271296296296298
0 0.5874010416666666 0.4127592592592592 0.03378125000000007 0.049231481481481446
0 0.15197916666666667 0.5798611111111112 0.02886979166666664 0.06439814814814811
0 0.6645520833333334 0.75 0.021911458333333418 0.05026851851851848
0 0.14636458333333333 0.8094629629629629 0.03506249999999998 0.05392592592592593
0 0.016098958333333333 0.7374166666666666 0.0305625 0.05848148148148156
0 0.4401875 0.3125 0.03494270833333329 0.04730555555555559
0 0.08239583333333332 0.6102407407407406 0.02276562499999999 0.07101851851851856
0 0.724609375 0.030657407407407408 0.0184322916666666 0.05663888888888889
0 0.3728020833333333 0.45920370370370367 0.03854166666666667 0.0374907407407407
0 0.2985833333333333 0.22396296296296295 0.031020833333333307 0.04720370370370372
0 0.8618177083333334 0.48133333333333334 0.029588541666666638 0.05686111111111113
0 0.974609375 0.5785555555555556 0.03891145833333335 0.04613888888888882
0 0.5551770833333334 0.5850740740740741 0.03689583333333341 0.0356759259259259
0 0.1872552083333333 0.044000000000000004 0.022109375000000025 0.06462037037037037
0 0.15027083333333333 0.11534259259259258 0.023604166666666693 0.07769444444444443
0 0.06854166666666667 0.12987962962962965 0.03476041666666667 0.05181481481481481
0 0.2563489583333333 0.16015740740740741 0.025041666666666688 0.06965740740740742
0 0.8364270833333334 0.15983333333333333 0.037109375 0.045111111111111137
0 0.33203125 0.6597222222222222 0.04037499999999999 0.0382777777777777
0 0.9555677083333334 0.14160185185185187 0.03259374999999996 0.0469537037037037
0 0.8681666666666668 0.3680555555555556 0.04068229166666673 0.03512962962962968
0 0.32324479166666664 0.36437037037037034 0.03649999999999996 0.04912962962962958
0 0.1442864583333333 0.3385462962962963 0.042020833333333354 0.033092592592592604
0 0.4223645833333334 0.7834166666666667 0.027635416666666638 0.05848148148148156
0 0.218140625 0.11708333333333334 0.040682291666666676 0.03900925925925927
0 0.3811041666666667 0.743925925925926 0.03515625 0.04459259259259267
0 0.5732447916666668 0.05772222222222222 0.03390624999999995 0.03916666666666667
0 0.9052760416666668 0.8580740740740741 0.022890624999999904 0.06488888888888882
0 0.06793229166666667 0.04123148148148148 0.020171875000000002 0.06271296296296298
0 0.9858385416666666 0.3574259259259259 0.019119791666666684 0.06760185185185184
0 0.017302083333333333 0.5894074074074074 0.031921874999999995 0.059953703703703703
0 0.03533854166666666 0.15625 0.04351562500000001 0.04587037037037039
0 0.828125 0.8841111111111112 0.0390625 0.03276851851851861
0 0.3598645833333334 0.8116296296296296 0.038328124999999956 0.0456296296296296
0 0.5498072916666668 0.7473981481481482 0.021864583333333344 0.06879629629629626
0 0.13134895833333332 0.21191666666666667 0.03561458333333333 0.050564814814814826
0 0.6323229166666666 0.880638888888889 0.03671354166666655 0.04052777777777776
0 0.9018541666666666 0.16243518518518518 0.030562499999999916 0.03656481481481482
0 0.03854166666666667 0.19943518518518516 0.04077083333333333 0.0496111111111111
0 0.3571770833333333 0.8567685185185184 0.03891145833333335 0.0456296296296296
0 0.9750989583333334 0.536888888888889 0.03540104166666656 0.03770370370370373
0 0.41675 0.8337685185185185 0.024520833333333294 0.06450925925925932
0 0.104125 0.8576388888888888 0.03533854166666665 0.04820370370370365
0 0.05697395833333333 0.8081574074074074 0.022890625000000008 0.06401851851851861
0 0.509765625 0.022935185185185183 0.03378124999999995 0.04587037037037037
0 0.49707291666666664 0.05675 0.03423958333333334 0.044324074074074064
0 0.38671875 0.03916666666666666 0.03683333333333335 0.04424074074074074
0 0.13000520833333334 0.6228333333333333 0.028869791666666655 0.06401851851851861
0 0.4331041666666666 0.08962962962962963 0.03634895833333331 0.0358611111111111
0 0.011161458333333334 0.6657962962962962 0.022291666666666664 0.06635185185185193
0 0.4848645833333334 0.7860277777777778 0.020020833333333363 0.056638888888888954
0 0.9091822916666668 0.09407407407407407 0.025374999999999894 0.04812037037037037
0 0.927734375 0.8168425925925926 0.031312499999999945 0.0349166666666667
0 0.5639635416666666 0.02538888888888889 0.03408854166666657 0.045351851851851845
0 0.9301770833333334 0.2506481481481481 0.022718749999999944 0.04793518518518517
0 0.3950208333333334 0.78125 0.038328124999999956 0.03954629629629633
0 0.83984375 0.28212037037037035 0.02442708333333338 0.06917592592592596
0 0.5102552083333334 0.14105555555555555 0.019088541666666715 0.07177777777777776
0 0.3217760416666666 0.0658611111111111 0.03726041666666665 0.04695370370370371
0 0.826171875 0.19303703703703703 0.039854166666666656 0.037055555555555536
0 0.350828125 0.06760185185185186 0.032411458333333344 0.04980555555555555
0 0.986328125 0.818574074074074 0.027010416666666735 0.04527777777777786
0 0.951171875 0.4926203703703703 0.027437499999999913 0.036787037037037056
0 0.83984375 0.07312962962962963 0.035218749999999945 0.03775925925925926
0 0.810546875 0.2504351851851852 0.023145833333333362 0.06597222222222222
0 0.10522395833333334 0.8168425925925926 0.04122916666666668 0.03526851851851844
0 0.275390625 0.03341666666666667 0.029312499999999984 0.059027777777777776
0 0.8696302083333334 0.07112962962962963 0.025802083333333316 0.03726851851851852
0 0.9580104166666668 0.24326851851851852 0.024046875000000037 0.07020370370370367
0 0.07385416666666668 0.3962685185185185 0.027479166666666662 0.06369444444444441
0 0.019682291666666664 0.42274074074074075 0.03372395833333333 0.06510185185185191
0 0.2951666666666667 0.10899074074074074 0.03353645833333339 0.056101851851851854
0 0.9306666666666668 0.04123148148148148 0.03561458333333339 0.04187962962962962
0 0.22155729166666666 0.02415740740740741 0.04025520833333331 0.04242592592592593
0 0.9287135416666668 0.17653703703703702 0.026000000000000037 0.05951851851851855
0 0.4350572916666666 0.03635185185185185 0.036989583333333326 0.03813888888888889
0 0.9736354166666668 0.03843518518518518 0.03469791666666661 0.03895370370370371
0 0.10302604166666667 0.020074074074074074 0.02014062500000001 0.03976851851851852
0 0.11358854166666667 0.2558611111111111 0.036619791666666665 0.034583333333333355
0 0.15636979166666667 0.7669259259259259 0.04467708333333332 0.03740740740740749
0 0.3674322916666667 0.024518518518518523 0.025666666666666654 0.04730555555555556
0 0.2282708333333333 0.8880185185185184 0.024796875000000006 0.06673148148148142
0 0.145140625 0.2539074074074074 0.030213541666666663 0.06662037037037039
0 0.935546875 0.769962962962963 0.024614583333333447 0.04847222222222214
0 0.8881822916666666 0.9331574074074074 0.03533854166666662 0.03843518518518528
0 0.012822916666666665 0.10704629629629629 0.025041666666666667 0.033148148148148135
0 0.028333333333333335 0.04703703703703704 0.03515625 0.035537037037037034
0 0.9731458333333334 0.09619444444444443 0.04351562500000009 0.05995370370370369
0 0.5615260416666668 0.10373148148148148 0.02044791666666678 0.043268518518518526
0 0.14050520833333333 0.9097222222222222 0.03384375000000001 0.055037037037037086
0 0.012921875000000001 0.35264814814814816 0.024885416666666667 0.03740740740740739
0 0.8442395833333334 0.10297222222222221 0.032411458333333344 0.033879629629629635
0 0.7959010416666668 0.7469629629629629 0.02833333333333338 0.03113888888888899
0 0.32519791666666664 0.8967037037037038 0.027479166666666662 0.05229629629629631
0 0.47265625 0.900175925925926 0.02780208333333339 0.06450925925925932
0 0.9047864583333334 0.013166666666666667 0.02833333333333338 0.025685185185185182
0 0.5322291666666668 0.9236111111111112 0.03710937500000006 0.034453703703703736
0 0.07763541666666667 0.9331574074074074 0.036989583333333326 0.0470370370370371
0 0.9897447916666666 0.22916666666666666 0.018234375000000115 0.05870370370370368
0 0.2502447916666667 0.9392407407407408 0.03689583333333332 0.044925925925926015
0 0.485109375 0.9531296296296298 0.022109375000000025 0.061796296296296196
0 0.9819322916666666 0.1909722222222222 0.016526041666666675 0.027314814814814816
0 0.444578125 0.7604166666666666 0.02442708333333338 0.0364351851851851
0 0.034942708333333336 0.8758703703703704 0.02465625 0.03849074074074068
0 0.009229166666666667 0.1758888888888889 0.01802083333333333 0.033796296296296297
0 0.9467760416666666 0.7343796296296297 0.017776041666666725 0.028268518518518495
0 0.404296875 0.9548611111111112 0.037046875000000055 0.04820370370370365
0 0.17468229166666666 0.011666666666666665 0.04037499999999999 0.02287962962962963
0 0.07147395833333332 0.8836851851851851 0.02844270833333334 0.03697222222222228
0 0.18652604166666667 0.9418425925925926 0.03979687499999998 0.05311111111111112
0 0.07794270833333333 0.755638888888889 0.019302083333333334 0.04163888888888891
0 0.12021875 0.7075092592592592 0.05239583333333334 0.0533425925925925
0 0.29661458333333335 0.9736111111111111 0.0390625 0.05277777777777778
0 0.6928333333333333 0.9774351851851852 0.029875000000000065 0.043074074074074056
0 0.8188489583333334 0.9782962962962962 0.03567708333333333 0.04155555555555566
0 0.45703125 0.9644074074074074 0.041078124999999945 0.059027777777777776
0 0.505859375 0.977361111111111 0.03366145833333339 0.026287037037036918
0 0.12451041666666667 0.9730925925925926 0.038911458333333336 0.0478518518518517
0 0.5908229166666668 0.974824074074074 0.018156250000000065 0.015370370370370286
0 0.34010416666666665 0.9773148148148149 0.0375 0.04537037037037037
0 0.008880208333333334 0.8736944444444444 0.017640625 0.04649074074074078
0 0.08258333333333333 0.01361111111111111 0.027364583333333345 0.023666666666666662
0 0.052661458333333334 0.012722222222222222 0.02350520833333333 0.025444444444444443
0 0.46172395833333335 0.1428148148148148 0.040640624999999986 0.06514814814814816
0 0.4780052083333333 0.17375000000000002 0.0305052083333333 0.07967592592592594
0 0.49826041666666665 0.16849999999999998 0.014333333333333325 0.06642592592592593
0 0.5182187500000001 0.17036111111111113 0.01682812499999997 0.060388888888888916
0 0.5114010416666667 0.4129907407407407 0.04242708333333335 0.03200925925925931
0 0.5491458333333333 0.3743425925925926 0.03566145833333329 0.06205555555555554
0 0.5756875 0.3785925925925926 0.03768750000000007 0.03165740740740746
0 0.56878125 0.3320185185185185 0.01778645833333338 0.06602777777777784
0 0.5566666666666666 0.28331481481481485 0.02840624999999998 0.06661111111111116
0 0.6001041666666667 0.33868518518518514 0.04396354166666659 0.04693518518518523
0 0.5969427083333334 0.42574074074074075 0.01981249999999998 0.02725925925925931
0 0.373265625 0.41330555555555554 0.0360260416666667 0.05213888888888884
0 0.31158854166666666 0.47576851851851854 0.037484375000000014 0.05169444444444443
0 0.2970833333333333 0.42691666666666667 0.039265625000000054 0.04911111111111108
0 0.929078125 0.08151851851851852 0.0151614583333334 0.03953703703703705
0 0.97540625 0.11610185185185186 0.022526041666666666 0.03085185185185186
0 0.14078645833333334 0.5175555555555555 0.02390104166666666 0.056953703703703694
0 0.13154166666666667 0.5857222222222223 0.021401041666666683 0.07149074074074077
0 0.16797395833333334 0.5609166666666666 0.03181250000000002 0.07371296296296287
0 0.183421875 0.5469259259259259 0.026901041666666656 0.07089814814814809
0 0.15954166666666666 0.4991388888888889 0.035354166666666666 0.045657407407407355
0 0.16183333333333336 0.45061111111111113 0.02744270833333336 0.06927777777777783
0 0.23299479166666667 0.1779074074074074 0.03768229166666668 0.06274999999999999