0 0.388542 0.591204 0.026042 0.062037
0 0.409115 0.405093 0.028646 0.062037
0 0.673177 0.315741 0.029687 0.055556
0 0.550521 0.452315 0.030208 0.058333
0 0.232031 0.442593 0.023438 0.061111
0 0.638802 0.318056 0.021354 0.065741
0 0.283854 0.466667 0.029167 0.059259
0 0.206250 0.464815 0.032292 0.059259
0 0.705469 0.235648 0.024479 0.063889
0 0.620833 0.567593 0.032292 0.057407
0 0.855729 0.548611 0.026042 0.063889
0 0.495573 0.246759 0.029687 0.060185
0 0.652604 0.470370 0.030208 0.051852
0 0.298698 0.418519 0.028646 0.059259
0 0.234375 0.263426 0.021875 0.071296
0 0.263281 0.589815 0.021354 0.064815
0 0.103385 0.315278 0.023438 0.071296
0 0.657813 0.225000 0.019792 0.062963
0 0.520833 0.212037 0.030208 0.061111
0 0.632552 0.149074 0.023438 0.062963
0 0.603906 0.187963 0.027604 0.062963
0 0.288021 0.551852 0.027083 0.064815
0 0.274479 0.261574 0.020833 0.065741
0 0.416146 0.343056 0.036458 0.045370
0 0.906510 0.658796 0.025521 0.060185
0 0.481250 0.599074 0.032292 0.055556
0 0.723698 0.195833 0.029687 0.056481
0 0.471875 0.414815 0.018750 0.064815
0 0.179688 0.759259 0.033333 0.055556
0 0.765365 0.354630 0.020313 0.066667
0 0.678125 0.438426 0.019792 0.065741
0 0.715104 0.425463 0.031250 0.047222
0 0.758333 0.082870 0.023958 0.067593
0 0.754687 0.241204 0.023958 0.073148
0 0.621875 0.035648 0.021875 0.058333
0 0.083333 0.187037 0.030208 0.064815
0 0.413021 0.529630 0.036458 0.035185
0 0.863542 0.640741 0.023958 0.064815
0 0.546615 0.365278 0.019271 0.063889
0 0.260937 0.535648 0.032292 0.050926
0 0.563542 0.127315 0.031250 0.052778
0 0.384375 0.521759 0.020833 0.063889
0 0.526563 0.466667 0.022917 0.068519
0 0.171615 0.469907 0.030729 0.060185
0 0.715104 0.537037 0.032292 0.051852
0 0.589583 0.351389 0.018750 0.065741
0 0.398438 0.781481 0.028125 0.061111
0 0.497135 0.468981 0.034896 0.037963
0 0.952344 0.577778 0.023438 0.061111
0 0.620833 0.235185 0.035417 0.042593
0 0.328385 0.627315 0.038021 0.039815
0 0.703906 0.652315 0.023438 0.063889
0 0.123958 0.321296 0.021875 0.070370
0 0.477604 0.065741 0.018750 0.062963
0 0.687760 0.768981 0.032813 0.054630
0 0.143750 0.257870 0.027083 0.067593
0 0.252083 0.299074 0.019792 0.068519
0 0.445312 0.075000 0.018750 0.059259
0 0.911458 0.570370 0.037500 0.042593
0 0.114844 0.609722 0.031771 0.062037
0 0.812240 0.550926 0.025521 0.064815
0 0.804427 0.668981 0.024479 0.062037
0 0.366667 0.180556 0.031250 0.059259
0 0.157031 0.512037 0.022396 0.064815
0 0.450000 0.422685 0.016667 0.067593
0 0.080729 0.357870 0.040625 0.047222
0 0.784896 0.598611 0.035417 0.045370
0 0.339583 0.353241 0.035417 0.049074
0 0.652083 0.696759 0.021875 0.065741
0 0.323698 0.509722 0.035937 0.036111
0 0.611198 0.716204 0.022396 0.065741
0 0.149219 0.328704 0.035937 0.062963
0 0.433073 0.678241 0.023438 0.065741
0 0.885677 0.188426 0.023438 0.065741
0 0.051302 0.688889 0.023438 0.066667
0 0.103646 0.107407 0.030208 0.068519
0 0.873437 0.232870 0.021875 0.065741
0 0.150000 0.115741 0.026042 0.074074
0 0.773698 0.698148 0.035937 0.035185
0 0.140625 0.588889 0.035417 0.068519
0 0.131771 0.171296 0.038542 0.046296
0 0.188281 0.091667 0.024479 0.075926
0 0.166146 0.795370 0.023958 0.064815
0 0.503646 0.169444 0.035417 0.048148
0 0.460677 0.665278 0.034896 0.054630
0 0.142448 0.744907 0.027604 0.065741
0 0.773177 0.156944 0.033854 0.052778
0 0.848437 0.381481 0.022917 0.062963
0 0.302865 0.645833 0.020313 0.069444
0 0.198698 0.248611 0.035937 0.043519
0 0.317969 0.578704 0.039062 0.038889
0 0.716667 0.705093 0.017708 0.063889
0 0.108854 0.557870 0.026042 0.069444
0 0.744010 0.048148 0.020313 0.066667
0 0.338021 0.444444 0.026042 0.064815
0 0.230469 0.168981 0.039062 0.041667
0 0.539583 0.542593 0.017708 0.062963
0 0.220052 0.689815 0.020313 0.068519
0 0.089844 0.133796 0.038021 0.060185
0 0.836719 0.611574 0.036979 0.049074
0 0.255729 0.114352 0.037500 0.056481
0 0.108073 0.404167 0.030729 0.069444
0 0.177344 0.538889 0.024479 0.062963
0 0.542188 0.056019 0.021875 0.062037
0 0.066927 0.420833 0.042188 0.054630
0 0.151562 0.194907 0.037500 0.043519
0 0.274479 0.683333 0.019792 0.072222
0 0.836198 0.723611 0.031771 0.056481
0 0.098437 0.748148 0.028125 0.064815
0 0.248958 0.645370 0.033333 0.055556
0 0.453125 0.625463 0.033333 0.045370
0 0.416927 0.709722 0.020313 0.065741
0 0.825781 0.219444 0.038021 0.048148
0 0.962500 0.320833 0.028125 0.056481
0 0.030208 0.673611 0.026042 0.071296
0 0.506250 0.079630 0.035417 0.048148
0 0.041406 0.533796 0.035937 0.063889
0 0.066927 0.596759 0.023438 0.071296
0 0.060937 0.484722 0.037500 0.054630
0 0.765885 0.664815 0.036979 0.035185
0 0.384375 0.088426 0.035417 0.049074
0 0.615365 0.801852 0.031771 0.059259
0 0.526302 0.625463 0.020313 0.065741
0 0.330990 0.034722 0.030729 0.058333
0 0.439323 0.549537 0.017188 0.060185
0 0.580208 0.199074 0.017708 0.064815
0 0.324219 0.396296 0.038021 0.038889
0 0.866406 0.046759 0.023438 0.060185
0 0.205729 0.603704 0.025000 0.068519
0 0.915365 0.402315 0.036979 0.052778
0 0.243750 0.209259 0.040625 0.038889
0 0.931510 0.654630 0.034896 0.038889
0 0.333333 0.800463 0.039583 0.050926
0 0.469271 0.512963 0.018750 0.059259
0 0.271354 0.755093 0.020833 0.067593
0 0.598698 0.399074 0.040104 0.046296
0 0.934375 0.311574 0.020833 0.056481
0 0.200000 0.847685 0.025000 0.056481
0 0.358073 0.751389 0.034896 0.047222
0 0.978385 0.511574 0.027604 0.065741
0 0.501302 0.766204 0.034896 0.041667
0 0.159375 0.882407 0.030208 0.061111
0 0.727083 0.033796 0.017708 0.065741
0 0.036198 0.221759 0.027604 0.065741
0 0.025521 0.737963 0.034375 0.061111
0 0.843490 0.049537 0.020313 0.062037
0 0.925000 0.346296 0.032292 0.051852
0 0.128646 0.453704 0.037500 0.040741
0 0.740885 0.342130 0.038021 0.047222
0 0.092448 0.708333 0.043229 0.046296
0 0.775000 0.789352 0.032292 0.047222
0 0.660937 0.175926 0.033333 0.040741
0 0.880469 0.365741 0.035937 0.037037
0 0.033073 0.790278 0.029687 0.073148
0 0.330990 0.068519 0.024479 0.053704
0 0.250260 0.685648 0.030729 0.058333
0 0.707552 0.079167 0.033854 0.054630
0 0.879948 0.695370 0.041146 0.042593
0 0.217969 0.766667 0.042188 0.044444
0 0.017969 0.532870 0.027604 0.063889
0 0.241667 0.725926 0.042708 0.037037
0 0.463021 0.712037 0.018750 0.064815
0 0.272656 0.080556 0.040104 0.037037
0 0.495573 0.730093 0.028646 0.047222
0 0.976302 0.234722 0.030729 0.058333
0 0.967969 0.383333 0.026562 0.064815
0 0.901302 0.527315 0.028646 0.049074
0 0.631250 0.628241 0.022917 0.062037
0 0.761458 0.522222 0.029167 0.048148
0 0.227865 0.871296 0.033854 0.037037
0 0.383073 0.030556 0.031771 0.050000
0 0.434375 0.769907 0.025000 0.062037
0 0.889844 0.295833 0.039062 0.039815
0 0.173698 0.393981 0.028646 0.036111
0 0.684635 0.268519 0.026562 0.044444
0 0.855208 0.111111 0.031250 0.062963
0 0.825781 0.094444 0.034896 0.038889
0 0.600521 0.575000 0.021875 0.059259
0 0.889583 0.334722 0.037500 0.034259
0 0.116927 0.043519 0.035937 0.059259
0 0.848958 0.458796 0.023958 0.065741
0 0.745313 0.133796 0.027083 0.045370
0 0.035417 0.137963 0.038542 0.042593
0 0.929948 0.182407 0.031771 0.055556
0 0.116146 0.767130 0.023958 0.065741
0 0.591927 0.862963 0.026562 0.068519
0 0.011719 0.653704 0.022396 0.066667
0 0.194531 0.893981 0.030729 0.047222
0 0.180469 0.869444 0.020313 0.062963
0 0.751563 0.804630 0.021875 0.068519
0 0.849219 0.331481 0.033854 0.037037
0 0.967708 0.075463 0.036458 0.039815
0 0.151042 0.677315 0.042708 0.049074
0 0.364063 0.829630 0.018750 0.074074
0 0.015104 0.714352 0.029167 0.054630
0 0.931510 0.249074 0.025521 0.053704
0 0.564063 0.017593 0.022917 0.033333
0 0.453906 0.546759 0.017188 0.052778
0 0.286979 0.030556 0.030208 0.059259
0 0.517708 0.507870 0.019792 0.045370
0 0.530469 0.018519 0.036979 0.035185
0 0.959896 0.122222 0.023958 0.050000
0 0.907552 0.241204 0.023438 0.065741
0 0.988542 0.378704 0.021875 0.057407
0 0.984635 0.194907 0.029687 0.039815
0 0.915365 0.090741 0.025521 0.040741
0 0.892708 0.129630 0.037500 0.055556
0 0.011719 0.188426 0.022396 0.054630
0 0.927344 0.029630 0.039062 0.035185
0 0.491667 0.824537 0.025000 0.075000
0 0.093750 0.890278 0.036458 0.050926
0 0.471094 0.876389 0.041146 0.049074
0 0.012240 0.456481 0.023438 0.068519
0 0.013802 0.360185 0.026562 0.044444
0 0.944531 0.390741 0.029687 0.037037
0 0.829427 0.880093 0.033854 0.045370
0 0.208854 0.045833 0.029167 0.056481
0 0.677865 0.013426 0.018229 0.025000
0 0.986198 0.838426 0.026562 0.062037
0 0.994010 0.776389 0.011979 0.036111
0 0.129948 0.955556 0.030729 0.062963
0 0.578385 0.956944 0.027604 0.065741
0 0.097656 0.949074 0.034896 0.055556
0 0.607031 0.957870 0.032813 0.063889
0 0.009375 0.233796 0.017708 0.039815
0 0.684115 0.925463 0.023438 0.058333
0 0.491667 0.968056 0.026042 0.058333
0 0.528125 0.906481 0.030208 0.040741
0 0.824740 0.972685 0.029687 0.045370
0 0.070833 0.014352 0.039583 0.026852
0 0.065365 0.891204 0.036979 0.039815
0 0.715625 0.956481 0.028125 0.072222
0 0.155469 0.966204 0.021354 0.058333
0 0.529948 0.975463 0.039062 0.047222
0 0.854167 0.977778 0.037500 0.025926
0 0.801042 0.964815 0.022917 0.057407
0 0.437500 0.912037 0.045833 0.044444
0 0.037760 0.966667 0.041146 0.051852
0 0.118750 0.232870 0.026042 0.078704
0 0.192969 0.294907 0.026562 0.065741
0 0.218229 0.297685 0.028125 0.049074
0 0.190104 0.349537 0.032292 0.034259
0 0.223958 0.345833 0.035417 0.052778
0 0.202865 0.393981 0.031771 0.054630
0 0.235677 0.373611 0.034896 0.032407
0 0.248958 0.404167 0.039583 0.039815
0 0.269271 0.420833 0.038542 0.047222
0 0.169010 0.234722 0.020313 0.075000
0 0.028646 0.608796 0.022917 0.063889
0 0.052344 0.622222 0.024479 0.061111
0 0.051302 0.562500 0.030729 0.056481
0 0.088802 0.494444 0.016146 0.064815
0 0.117448 0.503241 0.033854 0.054630
0 0.237760 0.969907 0.033854 0.060185
0 0.276562 0.977778 0.037500 0.044444
0 0.381771 0.956019 0.025000 0.067593
0 0.435417 0.879167 0.031250 0.037963
0 0.666406 0.981019 0.029687 0.032407
0 0.641406 0.972685 0.025521 0.047222
0 0.559896 0.981481 0.034375 0.037037
0 0.421875 0.091667 0.016667 0.029630
0 0.427604 0.131944 0.021875 0.060185
0 0.401302 0.163426 0.042188 0.036111
0 0.390885 0.197222 0.038021 0.038889
0 0.376302 0.231944 0.036979 0.052778
0 0.408594 0.243056 0.035937 0.052778
0 0.419010 0.304167 0.030729 0.062037
0 0.445573 0.281944 0.039062 0.045370
0 0.467969 0.250926 0.025521 0.062963
0 0.434635 0.232870 0.031771 0.050926
0 0.440885 0.187500 0.035937 0.050926
0 0.456510 0.151389 0.033854 0.069444
0 0.475260 0.145370 0.026562 0.075926
0 0.490885 0.118981 0.017188 0.067593
0 0.272135 0.021759 0.018229 0.041667
0 0.535417 0.235185 0.025000 0.044444
0 0.483073 0.295370 0.036979 0.053704
0 0.515625 0.301852 0.031250 0.059259
0 0.468490 0.351389 0.034896 0.056481
0 0.492448 0.388889 0.030729 0.059259
0 0.512240 0.373148 0.032813 0.062963
0 0.527604 0.338889 0.018750 0.038889
0 0.560417 0.094907 0.015625 0.025000
0 0.466667 0.462037 0.018750 0.038889
0 0.779427 0.979630 0.030729 0.037037
0 0.987760 0.888889 0.024479 0.044444
0 0.995833 0.656944 0.008333 0.023148
0 0.979948 0.137037 0.025521 0.053704
0 0.950000 0.219907 0.029167 0.060185
0 0.991406 0.236111 0.017188 0.062963
0 0.969010 0.280093 0.035937 0.041667
0 0.520052 0.975000 0.021354 0.044444
0 0.023438 0.886574 0.029167 0.043519
