0 0.508073 0.441204 0.029687 0.060185
0 0.425781 0.439815 0.033854 0.046296
0 0.396094 0.715741 0.033854 0.048148
0 0.380208 0.498611 0.037500 0.039815
0 0.480729 0.324537 0.021875 0.065741
0 0.630729 0.463889 0.022917 0.064815
0 0.408333 0.250926 0.017708 0.070370
0 0.175521 0.292593 0.023958 0.059259
0 0.644792 0.600000 0.034375 0.048148
0 0.172917 0.408796 0.033333 0.050926
0 0.208333 0.323148 0.026042 0.068519
0 0.400781 0.336574 0.022396 0.065741
0 0.426563 0.255556 0.020833 0.070370
0 0.295312 0.185648 0.029167 0.065741
0 0.348438 0.451389 0.030208 0.056481
0 0.341927 0.168519 0.025521 0.061111
0 0.277865 0.418519 0.021354 0.066667
0 0.421875 0.369444 0.031250 0.053704
0 0.373177 0.386111 0.019271 0.062963
0 0.517448 0.259259 0.034896 0.051852
0 0.511458 0.368056 0.018750 0.065741
0 0.550521 0.252315 0.031250 0.050926
0 0.673698 0.444907 0.033854 0.060185
0 0.498958 0.779167 0.033333 0.062037
0 0.776042 0.400463 0.030208 0.058333
0 0.604688 0.468519 0.018750 0.070370
0 0.570573 0.559259 0.033854 0.044444
0 0.470573 0.476852 0.030729 0.035185
0 0.454688 0.353241 0.029167 0.063889
0 0.601823 0.803704 0.022396 0.062963
0 0.627344 0.707407 0.035937 0.037037
0 0.374479 0.148148 0.026042 0.066667
0 0.383073 0.627315 0.021354 0.067593
0 0.527604 0.625000 0.021875 0.062963
0 0.759635 0.520833 0.036979 0.037963
0 0.426823 0.197685 0.030729 0.060185
0 0.441146 0.593056 0.033333 0.036111
0 0.095573 0.281481 0.025521 0.068519
0 0.338021 0.353241 0.034375 0.043519
0 0.592187 0.374074 0.018750 0.064815
0 0.644271 0.317593 0.025000 0.062963
0 0.545573 0.126852 0.020313 0.064815
0 0.435937 0.112963 0.021875 0.066667
0 0.646354 0.552778 0.023958 0.064815
0 0.486979 0.612500 0.031250 0.045370
0 0.675000 0.811111 0.034375 0.046296
0 0.357031 0.239352 0.036979 0.039815
0 0.411198 0.660648 0.018229 0.065741
0 0.743750 0.808796 0.031250 0.062037
0 0.734115 0.655093 0.033854 0.049074
0 0.902344 0.582407 0.035937 0.046296
0 0.551562 0.673148 0.035417 0.042593
0 0.209635 0.224074 0.031771 0.059259
0 0.704688 0.520370 0.020833 0.066667
0 0.686719 0.062963 0.018229 0.066667
0 0.300000 0.304630 0.038542 0.040741
0 0.207813 0.563889 0.031250 0.059259
0 0.514062 0.737500 0.033333 0.041667
0 0.415885 0.824537 0.031771 0.058333
0 0.540365 0.543519 0.019271 0.062963
0 0.554948 0.713889 0.020313 0.057407
0 0.525781 0.809722 0.020313 0.067593
0 0.658073 0.222685 0.017188 0.063889
0 0.277344 0.106481 0.025521 0.064815
0 0.297135 0.676852 0.024479 0.064815
0 0.965625 0.728241 0.036458 0.056481
0 0.095833 0.592593 0.033333 0.061111
0 0.689063 0.205556 0.021875 0.061111
0 0.124219 0.579630 0.030729 0.064815
0 0.049479 0.579630 0.023958 0.066667
0 0.904167 0.631481 0.029167 0.057407
0 0.903125 0.543519 0.038542 0.048148
0 0.184115 0.212963 0.032813 0.053704
0 0.672656 0.492130 0.034896 0.041667
0 0.255208 0.546759 0.039583 0.041667
0 0.668750 0.116667 0.019792 0.051852
0 0.522135 0.033796 0.020313 0.065741
0 0.758854 0.091204 0.022917 0.069444
0 0.146875 0.117130 0.025000 0.071296
0 0.714063 0.270833 0.033333 0.034259
0 0.205208 0.461111 0.027083 0.062963
0 0.328646 0.437037 0.035417 0.048148
0 0.605729 0.218519 0.032292 0.059259
0 0.063021 0.522685 0.029167 0.062037
0 0.657813 0.520833 0.032292 0.056481
0 0.151042 0.226389 0.034375 0.043519
0 0.718490 0.421759 0.030729 0.036111
0 0.176823 0.485185 0.029687 0.062963
0 0.732292 0.176389 0.020833 0.063889
0 0.600781 0.573148 0.021354 0.055556
0 0.044010 0.514815 0.029687 0.068519
0 0.533854 0.325926 0.038542 0.037037
0 0.304688 0.526852 0.023958 0.066667
0 0.317188 0.699074 0.026042 0.066667
0 0.111719 0.112500 0.019271 0.073148
0 0.893750 0.660185 0.033333 0.055556
0 0.741146 0.349074 0.037500 0.038889
0 0.430729 0.062963 0.033333 0.061111
0 0.874219 0.233796 0.019271 0.067593
0 0.803385 0.411111 0.017188 0.062963
0 0.435937 0.664352 0.036458 0.037963
0 0.784375 0.597685 0.032292 0.030556
0 0.283073 0.755093 0.028646 0.062037
0 0.329427 0.858796 0.026562 0.067593
0 0.017969 0.570833 0.032813 0.065741
0 0.863021 0.630093 0.022917 0.065741
0 0.759115 0.258796 0.035937 0.045370
0 0.351042 0.754630 0.031250 0.061111
0 0.929427 0.261574 0.021354 0.060185
0 0.938802 0.369444 0.021354 0.061111
0 0.238542 0.699074 0.033333 0.066667
0 0.874740 0.374537 0.020313 0.063889
0 0.542708 0.060185 0.018750 0.064815
0 0.452604 0.709722 0.017708 0.067593
0 0.082552 0.354167 0.040104 0.047222
0 0.469792 0.703704 0.018750 0.062963
0 0.291406 0.263426 0.041146 0.037963
0 0.287760 0.568519 0.026562 0.068519
0 0.744271 0.044444 0.022917 0.062963
0 0.216146 0.139815 0.040625 0.042593
0 0.059115 0.241667 0.041146 0.062963
0 0.570052 0.812037 0.036979 0.038889
0 0.260937 0.581944 0.039583 0.034259
0 0.162760 0.615278 0.032813 0.049074
0 0.848958 0.379630 0.023958 0.064815
0 0.971354 0.419907 0.033333 0.052778
0 0.489844 0.700000 0.019271 0.059259
0 0.897656 0.226852 0.020313 0.066667
0 0.936198 0.317130 0.020313 0.058333
0 0.290365 0.787037 0.036979 0.048148
0 0.078385 0.126389 0.026562 0.078704
0 0.050521 0.418519 0.037500 0.042593
0 0.975521 0.554167 0.039583 0.050926
0 0.454167 0.548148 0.018750 0.055556
0 0.311198 0.820370 0.034896 0.044444
0 0.255729 0.343519 0.044792 0.038889
0 0.035937 0.458333 0.046875 0.046296
0 0.105208 0.841667 0.038542 0.046296
0 0.472396 0.660648 0.035417 0.037963
0 0.941146 0.799074 0.031250 0.064815
0 0.562760 0.902315 0.032813 0.041667
0 0.813542 0.087500 0.026042 0.065741
0 0.519271 0.505093 0.020833 0.050926
0 0.149219 0.447685 0.032813 0.049074
0 0.325260 0.788426 0.026562 0.063889
0 0.881510 0.696296 0.039062 0.037037
0 0.809635 0.157870 0.033854 0.056481
0 0.028646 0.679630 0.030208 0.068519
0 0.984635 0.266204 0.028646 0.037963
0 0.290365 0.031944 0.024479 0.062037
0 0.785417 0.118056 0.034375 0.047222
0 0.384896 0.032407 0.030208 0.053704
0 0.229948 0.550000 0.024479 0.057407
0 0.317188 0.563426 0.021875 0.067593
0 0.907813 0.353704 0.038542 0.044444
0 0.023958 0.613426 0.032292 0.058333
0 0.873177 0.875000 0.025521 0.070370
0 0.058854 0.805556 0.041667 0.044444
0 0.726302 0.039815 0.016146 0.061111
0 0.975781 0.299074 0.039062 0.044444
0 0.120313 0.506019 0.029167 0.067593
0 0.675000 0.167593 0.038542 0.042593
0 0.904687 0.386111 0.037500 0.040741
0 0.594271 0.885648 0.017708 0.069444
0 0.966406 0.069907 0.031771 0.054630
0 0.964583 0.333333 0.021875 0.061111
0 0.258854 0.813889 0.030208 0.053704
0 0.216927 0.721296 0.023438 0.070370
0 0.234896 0.075926 0.043750 0.038889
0 0.951823 0.487963 0.033854 0.044444
0 0.850781 0.089352 0.029687 0.054630
0 0.280469 0.856481 0.019271 0.070370
0 0.239063 0.028241 0.037500 0.050926
0 0.112760 0.718981 0.035937 0.041667
0 0.866927 0.305093 0.034896 0.049074
0 0.354427 0.807407 0.039062 0.033333
0 0.453906 0.848148 0.023438 0.061111
0 0.835156 0.134722 0.021354 0.063889
0 0.902865 0.294444 0.032813 0.059259
0 0.152604 0.502778 0.027083 0.064815
0 0.164062 0.177315 0.042708 0.036111
0 0.166667 0.805556 0.043750 0.042593
0 0.661198 0.024074 0.016146 0.046296
0 0.803125 0.062037 0.019792 0.064815
0 0.878646 0.112037 0.021875 0.066667
0 0.331771 0.602778 0.025000 0.068519
0 0.634635 0.907407 0.019271 0.066667
0 0.017969 0.513426 0.034896 0.036111
0 0.847917 0.328241 0.036458 0.041667
0 0.939583 0.182870 0.021875 0.069444
0 0.455729 0.924074 0.032292 0.051852
0 0.039583 0.130093 0.039583 0.052778
0 0.909375 0.093519 0.032292 0.046296
0 0.153125 0.764815 0.038542 0.042593
0 0.142708 0.882870 0.039583 0.047222
0 0.093229 0.537037 0.037500 0.038889
0 0.965625 0.180093 0.029167 0.063889
0 0.028125 0.259722 0.037500 0.065741
0 0.127604 0.290741 0.041667 0.064815
0 0.087500 0.871759 0.047917 0.052778
0 0.176302 0.545833 0.028646 0.062037
0 0.189323 0.737963 0.024479 0.072222
0 0.328646 0.041667 0.021875 0.068519
0 0.922917 0.215278 0.034375 0.039815
0 0.927604 0.027778 0.036458 0.037037
0 0.486719 0.923148 0.018229 0.064815
0 0.917188 0.159259 0.034375 0.051852
0 0.227083 0.408333 0.031250 0.062963
0 0.070833 0.064815 0.035417 0.059259
0 0.158333 0.042130 0.045833 0.062037
0 0.009635 0.667130 0.018229 0.065741
0 0.029687 0.052315 0.034375 0.045370
0 0.230469 0.285648 0.035937 0.071296
0 0.969531 0.116667 0.025521 0.037037
0 0.795052 0.696296 0.038021 0.087037
0 0.709115 0.020833 0.015104 0.039815
0 0.709896 0.930093 0.018750 0.062037
0 0.992708 0.818981 0.014583 0.062037
0 0.095573 0.210648 0.051562 0.058333
0 0.333854 0.137963 0.015625 0.042593
0 0.746875 0.933333 0.018750 0.064815
0 0.008854 0.176389 0.016667 0.032407
0 0.511458 0.912500 0.029167 0.036111
0 0.414062 0.929167 0.027083 0.056481
0 0.012240 0.880093 0.023438 0.049074
0 0.278385 0.906481 0.039062 0.037037
0 0.231771 0.935185 0.035417 0.035185
0 0.069010 0.012963 0.038021 0.024074
0 0.382031 0.912500 0.036979 0.043519
0 0.468750 0.879167 0.027083 0.062037
0 0.592969 0.011111 0.015104 0.020370
0 0.007292 0.379630 0.013542 0.042593
0 0.979427 0.969444 0.023438 0.046296
0 0.880208 0.010185 0.016667 0.018519
0 0.097135 0.981019 0.038021 0.036111
0 0.779427 0.976852 0.025521 0.022222
0 0.220052 0.981481 0.031771 0.037037
0 0.810156 0.975926 0.016146 0.020370
0 0.297917 0.956019 0.038542 0.050926
0 0.481771 0.978704 0.025000 0.025926
0 0.569531 0.963889 0.026562 0.062963
0 0.080208 0.603241 0.019792 0.026852
0 0.076042 0.753704 0.017708 0.031481
0 0.979167 0.007870 0.017708 0.013889
0 0.957292 0.956019 0.026042 0.067593
0 0.457552 0.198148 0.026562 0.061111
0 0.490104 0.218981 0.035417 0.052778
0 0.483333 0.171759 0.041667 0.041667
0 0.485156 0.143056 0.039062 0.043519
0 0.470573 0.103704 0.016146 0.025926
0 0.491146 0.069907 0.020833 0.063889
0 0.502083 0.120370 0.038542 0.051852
0 0.520312 0.100463 0.031250 0.069444
0 0.519271 0.192593 0.025000 0.061111
0 0.558073 0.185648 0.027604 0.067593
0 0.599740 0.128241 0.033854 0.037963
0 0.596354 0.168981 0.032292 0.045370
0 0.580469 0.231019 0.021354 0.078704
0 0.460156 0.400926 0.039062 0.046296
0 0.457031 0.447222 0.026562 0.031481
0 0.460677 0.977778 0.024479 0.029630
0 0.254948 0.975000 0.035937 0.046296
0 0.151302 0.974074 0.040104 0.046296
0 0.009896 0.977778 0.018750 0.029630
0 0.004687 0.794907 0.008333 0.060185
0 0.032292 0.851852 0.032292 0.055556
0 0.055729 0.841204 0.036458 0.041667
0 0.062240 0.474537 0.029687 0.028704
0 0.467969 0.586111 0.019271 0.064815
0 0.576823 0.520833 0.040104 0.036111
0 0.570052 0.487963 0.033854 0.038889
0 0.578125 0.441204 0.037500 0.045370
0 0.563802 0.414352 0.036979 0.034259
0 0.545312 0.395833 0.034375 0.054630
0 0.554167 0.346759 0.034375 0.050926
0 0.574740 0.356944 0.021354 0.076852
0 0.712500 0.224537 0.023958 0.036111
0 0.762500 0.372685 0.012500 0.026852
0 0.845833 0.498148 0.023958 0.066667
0 0.864583 0.475926 0.029167 0.057407
0 0.990625 0.236574 0.018750 0.026852
0 0.992448 0.207407 0.015104 0.029630
0 0.742188 0.129167 0.030208 0.043519
0 0.222135 0.176389 0.021354 0.032407
0 0.207292 0.397685 0.036458 0.054630
0 0.275521 0.612963 0.015625 0.027778
