0 0.494140625 0.4704907407407407 0.026656250000000034 0.059731481481481476
0 0.3823229166666666 0.434462962962963 0.02854687499999997 0.057509259259259274
0 0.42065625 0.08621296296296296 0.024140624999999954 0.06477777777777778
0 0.66796875 0.6801203703703703 0.026151041666666687 0.05674999999999997
0 0.5205104166666666 0.4121111111111111 0.03408854166666669 0.05240740740740743
0 0.5092760416666666 0.5494814814814816 0.032468749999999956 0.05026851851851848
0 0.6884791666666668 0.3615462962962963 0.02293229166666677 0.06016666666666668
0 0.3278802083333333 0.11219444444444444 0.028807291666666637 0.06401851851851853
0 0.4418958333333334 0.4121111111111111 0.03259374999999996 0.051212962962963016
0 0.640625 0.4908888888888889 0.03500520833333335 0.04342592592592596
0 0.17480729166666667 0.4409722222222222 0.03521875 0.05962037037037036
0 0.4760729166666666 0.09147222222222223 0.02517708333333329 0.06624074074074074
0 0.5766614583333334 0.4086388888888889 0.033203125 0.05037037037037035
0 0.11047395833333334 0.6098055555555556 0.02619791666666667 0.06597222222222222
0 0.426515625 0.1803425925925926 0.018187500000000037 0.06749074074074073
0 0.418703125 0.24110185185185184 0.020338541666666644 0.07232407407407408
0 0.47754166666666664 0.4038611111111111 0.02442708333333338 0.05433333333333329
0 0.4516614583333334 0.4908888888888889 0.035947916666666656 0.040768518518518496
0 0.4116197916666666 0.41450000000000004 0.023999999999999962 0.06597222222222222
0 0.20276041666666667 0.5273425925925925 0.03643750000000002 0.046064814814814815
0 0.8383802083333334 0.8320277777777778 0.031312499999999945 0.04730555555555548
0 0.22607291666666668 0.6796851851851852 0.021776041666666697 0.06900925925925923
0 0.673828125 0.4398888888888889 0.01964062500000002 0.06271296296296298
0 0.625 0.42230555555555555 0.023817708333333344 0.05631481481481486
0 0.486328125 0.6384537037037037 0.021208333333333346 0.06851851851851852
0 0.15478645833333332 0.6410555555555556 0.03607291666666666 0.04622222222222229
0 0.254640625 0.6523425925925925 0.019010416666666665 0.06749074074074084
0 0.52734375 0.21299999999999997 0.018984374999999963 0.06179629629629628
0 0.063234375 0.6853333333333333 0.03753645833333333 0.04885185185185184
0 0.229734375 0.542537037037037 0.023817708333333344 0.06537962962962954
0 0.5869166666666668 0.301 0.03390624999999995 0.04598148148148145
0 0.3579114583333334 0.17133333333333334 0.02635416666666662 0.06749074074074073
0 0.4064947916666667 0.5577222222222222 0.018692708333333384 0.06825000000000003
0 0.765625 0.4943611111111111 0.039124999999999945 0.04335185185185184
0 0.38574479166666664 0.6093796296296297 0.03616145833333337 0.038435185185185176
0 0.224609375 0.2634537037037037 0.039182291666666674 0.056749999999999995
0 0.294921875 0.5243055555555556 0.02854687499999997 0.06586111111111122
0 0.37207291666666664 0.3448333333333333 0.03567708333333333 0.04980555555555552
0 0.5283229166666668 0.3485277777777778 0.022536458333333384 0.06109259259259261
0 0.7290052083333334 0.698787037037037 0.03802604166666678 0.03887037037037039
0 0.52734375 0.11285185185185184 0.01971354166666662 0.06879629629629631
0 0.9028333333333334 0.6966111111111112 0.02630729166666678 0.06462037037037034
0 0.4494635416666667 0.15288888888888888 0.03338541666666662 0.04969444444444446
0 0.9340833333333334 0.5473055555555556 0.01964062500000002 0.06390740740740739
0 0.40527604166666664 0.15180555555555555 0.030276041666666722 0.06076851851851851
0 0.916015625 0.5907129629629629 0.020093749999999962 0.06760185185185184
0 0.45410416666666664 0.0770925925925926 0.018692708333333384 0.0652685185185185
0 0.6733385416666666 0.5191018518518519 0.03738541666666677 0.03553703703703714
0 0.3903802083333333 0.10166666666666668 0.03390624999999995 0.0498888888888889
0 0.026354166666666668 0.4891481481481481 0.03332291666666667 0.059620370370370414
0 0.3842760416666666 0.20399074074074075 0.021744791666666666 0.06851851851851852
0 0.455078125 0.5950555555555556 0.020291666666666687 0.06889814814814822
0 0.16528125 0.5525185185185185 0.040921875000000024 0.04212962962962963
0 0.533203125 0.63325 0.035734375000000006 0.04587037037037034
0 0.6879895833333334 0.6280370370370371 0.019197916666666735 0.06152777777777782
0 0.5073229166666666 0.2205925925925926 0.018937499999999947 0.06510185185185183
0 0.72265625 0.6605925925925926 0.02747916666666678 0.05083333333333342
0 0.47534375 0.5664074074074075 0.018583333333333365 0.06537962962962954
0 0.21996875 0.42491666666666666 0.030333333333333337 0.06223148148148151
0 0.338625 0.19780555555555554 0.03720312500000003 0.056638888888888905
0 0.5966822916666668 0.1618888888888889 0.033140625000000055 0.044675925925925924
0 0.4650885416666667 0.19433333333333333 0.03622395833333331 0.04283333333333333
0 0.658203125 0.5889722222222222 0.02297916666666661 0.06684259259259265
0 0.2770989583333333 0.4090740740740741 0.026151041666666687 0.06711111111111112
0 0.113953125 0.6875 0.03607291666666666 0.045351851851851865
0 0.18371354166666667 0.3574259259259259 0.04025520833333331 0.045351851851851865
0 0.43066666666666664 0.6458333333333334 0.02169791666666671 0.06109259259259261
0 0.8173854166666668 0.8819444444444444 0.022843750000000065 0.058592592592592564
0 0.755859375 0.7686666666666666 0.017989583333333316 0.06087037037037038
0 0.4204114583333334 0.4683148148148148 0.03643750000000002 0.03518518518518519
0 0.9423854166666668 0.7087685185185185 0.021744791666666666 0.05837962962962959
0 0.8569322916666666 0.4900185185185185 0.03567708333333333 0.04885185185185184
0 0.8237291666666666 0.4587685185185185 0.02215624999999998 0.06662037037037041
0 0.3630364583333333 0.1014537037037037 0.02059895833333331 0.06261111111111112
0 0.173828125 0.6974814814814815 0.03540104166666668 0.057944444444444375
0 0.199828125 0.3072962962962963 0.0395520833333333 0.04492592592592591
0 0.7216822916666668 0.82075 0.03896875000000009 0.043074074074074056
0 0.9677760416666668 0.4340277777777778 0.027265624999999953 0.056861111111111085
0 0.32324479166666664 0.5130185185185184 0.018984375000000022 0.06722222222222214
0 0.12408333333333334 0.19303703703703703 0.026505208333333325 0.06760185185185184
0 0.8442395833333334 0.6085092592592594 0.020020833333333363 0.059027777777777776
0 0.4379895833333334 0.5429722222222222 0.0390625 0.03545370370370367
0 0.9008802083333334 0.471787037037037 0.03775000000000001 0.04038888888888884
0 0.3635260416666667 0.28450925925925924 0.03347916666666665 0.04212962962962963
0 0.806640625 0.7313333333333334 0.03482291666666673 0.04259259259259259
0 0.2719739583333334 0.5746574074074075 0.03482291666666664 0.03784259259259249
0 0.7084947916666666 0.20757407407407408 0.029203125000000087 0.049129629629629634
0 0.7822291666666668 0.5447037037037037 0.023557291666666678 0.06282407407407399
0 0.2990729166666667 0.46267592592592593 0.04009895833333334 0.041555555555555554
0 0.1849375 0.5980925925925926 0.021088541666666672 0.0625
0 0.3337395833333333 0.24978703703703703 0.027739583333333328 0.06900925925925923
0 0.6704114583333334 0.10921296296296296 0.03396354166666669 0.044324074074074064
0 0.40746875 0.6723055555555556 0.030624999999999975 0.0463333333333333
0 0.8422864583333334 0.37825925925925924 0.027010416666666735 0.055037037037037086
0 0.720703125 0.06119444444444445 0.018874999999999885 0.06369444444444447
0 0.1677239583333333 0.3164074074074074 0.037473958333333356 0.04383333333333336
0 0.572265625 0.4648425925925926 0.01934895833333338 0.062333333333333275
0 0.9189479166666668 0.3808611111111111 0.020067708333333437 0.06223148148148151
0 0.20544270833333333 0.6024351851851851 0.031796874999999974 0.06352777777777768
0 0.7856458333333334 0.27929629629629626 0.02169791666666659 0.06005555555555557
0 0.066953125 0.44922222222222224 0.03476041666666667 0.05566666666666667
0 0.7583020833333334 0.6840277777777778 0.02801562499999998 0.05935185185185177
0 0.859375 0.5664074074074075 0.03021354166666678 0.05392592592592593
0 0.7314479166666668 0.24587962962962964 0.0343020833333334 0.055879629629629654
0 0.305421875 0.21083333333333332 0.027328125000000016 0.07101851851851854
0 0.875 0.29383333333333334 0.016281250000000115 0.06662037037037041
0 0.2827135416666666 0.6627592592592593 0.020140625000000037 0.0642870370370371
0 0.9370104166666666 0.1808796296296296 0.024703124999999916 0.062231481481481464
0 0.7612291666666666 0.11664814814814815 0.0301510416666666 0.04712037037037038
0 0.8481458333333334 0.7434907407407407 0.037046875000000055 0.0348611111111112
0 0.7426770833333334 0.09130555555555556 0.02116145833333339 0.06087037037037035
0 0.9174791666666666 0.7999166666666666 0.037901041666666656 0.03925000000000009
0 0.8139635416666666 0.36588888888888893 0.02838020833333322 0.06342592592592593
0 0.8374010416666666 0.5507777777777778 0.018874999999999885 0.06271296296296298
0 0.7529322916666668 0.5577222222222222 0.030958333333333362 0.04923148148148155
0 0.14794791666666668 0.6831574074074074 0.020723958333333313 0.06179629629629631
0 0.050140625 0.8038240740740741 0.026552083333333327 0.06825000000000003
0 0.2541510416666667 0.36327777777777776 0.03616145833333337 0.04408333333333335
0 0.9111354166666668 0.20225925925925925 0.028869791666666582 0.059731481481481476
0 0.33203125 0.32899074074074075 0.022291666666666644 0.06993518518518516
0 0.6372083333333334 0.08045370370370371 0.03494270833333341 0.041398148148148156
0 0.3046875 0.1622222222222222 0.04077083333333332 0.040935185185185165
0 0.267578125 0.6970462962962962 0.022932291666666653 0.06559259259259252
0 0.822265625 0.6909722222222222 0.031984374999999926 0.05686111111111119
0 0.4548333333333333 0.7144074074074074 0.037109375 0.048018518518518426
0 0.7578125 0.2907962962962963 0.03149479166666656 0.06087037037037038
0 0.9809583333333334 0.5043425925925926 0.032895833333333256 0.029268518518518426
0 0.8154322916666668 0.5486111111111112 0.02418750000000003 0.06488888888888882
0 0.9106458333333334 0.6514722222222222 0.04153645833333333 0.03798148148148146
0 0.7666041666666668 0.6358518518518519 0.026458333333333427 0.057620370370370384
0 0.29590104166666664 0.11902777777777779 0.03259374999999996 0.057398148148148156
0 0.3557135416666667 0.03217592592592593 0.0394895833333333 0.04375925925925925
0 0.9189479166666668 0.8485277777777778 0.03347916666666677 0.06526851851851853
0 0.78515625 0.34526851851851853 0.03347916666666677 0.05422222222222217
0 0.8725572916666666 0.730037037037037 0.031557291666666744 0.059027777777777776
0 0.7138697916666668 0.11414814814814815 0.02780208333333339 0.05514814814814815
0 0.9301770833333334 0.1172962962962963 0.03423958333333322 0.0496111111111111
0 0.8740260416666668 0.6861944444444444 0.0390625 0.051435185185185146
0 0.5395520833333334 0.849824074074074 0.029312500000000043 0.05837962962962959
0 0.17578125 0.2341574074074074 0.03881770833333332 0.04571296296296297
0 0.9653333333333334 0.10090740740740742 0.019010416666666665 0.060601851851851865
0 0.94140625 0.39799999999999996 0.02488541666666677 0.06711111111111112
0 0.5991197916666666 0.8298611111111112 0.025328125000000055 0.06060185185185189
0 0.9594739583333334 0.8337685185185185 0.03359895833333345 0.039685185185185094
0 0.073671875 0.3261759259259259 0.03204166666666666 0.07047222222222224
0 0.759765625 0.21224074074074073 0.035890624999999926 0.04950925925925923
0 0.3103020833333333 0.7799444444444444 0.03372395833333333 0.05750925925925917
0 0.791015625 0.599824074074074 0.028276041666666647 0.056962962962962944
0 0.451171875 0.7530370370370371 0.0375364583333333 0.04793518518518517
0 0.7978541666666668 0.16916666666666666 0.03476041666666655 0.03947222222222222
0 0.7895520833333334 0.13053703703703703 0.03616145833333325 0.04367592592592594
0 0.6044947916666668 0.06993518518518518 0.017104166666666743 0.06499999999999999
0 0.9711927083333334 0.27994444444444444 0.03378125000000007 0.05015740740740737
0 0.3337395833333333 0.849824074074074 0.024473958333333337 0.06635185185185193
0 0.25903125 0.22005555555555553 0.02400000000000002 0.07139814814814814
0 0.9780260416666666 0.38910185185185187 0.02838020833333322 0.057398148148148156
0 0.982421875 0.33940740740740744 0.029203125000000087 0.057509259259259274
0 0.7329114583333334 0.31337037037037035 0.020598958333333427 0.062009259259259285
0 0.8564479166666668 0.3107685185185185 0.027953125000000037 0.05270370370370366
0 0.978515625 0.24326851851851852 0.03548958333333327 0.037842592592592594
0 0.15417708333333333 0.16416666666666668 0.025619791666666693 0.05485185185185186
0 0.69140625 0.869361111111111 0.03720312499999991 0.048398148148148135
0 0.09979166666666667 0.18413888888888888 0.02399999999999999 0.06787037037037039
0 0.29394791666666664 0.07194444444444445 0.03454687499999996 0.05170370370370371
0 0.3403333333333334 0.7591111111111112 0.04177604166666669 0.045111111111111137
0 0.015489583333333331 0.7973055555555556 0.023958333333333335 0.06944444444444445
0 0.1171875 0.4631111111111112 0.033265625 0.06993518518518521
0 0.020447916666666663 0.6180555555555556 0.037598958333333335 0.05311111111111102
0 0.939453125 0.8658888888888888 0.038328125000000074 0.04587037037037034
0 0.9868177083333334 0.5594629629629629 0.02488541666666677 0.03553703703703714
0 0.8740260416666668 0.3472222222222222 0.03582812499999998 0.0393055555555556
0 0.5874010416666666 0.6241296296296296 0.02169791666666659 0.06559259259259252
0 0.8388697916666668 0.08978703703703704 0.03759895833333336 0.0395462962962963
0 0.7875989583333334 0.058916666666666666 0.03643750000000002 0.03491666666666666
0 0.3461927083333334 0.7113703703703703 0.03210416666666672 0.03621296296296287
0 0.8818385416666668 0.03762037037037037 0.017515625000000055 0.061907407407407404
0 0.86328125 0.24826851851851853 0.035276041666666674 0.043074074074074056
0 0.049317708333333335 0.8632777777777778 0.03845312499999999 0.04225925925925935
0 0.8120104166666666 0.3083796296296296 0.03955208333333336 0.04123148148148146
0 0.6245104166666666 0.8941018518518519 0.03616145833333325 0.04527777777777786
0 0.8334947916666666 0.056527777777777774 0.03661979166666664 0.03531481481481482
0 0.9809583333333334 0.17838888888888887 0.03573437500000007 0.06559259259259256
0 0.082703125 0.525611111111111 0.049406250000000006 0.04785185185185191
0 0.031921875 0.34700925925925924 0.03790104166666666 0.04432407407407408
0 0.15930208333333334 0.13173148148148148 0.04052604166666664 0.059138888888888894
0 0.3715833333333334 0.838111111111111 0.026109375000000056 0.055666666666666566
0 0.182984375 0.2725740740740741 0.04162499999999998 0.03916666666666663
0 0.9458020833333334 0.917537037037037 0.03125 0.060277777777777694
0 0.48315625 0.894962962962963 0.03533854166666662 0.045712962962962865
0 0.160890625 0.7795185185185185 0.040010416666666694 0.05281481481481478
0 0.8544947916666668 0.02094444444444445 0.03448437500000002 0.03512962962962963
0 0.22778125 0.4709166666666667 0.03442187500000002 0.036157407407407416
0 0.5597031250000001 0.1837962962962963 0.03732291666666659 0.06005555555555557
0 0.654296875 0.8572037037037037 0.03661979166666664 0.03740740740740749
0 0.10540624999999999 0.8598055555555556 0.042635416666666676 0.04831481481481487
0 0.3125 0.6475740740740741 0.03396354166666669 0.07411111111111107
0 0.39965625 0.01864814814814815 0.03521875000000006 0.036074074074074085
0 0.9848645833333334 0.3049074074074074 0.0301510416666666 0.04274999999999996
0 0.014953125000000001 0.42230555555555555 0.028703125 0.04114814814814809
0 0.65625 0.9236111111111112 0.029875000000000065 0.0588148148148148
0 0.2866197916666666 0.8198796296296297 0.03515625 0.05311111111111102
0 0.067078125 0.2111574074074074 0.031739583333333335 0.06787037037037036
0 0.7172864583333334 0.9131944444444444 0.038328125000000074 0.0356759259259259
0 0.11950520833333332 0.8984351851851852 0.03994791666666667 0.042666666666666596
0 0.3855 0.5525185185185185 0.018234374999999994 0.044759259259259186
0 0.896484375 0.931425925925926 0.03500520833333335 0.06380555555555553
0 0.5786145833333334 0.7222222222222222 0.02780208333333339 0.03993518518518529
0 0.4204114583333334 0.7148425925925925 0.033203125 0.05984259259259269
0 0.9184583333333334 0.0354537037037037 0.03283854166666676 0.05620370370370371
0 0.047151041666666664 0.8871574074074075 0.03869791666666667 0.03954629629629633
0 0.27636979166666664 0.6197962962962963 0.030380208333333325 0.03393518518518527
0 0.7114270833333334 0.9461851851851851 0.024338541666666675 0.05951851851851849
0 0.4487291666666666 0.8941018518518519 0.03448437500000002 0.03857407407407415
0 0.3439947916666667 0.44575000000000004 0.018296875000000056 0.03813888888888883
0 0.06561458333333334 0.9331574074074074 0.04208333333333333 0.03930555555555549
0 0.7607447916666668 0.011537037037037038 0.018098958333333335 0.02287962962962963
0 0.23303125 0.8216111111111112 0.031796874999999974 0.06076851851851841
0 0.2795416666666667 0.8993055555555556 0.04385416666666669 0.039685185185185094
0 0.03790104166666666 0.2208148148148148 0.03430208333333332 0.06462037037037038
0 0.8203125 0.01113888888888889 0.01998958333333339 0.02226851851851852
0 0.04858333333333333 0.0658611111111111 0.03423958333333334 0.0860462962962963
0 0.55859375 0.8736944444444444 0.023026041666666684 0.0356759259259259
0 0.5200208333333334 0.9192685185185184 0.03442187500000002 0.04326851851851853
0 0.2185052083333333 0.9539907407407406 0.019453125000000012 0.07665740740740737
0 0.8056666666666668 0.011268518518518516 0.025468750000000047 0.021592592592592594
0 0.5234375 0.8316018518518519 0.018124999999999978 0.0360000000000001
0 0.4045416666666667 0.9375 0.03683333333333335 0.05935185185185177
0 0.7314479166666668 0.9722222222222222 0.03671354166666655 0.04885185185185195
0 0.2504895833333333 0.5234351851851852 0.02258333333333334 0.040768518518518496
0 0.5317395833333334 0.9652777777777778 0.03125 0.05474074074074064
0 0.11083854166666667 0.96875 0.037901041666666656 0.04950925925925918
0 0.5639635416666666 0.9652777777777778 0.035890624999999926 0.04793518518518517
0 0.8110364583333334 0.9661481481481482 0.03494270833333341 0.05620370370370364
0 0.9111354166666668 0.974824074074074 0.029416666666666678 0.02669444444444438
0 0.244875 0.96875 0.02886979166666664 0.0533055555555556
0 0.2973645833333334 0.9470462962962962 0.032468749999999956 0.06851851851851852
0 0.15905729166666666 0.9279537037037038 0.05117708333333333 0.05935185185185177
0 0.06732291666666666 0.973962962962963 0.02964583333333334 0.03559259259259264
0 0.14770833333333336 0.9710277777777778 0.03789583333333333 0.053870370370370325
0 0.4611354166666667 0.9609351851851852 0.03186458333333337 0.05924074074074076
0 0.48601041666666667 0.9622314814814815 0.035682291666666664 0.04605555555555546
0 0.6088854166666666 0.9670185185185186 0.027328124999999894 0.01800925925925909
0 0.628125 0.9726851851851852 0.025 0.05462962962962963
0 0.70703125 0.9765648148148148 0.03732291666666659 0.033796296296296297
0 0.5143072916666667 0.11562037037037037 0.026609374999999956 0.05896296296296297
0 0.5009270833333334 0.1571759259259259 0.026901041666666715 0.07517592592592592
0 0.359375 0.008333333333333333 0.03958333333333333 0.016666666666666666
0 0.1545416666666667 0.5975648148148148 0.044468749999999994 0.05063888888888894
0 0.46814583333333337 0.5161481481481482 0.0373385416666667 0.04529629629629636
0 0.1732864583333333 0.5217685185185185 0.034916666666666644 0.05585185185185179
0 0.6269166666666667 0.5900462962962963 0.03307812500000011 0.06487037037037031
0 0.5501770833333333 0.43603703703703706 0.027786458333333285 0.037018518518518534
0 0.5957864583333333 0.36749074074074073 0.034328124999999925 0.0525648148148148
0 0.5871145833333333 0.2524351851851852 0.031093749999999906 0.04406481481481484
0 0.5481927083333333 0.24099999999999996 0.019697916666666752 0.041527777777777795
0 0.5800572916666666 0.21362037037037038 0.039322916666666666 0.06026851851851849
0 0.6188281250000001 0.2353148148148148 0.04042708333333327 0.060009259259259234
0 0.6320989583333334 0.17062962962962963 0.029328124999999972 0.06653703703703705
0 0.6391927083333333 0.11835185185185185 0.024697916666666705 0.06652777777777778
0 0.6584479166666667 0.16625 0.02440104166666662 0.07659259259259261
0 0.6715312499999999 0.21342592592592594 0.03057812500000002 0.05804629629629632
0 0.6946145833333334 0.26458333333333334 0.03910416666666663 0.05635185185185186
0 0.6738489583333334 0.3171203703703704 0.038734374999999946 0.037537037037037
0 0.655359375 0.3763888888888889 0.032343749999999956 0.06407407407407412
0 0.6435260416666666 0.41709259259259257 0.02396354166666678 0.06813888888888892
0 0.6360677083333334 0.3211759259259259 0.027859374999999888 0.06525000000000003
0 0.6391510416666667 0.2713888888888889 0.04226562500000005 0.05112962962962966
0 0.754890625 0.6111574074074073 0.02293229166666677 0.061712962962963046
0 0.8450208333333333 0.6807592592592593 0.03028645833333338 0.0668703703703704
0 0.8666979166666666 0.6389166666666667 0.04197395833333341 0.03824999999999995
0 0.9022291666666666 0.3408333333333334 0.027078124999999887 0.06973148148148144
0 0.9047083333333333 0.2854907407407407 0.041343750000000054 0.03737962962962963
0 0.90015625 0.24382407407407405 0.0349947916666667 0.05265740740740741
0 0.9643541666666666 0.9722222222222222 0.019197916666666735 0.025583333333333434