0 0.643229 0.486574 0.023958 0.062037
0 0.665885 0.537037 0.031771 0.055556
0 0.633854 0.419907 0.032292 0.054630
0 0.701823 0.452778 0.032813 0.057407
0 0.662240 0.681481 0.033854 0.046296
0 0.264844 0.599074 0.031771 0.055556
0 0.383594 0.434722 0.028646 0.047222
0 0.689323 0.560648 0.030729 0.062037
0 0.657552 0.229167 0.019271 0.063889
0 0.384115 0.648611 0.023438 0.065741
0 0.402604 0.360648 0.025000 0.065741
0 0.329427 0.620370 0.031771 0.055556
0 0.522135 0.375926 0.020313 0.066667
0 0.646354 0.584722 0.028125 0.058333
0 0.754167 0.620833 0.029167 0.054630
0 0.307552 0.672222 0.029687 0.062963
0 0.666667 0.411111 0.028125 0.055556
0 0.440365 0.234722 0.025521 0.060185
0 0.601302 0.313426 0.020313 0.067593
0 0.551042 0.481481 0.034375 0.037037
0 0.754687 0.240278 0.023958 0.067593
0 0.280208 0.282870 0.034375 0.062037
0 0.619531 0.571759 0.024479 0.065741
0 0.702865 0.599537 0.035937 0.045370
0 0.703385 0.663889 0.035937 0.051852
0 0.449479 0.720370 0.025000 0.062963
0 0.452604 0.426852 0.019792 0.068519
0 0.638802 0.318519 0.021354 0.066667
0 0.483594 0.472222 0.028646 0.055556
0 0.480729 0.270833 0.033333 0.049074
0 0.719010 0.423148 0.033854 0.044444
0 0.759896 0.081944 0.026042 0.065741
0 0.768750 0.363889 0.022917 0.066667
0 0.849479 0.382407 0.027083 0.059259
0 0.341667 0.346759 0.018750 0.067593
0 0.510417 0.247685 0.019792 0.071296
0 0.453646 0.149074 0.025000 0.066667
0 0.535937 0.305093 0.020833 0.073148
0 0.950781 0.719907 0.029687 0.054630
0 0.263281 0.745370 0.028646 0.059259
0 0.163021 0.345833 0.033333 0.054630
0 0.342187 0.581481 0.037500 0.037037
0 0.910417 0.637037 0.035417 0.044444
0 0.512240 0.126852 0.030729 0.062963
0 0.406771 0.309722 0.034375 0.060185
0 0.847917 0.457407 0.019792 0.066667
0 0.436198 0.573148 0.018229 0.066667
0 0.454688 0.757407 0.034375 0.042593
0 0.931771 0.316667 0.025000 0.059259
0 0.578646 0.727778 0.035417 0.055556
0 0.548958 0.369444 0.017708 0.066667
0 0.893750 0.504167 0.037500 0.041667
0 0.622656 0.631944 0.023438 0.065741
0 0.757812 0.419444 0.036458 0.044444
0 0.413802 0.450463 0.029687 0.036111
0 0.853646 0.550926 0.017708 0.068519
0 0.647656 0.111111 0.030729 0.061111
0 0.480469 0.600463 0.034896 0.047222
0 0.497135 0.420833 0.031771 0.043519
0 0.418750 0.707870 0.031250 0.054630
0 0.699479 0.514352 0.030208 0.049074
0 0.703906 0.293519 0.018229 0.059259
0 0.334115 0.496296 0.021354 0.066667
0 0.088021 0.365741 0.034375 0.062963
0 0.485938 0.657870 0.018750 0.065741
0 0.450000 0.326389 0.023958 0.063889
0 0.204427 0.383796 0.025521 0.065741
0 0.093490 0.244907 0.033854 0.065741
0 0.390885 0.817130 0.036979 0.041667
0 0.713281 0.078241 0.025521 0.063889
0 0.153385 0.423148 0.026562 0.059259
0 0.539844 0.543981 0.018229 0.062037
0 0.206771 0.454167 0.032292 0.067593
0 0.255729 0.533333 0.036458 0.044444
0 0.206250 0.294444 0.022917 0.064815
0 0.158073 0.515278 0.022396 0.071296
0 0.351042 0.789352 0.039583 0.039815
0 0.761458 0.713889 0.036458 0.038889
0 0.413281 0.755093 0.036979 0.049074
0 0.773177 0.158333 0.035937 0.048148
0 0.466146 0.675463 0.019792 0.063889
0 0.577344 0.432870 0.018229 0.058333
0 0.805469 0.675463 0.027604 0.060185
0 0.927344 0.381944 0.028646 0.062037
0 0.582812 0.193056 0.017708 0.067593
0 0.341667 0.109259 0.035417 0.050000
0 0.252604 0.288889 0.019792 0.070370
0 0.541667 0.213889 0.034375 0.046296
0 0.885677 0.189352 0.023438 0.067593
0 0.600260 0.574537 0.022396 0.060185
0 0.527604 0.626389 0.018750 0.063889
0 0.181771 0.475000 0.036458 0.035185
0 0.288281 0.554630 0.035937 0.040741
0 0.607031 0.230556 0.029687 0.050000
0 0.928385 0.253704 0.021354 0.057407
0 0.953385 0.612963 0.029687 0.070370
0 0.874219 0.782870 0.035937 0.062037
0 0.734635 0.755093 0.021354 0.063889
0 0.074219 0.585648 0.034896 0.067593
0 0.301563 0.792130 0.039583 0.039815
0 0.787240 0.374074 0.023438 0.066667
0 0.029687 0.681019 0.028125 0.069444
0 0.934115 0.609259 0.025521 0.070370
0 0.373958 0.145370 0.036458 0.048148
0 0.078385 0.638889 0.040104 0.046296
0 0.285677 0.383796 0.038021 0.036111
0 0.809896 0.115278 0.031250 0.062037
0 0.745313 0.035185 0.028125 0.061111
0 0.334115 0.050000 0.021354 0.066667
0 0.291667 0.465741 0.022917 0.075926
0 0.118490 0.646296 0.040104 0.038889
0 0.817187 0.203241 0.032292 0.049074
0 0.178646 0.531481 0.021875 0.074074
0 0.763542 0.523611 0.028125 0.049074
0 0.177083 0.416204 0.029167 0.065741
0 0.698958 0.787963 0.018750 0.066667
0 0.402604 0.781019 0.034375 0.047222
0 0.726302 0.265278 0.033854 0.045370
0 0.113021 0.301389 0.031250 0.063889
0 0.132031 0.462500 0.035937 0.052778
0 0.072135 0.481481 0.039062 0.053704
0 0.648177 0.833796 0.028646 0.063889
0 0.650000 0.044444 0.034375 0.050000
0 0.029167 0.613889 0.026042 0.070370
0 0.810417 0.423148 0.019792 0.068519
0 0.195573 0.250000 0.038021 0.048148
0 0.162240 0.299537 0.041146 0.041667
0 0.828906 0.435185 0.021354 0.068519
0 0.157031 0.686574 0.041146 0.034259
0 0.246615 0.378704 0.033854 0.048148
0 0.158333 0.587963 0.034375 0.057407
0 0.279167 0.086574 0.034375 0.056481
0 0.359635 0.752315 0.036979 0.041667
0 0.339062 0.230556 0.038542 0.037037
0 0.858073 0.726389 0.033854 0.065741
0 0.312500 0.304167 0.036458 0.043519
0 0.200521 0.664815 0.042708 0.031481
0 0.294271 0.739815 0.023958 0.066667
0 0.436198 0.676852 0.036979 0.037037
0 0.792708 0.624074 0.040625 0.046296
0 0.086719 0.710648 0.036979 0.043519
0 0.745833 0.881481 0.031250 0.057407
0 0.453906 0.548148 0.017188 0.055556
0 0.724219 0.037963 0.022396 0.057407
0 0.400521 0.173611 0.036458 0.037963
0 0.101042 0.578241 0.041667 0.052778
0 0.208073 0.601852 0.022396 0.068519
0 0.121094 0.516204 0.040104 0.045370
0 0.882812 0.693981 0.038542 0.039815
0 0.870313 0.265741 0.039583 0.044444
0 0.266146 0.034259 0.021875 0.066667
0 0.970833 0.248611 0.026042 0.065741
0 0.077344 0.281944 0.025521 0.073148
0 0.519271 0.504630 0.019792 0.048148
0 0.158854 0.833333 0.042708 0.037037
0 0.236198 0.259259 0.042188 0.038889
0 0.829688 0.840741 0.033333 0.059259
0 0.880729 0.360648 0.026042 0.052778
0 0.157552 0.774537 0.039062 0.065741
0 0.287240 0.030093 0.028646 0.058333
0 0.470833 0.032870 0.030208 0.049074
0 0.284896 0.144907 0.036458 0.045370
0 0.334896 0.433333 0.036458 0.051852
0 0.740625 0.343981 0.039583 0.045370
0 0.884635 0.111574 0.027604 0.063889
0 0.212500 0.892593 0.036458 0.057407
0 0.957812 0.517593 0.033333 0.061111
0 0.101042 0.479167 0.039583 0.050926
0 0.753125 0.805556 0.018750 0.068519
0 0.054948 0.725000 0.029687 0.068519
0 0.832812 0.125463 0.036458 0.041667
0 0.382552 0.029630 0.034896 0.050000
0 0.046875 0.817130 0.030208 0.067593
0 0.090365 0.404167 0.040104 0.034259
0 0.168490 0.891204 0.022396 0.060185
0 0.085677 0.823148 0.032813 0.061111
0 0.139063 0.571759 0.031250 0.067593
0 0.117708 0.769907 0.029167 0.067593
0 0.794271 0.283796 0.040625 0.039815
0 0.060677 0.157870 0.023438 0.071296
0 0.063281 0.774074 0.044271 0.042593
0 0.972396 0.794907 0.025000 0.063889
0 0.204687 0.057407 0.032292 0.061111
0 0.143750 0.257407 0.029167 0.066667
0 0.195052 0.159259 0.026562 0.074074
0 0.285417 0.910185 0.036458 0.044444
0 0.914323 0.211574 0.036979 0.060185
0 0.618490 0.048611 0.032813 0.045370
0 0.367708 0.081481 0.038542 0.053704
0 0.032292 0.191204 0.032292 0.071296
0 0.372135 0.889352 0.021354 0.067593
0 0.017708 0.441667 0.034375 0.048148
0 0.848958 0.330556 0.037500 0.044444
0 0.188802 0.881019 0.023438 0.063889
0 0.085938 0.097685 0.030208 0.073148
0 0.384896 0.064352 0.036458 0.052778
0 0.114323 0.830093 0.045312 0.037963
0 0.629427 0.841204 0.020313 0.071296
0 0.851042 0.032407 0.021875 0.062963
0 0.050260 0.082407 0.034896 0.064815
0 0.034635 0.512963 0.030729 0.070370
0 0.868490 0.043056 0.022396 0.052778
0 0.062760 0.460185 0.047396 0.035185
0 0.016927 0.355093 0.032813 0.041667
0 0.111198 0.878241 0.048438 0.039815
0 0.420052 0.883333 0.029687 0.038889
0 0.115104 0.092130 0.028125 0.071296
0 0.150781 0.118056 0.028646 0.075000
0 0.956250 0.188889 0.043750 0.053704
0 0.028906 0.134722 0.041146 0.067593
0 0.596354 0.912037 0.037500 0.037037
0 0.527083 0.065278 0.032292 0.062037
0 0.927604 0.030093 0.036458 0.037963
0 0.764844 0.893519 0.026562 0.050000
0 0.098177 0.171759 0.027604 0.073148
0 0.976302 0.078704 0.040104 0.044444
0 0.914844 0.164815 0.033854 0.062963
0 0.896875 0.062963 0.033333 0.053704
0 0.596094 0.018519 0.019271 0.035185
0 0.319531 0.022222 0.034896 0.042593
0 0.914844 0.087963 0.026562 0.044444
0 0.133333 0.931481 0.039583 0.040741
0 0.744271 0.132407 0.025000 0.038889
0 0.958333 0.118056 0.021875 0.047222
0 0.592969 0.945833 0.029687 0.052778
0 0.206771 0.015278 0.037500 0.028704
0 0.456771 0.933333 0.037500 0.035185
0 0.407552 0.913426 0.041146 0.045370
0 0.988802 0.239815 0.022396 0.048148
0 0.008594 0.651389 0.016146 0.062037
0 0.026823 0.047685 0.034896 0.036111
0 0.613281 0.944907 0.030729 0.050926
0 0.993229 0.775926 0.012500 0.035185
0 0.073177 0.012500 0.036979 0.023148
0 0.983333 0.850926 0.033333 0.055556
0 0.087500 0.915278 0.037500 0.043519
0 0.105729 0.955093 0.028125 0.076852
0 0.918750 0.936111 0.037500 0.040741
0 0.457552 0.877778 0.022396 0.038889
0 0.678906 0.943056 0.033854 0.039815
0 0.819531 0.011574 0.032813 0.021296
0 0.010156 0.235648 0.019271 0.039815
0 0.585677 0.978241 0.023438 0.043519
0 0.291406 0.972222 0.028646 0.055556
0 0.167187 0.968981 0.032292 0.058333
0 0.803906 0.980556 0.031771 0.035185
0 0.262500 0.973611 0.020833 0.050926
0 0.455729 0.967593 0.038542 0.051852
0 0.010937 0.874537 0.020833 0.041667
0 0.362240 0.386574 0.017188 0.063889
0 0.366667 0.317130 0.038542 0.054630
0 0.380729 0.274074 0.033333 0.050000
0 0.276823 0.428704 0.038021 0.044444
0 0.188802 0.357407 0.017188 0.061111
0 0.225260 0.402315 0.018229 0.067593
0 0.241146 0.434722 0.023958 0.071296
0 0.083594 0.436574 0.047396 0.039815
0 0.269792 0.720370 0.030208 0.062963
0 0.006510 0.580556 0.011979 0.070370
0 0.045573 0.496759 0.030729 0.058333
0 0.154427 0.375926 0.039062 0.040741
0 0.551562 0.968981 0.030208 0.050926
0 0.515885 0.975000 0.041146 0.042593
0 0.679948 0.976852 0.022396 0.025926
0 0.424479 0.641204 0.039583 0.047222
0 0.457813 0.625463 0.028125 0.039815
0 0.430729 0.367130 0.037500 0.054630
0 0.421094 0.075926 0.034896 0.044444
0 0.465365 0.073611 0.032813 0.041667
0 0.487760 0.108333 0.023438 0.072222
0 0.421354 0.118981 0.038542 0.041667
0 0.430469 0.146296 0.034896 0.040741
0 0.439323 0.186111 0.034896 0.057407
0 0.452083 0.011111 0.016667 0.020370
0 0.495312 0.022222 0.016667 0.038889
0 0.513542 0.021296 0.017708 0.035185
0 0.558594 0.091667 0.014063 0.025926
0 0.501563 0.063889 0.030208 0.046296
0 0.471615 0.179630 0.018229 0.068519
0 0.494010 0.188426 0.030729 0.037963
0 0.551042 0.173148 0.033333 0.048148
0 0.621615 0.180556 0.029687 0.062963
0 0.649740 0.163889 0.029687 0.051852
0 0.893490 0.328704 0.038021 0.044444
0 0.949219 0.252778 0.022396 0.062963
0 0.973177 0.138889 0.016146 0.042593
0 0.984115 0.192593 0.030729 0.044444
0 0.995573 0.372222 0.008854 0.038889
0 0.017969 0.009259 0.023438 0.016667
