0 0.565625 0.633333 0.030208 0.053704
0 0.458854 0.320833 0.027083 0.054630
0 0.652083 0.548148 0.029167 0.055556
0 0.687240 0.452778 0.034896 0.040741
0 0.433594 0.687037 0.025521 0.057407
0 0.464323 0.260185 0.025521 0.061111
0 0.476823 0.648611 0.023438 0.065741
0 0.624219 0.562963 0.033854 0.046296
0 0.663802 0.474074 0.027604 0.061111
0 0.728125 0.561111 0.028125 0.066667
0 0.720573 0.296759 0.029687 0.054630
0 0.869792 0.861111 0.028125 0.057407
0 0.372396 0.811111 0.034375 0.053704
0 0.772396 0.446759 0.033333 0.052778
0 0.317969 0.361111 0.035937 0.046296
0 0.839583 0.628704 0.033333 0.051852
0 0.863542 0.768519 0.019792 0.066667
0 0.480208 0.394444 0.025000 0.064815
0 0.673698 0.649074 0.027604 0.061111
0 0.368229 0.616204 0.033333 0.054630
0 0.320052 0.228241 0.020313 0.063889
0 0.695052 0.360648 0.026562 0.062037
0 0.369271 0.752315 0.035417 0.039815
0 0.842969 0.714815 0.033854 0.048148
0 0.524219 0.732407 0.022396 0.070370
0 0.819010 0.563889 0.033854 0.051852
0 0.557813 0.810185 0.023958 0.066667
0 0.558333 0.422222 0.028125 0.053704
0 0.811719 0.832870 0.024479 0.060185
0 0.643750 0.335648 0.028125 0.062037
0 0.394792 0.531019 0.034375 0.043519
0 0.509896 0.797685 0.031250 0.056481
0 0.356250 0.342130 0.032292 0.050926
0 0.711719 0.812037 0.034896 0.050000
0 0.614844 0.598611 0.033854 0.039815
0 0.527865 0.388426 0.032813 0.039815
0 0.835156 0.760185 0.033854 0.044444
0 0.438281 0.453704 0.036979 0.038889
0 0.615104 0.485648 0.028125 0.062037
0 0.414062 0.311574 0.022917 0.067593
0 0.647396 0.412500 0.034375 0.045370
0 0.893750 0.633333 0.037500 0.037037
0 0.946875 0.366204 0.027083 0.062037
0 0.462760 0.705093 0.034896 0.045370
0 0.396875 0.818981 0.028125 0.054630
0 0.788281 0.490278 0.034896 0.041667
0 0.777604 0.795370 0.032292 0.040741
0 0.703646 0.220370 0.022917 0.066667
0 0.239844 0.662037 0.024479 0.066667
0 0.702344 0.575000 0.032813 0.040741
0 0.300521 0.316204 0.031250 0.039815
0 0.776563 0.167593 0.019792 0.064815
0 0.588021 0.359722 0.035417 0.036111
0 0.571875 0.227778 0.021875 0.062963
0 0.634896 0.500926 0.027083 0.062963
0 0.761458 0.614815 0.033333 0.040741
0 0.833073 0.289352 0.030729 0.060185
0 0.622396 0.389352 0.019792 0.069444
0 0.703385 0.684722 0.019271 0.063889
0 0.360938 0.190741 0.019792 0.062963
0 0.433073 0.203704 0.018229 0.061111
0 0.360938 0.443981 0.018750 0.071296
0 0.846354 0.821296 0.018750 0.064815
0 0.153125 0.697685 0.027083 0.065741
0 0.096094 0.450463 0.030729 0.065741
0 0.498437 0.101389 0.021875 0.058333
0 0.281771 0.187963 0.030208 0.062963
0 0.589063 0.460648 0.022917 0.063889
0 0.812760 0.681019 0.035937 0.036111
0 0.135677 0.748611 0.027604 0.063889
0 0.192708 0.258796 0.019792 0.069444
0 0.346875 0.252778 0.035417 0.046296
0 0.676823 0.357407 0.024479 0.062963
0 0.251302 0.268519 0.034896 0.042593
0 0.604948 0.685185 0.019271 0.068519
0 0.670052 0.268981 0.033854 0.050926
0 0.380469 0.400926 0.021354 0.064815
0 0.661719 0.138889 0.031771 0.059259
0 0.497656 0.252315 0.017188 0.065741
0 0.485417 0.318056 0.022917 0.060185
0 0.191667 0.312037 0.032292 0.044444
0 0.541146 0.311111 0.032292 0.053704
0 0.791667 0.400000 0.035417 0.037037
0 0.566667 0.473611 0.032292 0.039815
0 0.126042 0.355093 0.032292 0.065741
0 0.592969 0.289815 0.029687 0.061111
0 0.946875 0.447222 0.023958 0.066667
0 0.258594 0.216667 0.024479 0.068519
0 0.802344 0.887500 0.031771 0.049074
0 0.472396 0.566204 0.037500 0.045370
0 0.356250 0.296759 0.036458 0.034259
0 0.816146 0.338426 0.036458 0.037963
0 0.652865 0.086574 0.023438 0.056481
0 0.580208 0.066204 0.026042 0.056481
0 0.727865 0.657407 0.018229 0.062963
0 0.792708 0.628241 0.035417 0.041667
0 0.522656 0.075926 0.018229 0.072222
0 0.647656 0.247685 0.020313 0.063889
0 0.550000 0.148611 0.036458 0.043519
0 0.051042 0.549074 0.039583 0.035185
0 0.774479 0.527315 0.020833 0.060185
0 0.522656 0.598148 0.018229 0.070370
0 0.747656 0.657870 0.019271 0.056481
0 0.774479 0.367130 0.032292 0.050926
0 0.881250 0.593056 0.038542 0.036111
0 0.372396 0.134722 0.037500 0.045370
0 0.080208 0.363889 0.032292 0.057407
0 0.318490 0.155556 0.026562 0.061111
0 0.038281 0.687037 0.039062 0.050000
0 0.894792 0.256019 0.028125 0.056481
0 0.401823 0.216204 0.039062 0.036111
0 0.845833 0.164815 0.027083 0.064815
0 0.745833 0.254630 0.031250 0.057407
0 0.651563 0.193056 0.036458 0.034259
0 0.260937 0.562037 0.029167 0.066667
0 0.736458 0.082870 0.033333 0.050926
0 0.912760 0.208796 0.024479 0.063889
0 0.741927 0.172685 0.033854 0.041667
0 0.225521 0.772685 0.030208 0.065741
0 0.127865 0.666667 0.041146 0.048148
0 0.120052 0.624537 0.036979 0.062037
0 0.300000 0.510185 0.036458 0.044444
0 0.505208 0.746296 0.018750 0.066667
0 0.397656 0.350463 0.025521 0.060185
0 0.084375 0.512500 0.031250 0.062037
0 0.043229 0.750000 0.039583 0.048148
0 0.532813 0.120370 0.034375 0.046296
0 0.239063 0.203241 0.028125 0.060185
0 0.614844 0.287037 0.031771 0.059259
0 0.091406 0.606944 0.041146 0.039815
0 0.540885 0.269907 0.034896 0.034259
0 0.499740 0.394444 0.020313 0.062963
0 0.935677 0.789352 0.032813 0.060185
0 0.611458 0.328241 0.018750 0.060185
0 0.682813 0.096296 0.029167 0.042593
0 0.300521 0.132407 0.034375 0.055556
0 0.360156 0.094444 0.034896 0.038889
0 0.965104 0.516667 0.033333 0.040741
0 0.345573 0.486574 0.019271 0.071296
0 0.399479 0.635648 0.021875 0.067593
0 0.148958 0.236111 0.023958 0.068519
0 0.293229 0.748611 0.036458 0.037963
0 0.694010 0.037037 0.017188 0.062963
0 0.744010 0.898148 0.031771 0.055556
0 0.219271 0.171296 0.032292 0.035185
0 0.722917 0.031944 0.026042 0.062037
0 0.908594 0.378704 0.034896 0.037037
0 0.082292 0.850000 0.034375 0.064815
0 0.419010 0.253241 0.034896 0.036111
0 0.790625 0.539815 0.021875 0.053704
0 0.435417 0.057407 0.037500 0.035185
0 0.225521 0.105093 0.037500 0.045370
0 0.074740 0.685648 0.040104 0.043519
0 0.590104 0.119444 0.029167 0.042593
0 0.911198 0.163889 0.035937 0.040741
0 0.459896 0.850000 0.019792 0.068519
0 0.014063 0.750463 0.027083 0.058333
0 0.635417 0.277315 0.032292 0.058333
0 0.043229 0.837963 0.028125 0.070370
0 0.508594 0.167593 0.018229 0.061111
0 0.826823 0.134259 0.034896 0.046296
0 0.852865 0.092130 0.021354 0.058333
0 0.976823 0.805093 0.032813 0.030556
0 0.392188 0.713426 0.032292 0.034259
0 0.115104 0.417130 0.025000 0.052778
0 0.401042 0.686574 0.029167 0.047222
0 0.296354 0.610185 0.042708 0.044444
0 0.871875 0.063426 0.017708 0.065741
0 0.158073 0.048148 0.027604 0.061111
0 0.848958 0.035648 0.016667 0.065741
0 0.243229 0.861574 0.028125 0.065741
0 0.876563 0.355093 0.022917 0.060185
0 0.985938 0.782870 0.027083 0.034259
0 0.273438 0.783796 0.033333 0.036111
0 0.870833 0.401389 0.025000 0.065741
0 0.529687 0.024537 0.034375 0.045370
0 0.205469 0.051852 0.019271 0.055556
0 0.524740 0.839352 0.033854 0.041667
0 0.964583 0.150000 0.035417 0.044444
0 0.198958 0.684259 0.030208 0.061111
0 0.619792 0.096296 0.030208 0.033333
0 0.825000 0.029167 0.017708 0.056481
0 0.077604 0.642593 0.026042 0.064815
0 0.057552 0.624074 0.034896 0.040741
0 0.632292 0.017130 0.034375 0.032407
0 0.316667 0.019444 0.036458 0.037037
0 0.118490 0.057407 0.041146 0.042593
0 0.993229 0.291667 0.013542 0.068519
0 0.235417 0.822222 0.033333 0.042593
0 0.051823 0.082870 0.020313 0.073148
0 0.826302 0.092130 0.032813 0.030556
0 0.535677 0.225463 0.016146 0.043519
0 0.072917 0.203704 0.035417 0.057407
0 0.994531 0.724537 0.010937 0.054630
0 0.659375 0.911574 0.039583 0.045370
0 0.989062 0.237500 0.020833 0.037963
0 0.222135 0.386574 0.018229 0.037963
0 0.976302 0.043981 0.024479 0.052778
0 0.194010 0.014815 0.016146 0.027778
0 0.972135 0.928241 0.039062 0.037963
0 0.518750 0.472685 0.033333 0.032407
0 0.110677 0.856944 0.034896 0.045370
0 0.009635 0.550926 0.018229 0.061111
0 0.050521 0.191204 0.033333 0.045370
0 0.730729 0.769907 0.018750 0.028704
0 0.952344 0.897222 0.034896 0.033333
0 0.985156 0.866204 0.024479 0.039815
0 0.180208 0.933796 0.035417 0.045370
0 0.447396 0.080556 0.015625 0.027778
0 0.937760 0.931944 0.033854 0.034259
0 0.590104 0.943056 0.027083 0.056481
0 0.422396 0.011111 0.014583 0.020370
0 0.006510 0.175463 0.011979 0.028704
0 0.109635 0.950926 0.023438 0.072222
0 0.905990 0.949074 0.032813 0.064815
0 0.190885 0.973611 0.040104 0.045370
0 0.028906 0.959722 0.040104 0.047222
0 0.288281 0.956481 0.038021 0.048148
0 0.080729 0.972685 0.035417 0.039815
0 0.678906 0.948148 0.040104 0.050000
0 0.177865 0.557407 0.016146 0.029630
0 0.032031 0.895370 0.026562 0.031481
0 0.314063 0.968519 0.031250 0.062963
0 0.045052 0.244444 0.024479 0.027778
0 0.558333 0.916204 0.023958 0.082407
0 0.141927 0.960648 0.027604 0.058333
0 0.440625 0.937963 0.033333 0.050000
0 0.714063 0.977778 0.036458 0.038889
0 0.359635 0.978241 0.036979 0.043519
