0 0.300781 0.502315 0.033854 0.054630
0 0.426042 0.709259 0.037500 0.059259
0 0.440885 0.238889 0.022396 0.068519
0 0.573958 0.652778 0.032292 0.051852
0 0.484635 0.325463 0.028646 0.054630
0 0.684375 0.530556 0.031250 0.048148
0 0.369792 0.078241 0.018750 0.069444
0 0.498437 0.808796 0.031250 0.054630
0 0.704427 0.349074 0.032813 0.046296
0 0.377865 0.269444 0.028646 0.062963
0 0.598437 0.101852 0.022917 0.062963
0 0.576302 0.400000 0.022396 0.059259
0 0.484896 0.437963 0.023958 0.064815
0 0.517708 0.330556 0.023958 0.062963
0 0.454948 0.375000 0.032813 0.046296
0 0.620052 0.617593 0.032813 0.050000
0 0.676562 0.105556 0.017708 0.070370
0 0.889062 0.523611 0.027083 0.052778
0 0.386719 0.191667 0.029687 0.061111
0 0.530729 0.812500 0.025000 0.065741
0 0.625000 0.314815 0.020833 0.059259
0 0.508854 0.160648 0.020833 0.062037
0 0.502604 0.539352 0.037500 0.043519
0 0.403646 0.260185 0.031250 0.051852
0 0.662500 0.681019 0.035417 0.039815
0 0.196875 0.259722 0.025000 0.069444
0 0.874740 0.360185 0.022396 0.062963
0 0.189323 0.168519 0.029687 0.062963
0 0.927083 0.643981 0.030208 0.056481
0 0.620833 0.482407 0.018750 0.064815
0 0.520833 0.075926 0.017708 0.068519
0 0.368490 0.175000 0.035937 0.050000
0 0.905469 0.589352 0.028646 0.054630
0 0.801562 0.249537 0.019792 0.069444
0 0.754167 0.232407 0.020833 0.059259
0 0.463802 0.691667 0.020313 0.075926
0 0.447135 0.513426 0.022396 0.060185
0 0.613542 0.731944 0.032292 0.045370
0 0.485677 0.651389 0.032813 0.047222
0 0.812760 0.785185 0.022396 0.057407
0 0.195312 0.535185 0.020833 0.062963
0 0.547135 0.680093 0.022396 0.065741
0 0.572396 0.144907 0.029167 0.056481
0 0.693750 0.674074 0.019792 0.061111
0 0.607031 0.337963 0.018229 0.061111
0 0.692448 0.440741 0.024479 0.062963
0 0.564323 0.429630 0.027604 0.059259
0 0.358333 0.245833 0.034375 0.045370
0 0.422135 0.201852 0.017188 0.068519
0 0.541146 0.362963 0.020833 0.059259
0 0.460677 0.247222 0.026562 0.066667
0 0.335417 0.765741 0.033333 0.055556
0 0.469271 0.490278 0.019792 0.067593
0 0.411198 0.314815 0.026562 0.066667
0 0.678906 0.626389 0.029687 0.052778
0 0.219271 0.580093 0.021875 0.067593
0 0.840365 0.488889 0.032813 0.053704
0 0.650260 0.448611 0.024479 0.063889
0 0.596875 0.537500 0.035417 0.050926
0 0.136719 0.461111 0.025521 0.070370
0 0.616146 0.167593 0.016667 0.062963
0 0.722917 0.562500 0.025000 0.058333
0 0.704427 0.786111 0.019271 0.066667
0 0.284896 0.767593 0.032292 0.064815
0 0.520312 0.635185 0.020833 0.062963
0 0.420052 0.078241 0.029687 0.065741
0 0.228125 0.134259 0.036458 0.059259
0 0.661458 0.808333 0.020833 0.059259
0 0.448437 0.129630 0.034375 0.044444
0 0.742969 0.316204 0.020313 0.065741
0 0.370833 0.494907 0.037500 0.037963
0 0.292969 0.101389 0.029687 0.058333
0 0.051823 0.417593 0.038021 0.048148
0 0.782813 0.829630 0.028125 0.062963
0 0.359115 0.143519 0.038021 0.048148
0 0.299479 0.218056 0.033333 0.050926
0 0.787500 0.637963 0.025000 0.055556
0 0.387240 0.740741 0.029687 0.074074
0 0.688281 0.387963 0.039062 0.035185
0 0.717969 0.826852 0.024479 0.064815
0 0.252083 0.591667 0.033333 0.048148
0 0.344531 0.487037 0.019271 0.074074
0 0.590104 0.773611 0.036458 0.036111
0 0.451042 0.177315 0.034375 0.045370
0 0.334115 0.200000 0.039062 0.038889
0 0.568490 0.702315 0.021354 0.063889
0 0.828646 0.241204 0.032292 0.056481
0 0.765885 0.113889 0.029687 0.061111
0 0.170052 0.237963 0.020313 0.072222
0 0.770833 0.698148 0.032292 0.050000
0 0.938281 0.799074 0.029687 0.059259
0 0.792708 0.566204 0.031250 0.043519
0 0.809115 0.611574 0.021354 0.063889
0 0.080469 0.207870 0.035937 0.041667
0 0.892448 0.462037 0.033854 0.055556
0 0.680729 0.488889 0.034375 0.037037
0 0.584115 0.587963 0.034896 0.037037
0 0.699740 0.194907 0.033854 0.049074
0 0.279687 0.387037 0.040625 0.061111
0 0.377344 0.452778 0.019271 0.062963
0 0.766146 0.276389 0.017708 0.062037
0 0.863021 0.193056 0.019792 0.067593
0 0.795573 0.890278 0.033854 0.054630
0 0.865885 0.601852 0.033854 0.037037
0 0.784896 0.526852 0.034375 0.044444
0 0.373958 0.809259 0.019792 0.068519
0 0.728906 0.730093 0.022396 0.065741
0 0.677604 0.844907 0.032292 0.036111
0 0.707292 0.061111 0.026042 0.064815
0 0.917188 0.709259 0.029167 0.061111
0 0.520052 0.470833 0.033854 0.037963
0 0.499219 0.628704 0.023438 0.059259
0 0.833854 0.643981 0.022917 0.058333
0 0.923438 0.294444 0.035417 0.046296
0 0.253906 0.451389 0.023438 0.060185
0 0.803385 0.674537 0.019271 0.060185
0 0.813021 0.862037 0.021875 0.057407
0 0.126823 0.367593 0.039062 0.046296
0 0.767969 0.187500 0.033854 0.047222
0 0.197917 0.436574 0.021875 0.056481
0 0.502083 0.877315 0.022917 0.065741
0 0.887240 0.279167 0.030729 0.058333
0 0.614844 0.884259 0.024479 0.053704
0 0.800781 0.331481 0.025521 0.040741
0 0.623177 0.113889 0.033854 0.046296
0 0.661979 0.763889 0.028125 0.046296
0 0.957812 0.276852 0.032292 0.051852
0 0.257812 0.542130 0.033333 0.036111
0 0.483854 0.032407 0.019792 0.061111
0 0.394271 0.846759 0.023958 0.067593
0 0.478646 0.214815 0.032292 0.035185
0 0.801562 0.160648 0.027083 0.069444
0 0.670052 0.171296 0.035937 0.038889
0 0.203646 0.343519 0.033333 0.035185
0 0.861198 0.831944 0.026562 0.056481
0 0.893750 0.424537 0.037500 0.036111
0 0.842448 0.766667 0.020313 0.059259
0 0.814323 0.452315 0.030729 0.049074
0 0.539062 0.048611 0.030208 0.050926
0 0.544271 0.320833 0.035417 0.037963
0 0.812760 0.111574 0.026562 0.062037
0 0.457292 0.841667 0.029167 0.059259
0 0.395833 0.057870 0.029167 0.062037
0 0.774219 0.243981 0.025521 0.058333
0 0.558854 0.524537 0.033333 0.036111
0 0.983073 0.362500 0.026562 0.060185
0 0.343750 0.546296 0.031250 0.059259
0 0.847656 0.083796 0.032813 0.049074
0 0.884635 0.680093 0.026562 0.063889
0 0.903906 0.667130 0.027604 0.067593
0 0.898177 0.826852 0.034896 0.046296
0 0.739844 0.685185 0.031771 0.053704
0 0.845052 0.824537 0.022396 0.067593
0 0.730208 0.893056 0.034375 0.049074
0 0.436979 0.287963 0.032292 0.038889
0 0.040885 0.514352 0.036979 0.043519
0 0.630469 0.025000 0.026562 0.048148
0 0.982031 0.632870 0.034896 0.052778
0 0.242188 0.096296 0.040625 0.040741
0 0.248438 0.649074 0.028125 0.061111
0 0.485417 0.875000 0.027083 0.059259
0 0.886979 0.237963 0.039583 0.048148
0 0.480208 0.078704 0.035417 0.038889
0 0.778385 0.453704 0.038021 0.038889
0 0.471094 0.293056 0.031771 0.034259
0 0.084115 0.278704 0.036979 0.059259
0 0.973177 0.828241 0.035937 0.063889
0 0.409896 0.649074 0.021875 0.074074
0 0.875781 0.756481 0.024479 0.046296
0 0.885677 0.866204 0.028646 0.047222
0 0.394010 0.892593 0.040104 0.044444
0 0.871354 0.065741 0.018750 0.070370
0 0.980469 0.718519 0.025521 0.059259
0 0.164323 0.463889 0.033854 0.051852
0 0.761458 0.492593 0.044792 0.037037
0 0.070312 0.555093 0.023958 0.067593
0 0.464583 0.863889 0.030208 0.055556
0 0.857292 0.692593 0.025000 0.059259
0 0.961979 0.325926 0.034375 0.035185
0 0.691146 0.903704 0.036458 0.053704
0 0.858073 0.893519 0.040104 0.046296
0 0.956771 0.061111 0.021875 0.066667
0 0.012240 0.428704 0.023438 0.062963
0 0.723437 0.025000 0.032292 0.048148
0 0.040365 0.554630 0.040104 0.038889
0 0.330469 0.382870 0.023438 0.052778
0 0.068490 0.164352 0.043229 0.041667
0 0.015365 0.615741 0.029687 0.048148
0 0.355469 0.714352 0.026562 0.049074
0 0.897135 0.907407 0.034896 0.035185
0 0.149219 0.750926 0.026562 0.050000
0 0.645573 0.315741 0.023438 0.035185
0 0.687240 0.021296 0.018229 0.040741
0 0.790885 0.132407 0.034896 0.035185
0 0.936719 0.354167 0.026562 0.047222
0 0.138021 0.046759 0.027083 0.067593
0 0.965885 0.106944 0.023438 0.058333
0 0.032031 0.167593 0.032813 0.044444
0 0.083333 0.079630 0.021875 0.072222
0 0.462760 0.017130 0.021354 0.032407
0 0.291406 0.870370 0.022396 0.062963
0 0.916406 0.879630 0.030729 0.033333
0 0.994271 0.487500 0.011458 0.049074
0 0.635156 0.756481 0.021354 0.042593
0 0.151562 0.695833 0.020833 0.069444
0 0.441667 0.894444 0.034375 0.038889
0 0.007552 0.100926 0.014063 0.068519
0 0.126823 0.082407 0.018229 0.040741
0 0.124479 0.870833 0.026042 0.045370
0 0.235156 0.826389 0.033854 0.052778
0 0.012240 0.543056 0.023438 0.041667
0 0.131771 0.916204 0.039583 0.036111
0 0.511979 0.722685 0.022917 0.032407
0 0.428125 0.934259 0.035417 0.037037
0 0.176302 0.914352 0.038021 0.036111
0 0.013281 0.702778 0.025521 0.044444
0 0.108854 0.949074 0.031250 0.064815
0 0.953906 0.975463 0.034896 0.032407
0 0.659375 0.254630 0.015625 0.027778
0 0.129167 0.960648 0.026042 0.058333
0 0.863802 0.961574 0.038021 0.049074
0 0.220573 0.390741 0.018229 0.038889
0 0.247656 0.952315 0.033854 0.058333
0 0.156510 0.009259 0.024479 0.016667
0 0.985417 0.975926 0.028125 0.033333
0 0.080990 0.962037 0.034896 0.062963
0 0.752083 0.979630 0.019792 0.040741
0 0.053646 0.015278 0.038542 0.028704
0 0.969531 0.018056 0.027604 0.034259
0 0.005469 0.292130 0.009896 0.047222
0 0.784375 0.950000 0.034375 0.038889
0 0.195052 0.968056 0.038021 0.039815
0 0.167708 0.970370 0.036458 0.040741
0 0.153125 0.964815 0.025000 0.070370
0 0.380208 0.964815 0.032292 0.046296
0 0.355729 0.978241 0.034375 0.043519
