0 0.413281 0.567593 0.029687 0.053704
0 0.335417 0.613889 0.027083 0.064815
0 0.443229 0.681481 0.027083 0.057407
0 0.525521 0.728704 0.027083 0.061111
0 0.392708 0.491667 0.036458 0.055556
0 0.517708 0.504630 0.030208 0.055556
0 0.667708 0.411574 0.023958 0.058333
0 0.561979 0.300926 0.019792 0.066667
0 0.606771 0.527315 0.030208 0.058333
0 0.519792 0.660185 0.027083 0.062963
0 0.382812 0.218519 0.030208 0.057407
0 0.372917 0.350926 0.031250 0.057407
0 0.586979 0.264352 0.023958 0.052778
0 0.493490 0.368519 0.032813 0.051852
0 0.116667 0.504167 0.028125 0.060185
0 0.319271 0.544444 0.038542 0.050000
0 0.637760 0.137037 0.029687 0.055556
0 0.691146 0.675926 0.023958 0.061111
0 0.780469 0.848148 0.029687 0.059259
0 0.483854 0.481481 0.032292 0.055556
0 0.400521 0.264352 0.034375 0.045370
0 0.451042 0.356944 0.035417 0.036111
0 0.677083 0.498148 0.021875 0.055556
0 0.530469 0.213889 0.030729 0.057407
0 0.510417 0.310648 0.019792 0.065741
0 0.445833 0.572685 0.030208 0.047222
0 0.523177 0.080093 0.020313 0.071296
0 0.710677 0.279167 0.032813 0.045370
0 0.802083 0.426389 0.031250 0.062037
0 0.895052 0.303241 0.024479 0.058333
0 0.617448 0.673148 0.032813 0.042593
0 0.577344 0.321759 0.024479 0.067593
0 0.873698 0.361111 0.020313 0.062963
0 0.276302 0.478704 0.028646 0.061111
0 0.820312 0.352315 0.023958 0.062037
0 0.300781 0.141204 0.033854 0.060185
0 0.772656 0.529630 0.025521 0.051852
0 0.664323 0.262037 0.031771 0.040741
0 0.652604 0.212963 0.034375 0.053704
0 0.422656 0.138889 0.036979 0.053704
0 0.768229 0.447685 0.030208 0.054630
0 0.354167 0.207870 0.036458 0.047222
0 0.852344 0.765741 0.024479 0.055556
0 0.664844 0.579167 0.021354 0.060185
0 0.942708 0.400926 0.021875 0.057407
0 0.781510 0.706944 0.026562 0.060185
0 0.853646 0.392130 0.025000 0.060185
0 0.880208 0.452778 0.033333 0.053704
0 0.918750 0.476389 0.026042 0.060185
0 0.796615 0.356481 0.023438 0.059259
0 0.490365 0.619444 0.032813 0.044444
0 0.551823 0.488426 0.022396 0.056481
0 0.229167 0.624537 0.032292 0.050926
0 0.375521 0.059722 0.026042 0.065741
0 0.797396 0.156019 0.019792 0.062037
0 0.739844 0.809259 0.019271 0.059259
0 0.551042 0.363889 0.033333 0.044444
0 0.437500 0.622222 0.033333 0.037037
0 0.366406 0.500000 0.020313 0.064815
0 0.834115 0.567130 0.019271 0.065741
0 0.684635 0.097222 0.023438 0.057407
0 0.448437 0.047222 0.033333 0.055556
0 0.941146 0.540741 0.031250 0.055556
0 0.217448 0.734259 0.041146 0.038889
0 0.345833 0.476852 0.020833 0.068519
0 0.675521 0.139352 0.028125 0.056481
0 0.648177 0.484259 0.019271 0.064815
0 0.873177 0.588889 0.029687 0.050000
0 0.605729 0.576389 0.035417 0.036111
0 0.297656 0.384722 0.034896 0.056481
0 0.699479 0.575463 0.020833 0.063889
0 0.401823 0.052778 0.022396 0.064815
0 0.719010 0.359722 0.031771 0.058333
0 0.824479 0.250000 0.031250 0.061111
0 0.484896 0.539352 0.023958 0.060185
0 0.801562 0.676389 0.029167 0.049074
0 0.193229 0.465741 0.042708 0.035185
0 0.413802 0.311574 0.029687 0.063889
0 0.968229 0.747685 0.032292 0.058333
0 0.648698 0.753241 0.022396 0.067593
0 0.225000 0.223611 0.030208 0.056481
0 0.432552 0.210185 0.032813 0.057407
0 0.601823 0.240278 0.018229 0.067593
0 0.471094 0.156019 0.032813 0.047222
0 0.702344 0.380556 0.032813 0.050000
0 0.905990 0.818056 0.026562 0.054630
0 0.391667 0.101389 0.019792 0.067593
0 0.733594 0.503241 0.035937 0.036111
0 0.756771 0.297685 0.031250 0.058333
0 0.571615 0.172222 0.032813 0.037037
0 0.646094 0.809722 0.019271 0.067593
0 0.282031 0.614815 0.021354 0.068519
0 0.237760 0.460185 0.041146 0.033333
0 0.895312 0.725000 0.033333 0.046296
0 0.250260 0.768519 0.035937 0.038889
0 0.900781 0.607407 0.029687 0.057407
0 0.486198 0.103241 0.035937 0.047222
0 0.739844 0.694907 0.028646 0.054630
0 0.953906 0.682407 0.031771 0.055556
0 0.880729 0.780556 0.025000 0.057407
0 0.158594 0.478704 0.041146 0.035185
0 0.498698 0.442130 0.031771 0.050926
0 0.774479 0.287037 0.028125 0.059259
0 0.761458 0.399537 0.035417 0.037963
0 0.086198 0.437963 0.023438 0.068519
0 0.684896 0.827778 0.022917 0.062963
0 0.586458 0.864352 0.027083 0.058333
0 0.541667 0.443981 0.034375 0.037963
0 0.157812 0.376852 0.035417 0.061111
0 0.794531 0.552778 0.031771 0.040741
0 0.383333 0.633333 0.018750 0.064815
0 0.756510 0.868981 0.023438 0.063889
0 0.373177 0.599537 0.027604 0.067593
0 0.813281 0.602315 0.021354 0.063889
0 0.741406 0.234722 0.028646 0.058333
0 0.364583 0.560648 0.021875 0.065741
0 0.970052 0.526852 0.035937 0.037037
0 0.714844 0.798611 0.036979 0.034259
0 0.748177 0.657870 0.035937 0.043519
0 0.824740 0.088889 0.025521 0.059259
0 0.936719 0.281019 0.033854 0.050926
0 0.527604 0.566204 0.019792 0.049074
0 0.930990 0.834722 0.021354 0.056481
0 0.705208 0.042593 0.028125 0.062963
0 0.821354 0.145370 0.033333 0.046296
0 0.320833 0.081019 0.030208 0.056481
0 0.859896 0.271759 0.033333 0.045370
0 0.865625 0.226852 0.031250 0.053704
0 0.519792 0.156019 0.038542 0.045370
0 0.180208 0.644444 0.029167 0.062963
0 0.254688 0.232407 0.037500 0.044444
0 0.671615 0.032407 0.024479 0.061111
0 0.753906 0.624537 0.030729 0.056481
0 0.207292 0.183796 0.037500 0.056481
0 0.344792 0.159259 0.033333 0.061111
0 0.941146 0.217593 0.033333 0.053704
0 0.564063 0.812500 0.018750 0.069444
0 0.975781 0.368519 0.031771 0.050000
0 0.130990 0.487500 0.025521 0.056481
0 0.486719 0.057407 0.035937 0.042593
0 0.654427 0.879630 0.031771 0.046296
0 0.772135 0.234722 0.033854 0.050926
0 0.974219 0.456944 0.042188 0.036111
0 0.115625 0.434259 0.026042 0.064815
0 0.117188 0.565278 0.028125 0.060185
0 0.564844 0.406481 0.021354 0.053704
0 0.580729 0.686574 0.018750 0.065741
0 0.909375 0.210648 0.029167 0.067593
0 0.622396 0.114352 0.032292 0.041667
0 0.183333 0.710648 0.039583 0.039815
0 0.104688 0.787037 0.037500 0.042593
0 0.508594 0.884259 0.023438 0.068519
0 0.586198 0.071296 0.035937 0.038889
0 0.083594 0.803241 0.032813 0.052778
0 0.494531 0.228241 0.033854 0.047222
0 0.249219 0.647222 0.024479 0.064815
0 0.256771 0.854630 0.034375 0.044444
0 0.735156 0.178241 0.032813 0.050926
0 0.863021 0.539815 0.033333 0.033333
0 0.235417 0.100463 0.032292 0.058333
0 0.797135 0.034259 0.036979 0.046296
0 0.514062 0.418981 0.038542 0.032407
0 0.632552 0.050000 0.033854 0.040741
0 0.782031 0.619907 0.035937 0.041667
0 0.867969 0.820833 0.035937 0.037963
0 0.468750 0.875463 0.021875 0.071296
0 0.420833 0.030093 0.021875 0.058333
0 0.782292 0.592593 0.038542 0.040741
0 0.584635 0.040741 0.035937 0.037037
0 0.946615 0.861574 0.029687 0.058333
0 0.098437 0.736111 0.040625 0.044444
0 0.750260 0.098611 0.029687 0.058333
0 0.853125 0.863889 0.039583 0.044444
0 0.764844 0.148611 0.034896 0.036111
0 0.727344 0.137500 0.038021 0.043519
0 0.300781 0.727778 0.023438 0.070370
0 0.448177 0.264815 0.029687 0.044444
0 0.893490 0.227315 0.033854 0.047222
0 0.929427 0.654167 0.024479 0.080556
0 0.153646 0.693519 0.021875 0.066667
0 0.067708 0.337963 0.028125 0.061111
0 0.617708 0.907407 0.035417 0.038889
0 0.119271 0.171759 0.041667 0.039815
0 0.736979 0.028704 0.035417 0.044444
0 0.476302 0.693519 0.019271 0.066667
0 0.075000 0.853241 0.023958 0.062037
0 0.986719 0.206019 0.024479 0.058333
0 0.053906 0.812963 0.036979 0.040741
0 0.798177 0.100926 0.031771 0.046296
0 0.878646 0.907407 0.026042 0.062963
0 0.220052 0.899537 0.038021 0.036111
0 0.102604 0.049074 0.029167 0.062963
0 0.234115 0.823611 0.033854 0.050926
0 0.630729 0.874074 0.034375 0.035185
0 0.652083 0.921296 0.036458 0.037037
0 0.168490 0.232870 0.026562 0.071296
0 0.201042 0.423611 0.027083 0.043519
0 0.128385 0.372222 0.027604 0.068519
0 0.871615 0.065741 0.019271 0.070370
0 0.159896 0.054167 0.029167 0.065741
0 0.204427 0.855093 0.041146 0.037963
0 0.014063 0.541667 0.027083 0.062963
0 0.334115 0.810185 0.023438 0.074074
0 0.540625 0.916204 0.033333 0.047222
0 0.015885 0.636574 0.028646 0.071296
0 0.572396 0.927778 0.029167 0.042593
0 0.924479 0.019907 0.028125 0.037963
0 0.663802 0.334722 0.018229 0.028704
0 0.934375 0.925926 0.027083 0.057407
0 0.958073 0.028704 0.033854 0.042593
0 0.905469 0.928241 0.029687 0.062037
0 0.085938 0.103704 0.025000 0.072222
0 0.032031 0.784722 0.033854 0.043519
0 0.077865 0.760648 0.031771 0.039815
0 0.298177 0.488426 0.016146 0.043519
0 0.836198 0.705093 0.020313 0.032407
0 0.012240 0.874074 0.023438 0.057407
0 0.587500 0.954630 0.023958 0.072222
0 0.594010 0.728241 0.025521 0.032407
0 0.826042 0.927315 0.034375 0.041667
0 0.824740 0.049074 0.020313 0.027778
0 0.989323 0.150926 0.019271 0.044444
0 0.041406 0.207870 0.018229 0.037963
0 0.672135 0.945370 0.034896 0.048148
0 0.266406 0.954630 0.029687 0.061111
0 0.320052 0.910185 0.035937 0.042593
0 0.184375 0.861111 0.026042 0.038889
0 0.763802 0.012500 0.019271 0.023148
0 0.523177 0.961574 0.028646 0.054630
0 0.154427 0.946296 0.035937 0.059259
0 0.083594 0.975000 0.030729 0.038889
0 0.400260 0.937037 0.039062 0.040741
0 0.539844 0.886574 0.019271 0.045370
0 0.026562 0.235648 0.018750 0.028704
0 0.640885 0.966204 0.036979 0.052778
0 0.008333 0.759722 0.015625 0.039815
0 0.166146 0.017130 0.015625 0.032407
0 0.925000 0.972685 0.032292 0.028704
0 0.316667 0.976852 0.037500 0.042593
0 0.396094 0.874074 0.029687 0.037037
0 0.715625 0.973611 0.039583 0.049074
0 0.235677 0.938889 0.024479 0.057407
0 0.227604 0.967593 0.037500 0.046296
0 0.357552 0.979630 0.040104 0.040741
0 0.632552 0.840741 0.035937 0.044444
0 0.721875 0.568519 0.016667 0.066667
0 0.743750 0.567130 0.029167 0.073148
0 0.695833 0.519907 0.020833 0.063889
0 0.937500 0.585648 0.037500 0.041667
0 0.657031 0.083796 0.023438 0.058333
0 0.648958 0.011574 0.017708 0.021296
0 0.469010 0.012500 0.020313 0.023148
0 0.487760 0.186574 0.028646 0.047222
0 0.457813 0.227778 0.020833 0.044444
0 0.573438 0.204630 0.021875 0.040741
0 0.724479 0.325463 0.017708 0.034259
0 0.138021 0.983796 0.017708 0.032407
0 0.531771 0.270370 0.014583 0.029630
0 0.841667 0.843056 0.022917 0.054630
0 0.493750 0.951852 0.021875 0.024074
0 0.554427 0.924074 0.028646 0.051852
0 0.932813 0.890278 0.027083 0.043519
0 0.986719 0.972685 0.021354 0.026852
0 0.776563 0.105093 0.019792 0.054630
0 0.586719 0.007407 0.009896 0.012963
0 0.573438 0.005556 0.008333 0.009259
0 0.375781 0.012500 0.016146 0.023148
