0 0.6020520833333334 0.4882777777777778 0.029203125000000087 0.053601851851851894
0 0.5478541666666668 0.786888888888889 0.028166666666666628 0.057398148148148156
0 0.5341822916666668 0.5642407407407407 0.026765624999999994 0.0625
0 0.326171875 0.5021666666666667 0.025911458333333335 0.06060185185185189
0 0.435546875 0.4822037037037037 0.03430208333333328 0.04712037037037041
0 0.580078125 0.46267592592592593 0.03049999999999997 0.0540092592592593
0 0.5034166666666666 0.16590740740740742 0.027010416666666613 0.0629351851851852
0 0.37011979166666664 0.38215740740740745 0.024046875000000037 0.06168518518518519
0 0.5883802083333334 0.2673611111111111 0.02747916666666678 0.05211111111111109
0 0.6284166666666666 0.4891481481481481 0.021239583333333437 0.062333333333333275
0 0.5224635416666666 0.08121296296296296 0.019942708333333316 0.07058333333333332
0 0.5141614583333334 0.8355 0.028104166666666687 0.0526018518518518
0 0.541015625 0.4809074074074074 0.03295833333333338 0.04950925925925929
0 0.4067395833333334 0.4752592592592592 0.030729166666666665 0.053601851851851894
0 0.4096666666666666 0.5381944444444444 0.0316770833333333 0.04730555555555548
0 0.4860833333333333 0.5043425925925926 0.03185937500000004 0.053416666666666716
0 0.625 0.21538888888888888 0.030671874999999935 0.05514814814814813
0 0.5131822916666666 0.5034722222222222 0.018369791666666656 0.06401851851851856
0 0.35254166666666664 0.6566851851851853 0.03634895833333331 0.051027777777777686
0 0.5400416666666668 0.11187037037037037 0.021406249999999953 0.06488888888888887
0 0.38671875 0.2311203703703704 0.031312499999999945 0.059953703703703703
0 0.8354479166666666 0.4913240740740741 0.02442708333333338 0.06575925925925924
0 0.38403125 0.40776851851851853 0.018796874999999956 0.06613888888888894
0 0.6811510416666666 0.6384537037037037 0.025374999999999894 0.055990740740740765
0 0.8002916666666666 0.42448148148148146 0.028932291666666762 0.058481481481481454
0 0.5747083333333334 0.1451851851851852 0.02769270833333337 0.059953703703703703
0 0.3754895833333334 0.5191018518518519 0.02297916666666661 0.06836111111111104
0 0.44433854166666664 0.3118518518518519 0.024994791666666672 0.05935185185185187
0 0.3083489583333333 0.5668425925925926 0.031083333333333366 0.04785185185185191
0 0.4155260416666666 0.28037962962962965 0.02833333333333338 0.06488888888888893
0 0.6665052083333334 0.2243888888888889 0.03515625 0.04904629629629627
0 0.640625 0.5703148148148148 0.025374999999999894 0.057074074074074166
0 0.3322760416666667 0.42274074074074075 0.03548958333333339 0.050833333333333314
0 0.7001979166666668 0.4882777777777778 0.025083333333333256 0.05400925925925924
0 0.45996354166666664 0.5772592592592594 0.03402604166666663 0.05891666666666677
0 0.6372083333333334 0.6380185185185184 0.028703125000000065 0.053416666666666716
0 0.673828125 0.39735185185185184 0.035276041666666674 0.034453703703703736
0 0.3806145833333333 0.054333333333333324 0.024885416666666653 0.06293518518518518
0 0.5615260416666668 0.30403703703703705 0.017041666666666563 0.06500000000000004
0 0.45996354166666664 0.04988888888888889 0.025270833333333322 0.06060185185185185
0 0.423828125 0.1854351851851852 0.03259374999999996 0.049314814814814804
0 0.38403125 0.11642592592592592 0.022718749999999944 0.07047222222222221
0 0.69140625 0.82075 0.025864583333333257 0.0625
0 0.921875 0.6414907407407406 0.021578124999999913 0.06060185185185189
0 0.5581041666666666 0.40537962962962965 0.025421874999999972 0.058916666666666666
0 0.8955104166666668 0.8107685185185185 0.026854166666666637 0.06320370370370369
0 0.468015625 0.17372222222222222 0.03418229166666661 0.04315740740740742
0 0.3498541666666667 0.4856759259259259 0.02276562500000002 0.07128703703703705
0 0.45801041666666664 0.8281296296296297 0.024276041666666616 0.06662037037037041
0 0.775390625 0.4704907407407407 0.03265624999999991 0.04218518518518514
0 0.35278125 0.1149074074074074 0.021119791666666644 0.05881481481481481
0 0.5 0.440537037037037 0.035276041666666674 0.04391666666666662
0 0.260984375 0.16102777777777777 0.025802083333333344 0.06412962962962962
0 0.8955104166666668 0.7365462962962963 0.023421874999999894 0.057074074074074166
0 0.548828125 0.19672222222222224 0.03155729166666668 0.05037037037037035
0 0.3083489583333333 0.8142407407407407 0.03515625 0.05281481481481478
0 0.6801770833333334 0.3426666666666667 0.03802604166666678 0.04023148148148152
0 0.7749010416666666 0.8450555555555556 0.03372395833333333 0.05007407407407401
0 0.6772447916666666 0.14496296296296296 0.03372395833333333 0.05341666666666667
0 0.473875 0.3441851851851852 0.027479166666666662 0.05112962962962966
0 0.6923854166666668 0.6770833333333334 0.020416666666666573 0.06076851851851862
0 0.546875 0.23806481481481484 0.03689583333333335 0.040851851851851854
0 0.9130885416666668 0.8676203703703703 0.021286458333333275 0.06212037037037029
0 0.7041041666666668 0.7847222222222222 0.03143229166666662 0.04014814814814806
0 0.787109375 0.36892592592592593 0.03448437500000002 0.04587037037037034
0 0.7890625 0.28103703703703703 0.022203125000000056 0.05815740740740736
0 0.6879895833333334 0.2808148148148148 0.03515625 0.04712037037037036
0 0.9130885416666668 0.5494814814814816 0.024276041666666734 0.06836111111111104
0 0.3149427083333334 0.4583333333333333 0.03649999999999996 0.04657407407407403
0 0.7172864583333334 0.4199259259259259 0.023729166666666638 0.05610185185185188
0 0.4448229166666666 0.7287314814814815 0.026963541666666656 0.06477777777777781
0 0.301515625 0.7534722222222222 0.0390625 0.05360185185185194
0 0.3461927083333334 0.7378518518518519 0.03482291666666661 0.04988888888888899
0 0.12719791666666666 0.6323796296296297 0.04162500000000001 0.04598148148148156
0 0.23669270833333333 0.2773425925925926 0.03561458333333333 0.05112962962962966
0 0.6499010416666666 0.8098981481481482 0.021010416666666743 0.06684259259259265
0 0.76171875 0.525611111111111 0.03295833333333344 0.03125
0 0.2067864583333333 0.17903703703703705 0.031083333333333307 0.058592592592592564
0 0.8413072916666666 0.15288888888888888 0.02276562500000002 0.07275
0 0.8969739583333334 0.5920185185185185 0.03656249999999991 0.04695370370370374
0 0.09668229166666667 0.5069444444444444 0.03753645833333333 0.050370370370370454
0 0.49121354166666664 0.041962962962962966 0.03573437499999995 0.04839814814814814
0 0.6186510416666666 0.14442592592592593 0.03372395833333333 0.05599074074074073
0 0.2749010416666666 0.775175925925926 0.03823958333333334 0.04107407407407398
0 0.9150416666666668 0.246962962962963 0.027906249999999962 0.05652777777777776
0 0.4897447916666666 0.588111111111111 0.031557291666666626 0.045712962962962865
0 0.642578125 0.2947037037037037 0.017244791666666735 0.06130555555555559
0 0.908203125 0.17133333333333334 0.021817708333333265 0.06711111111111112
0 0.7280260416666666 0.2910185185185185 0.03567708333333333 0.04432407407407408
0 0.4963385416666667 0.7660555555555556 0.023375000000000055 0.06813888888888882
0 0.442140625 0.2595462962962963 0.01953125 0.05382407407407407
0 0.9462916666666668 0.7934074074074075 0.03561458333333339 0.04765740740740743
0 0.7680677083333334 0.2289537037037037 0.023239583333333275 0.06249999999999997
0 0.6401354166666666 0.13910185185185184 0.03033333333333322 0.05555555555555555
0 0.5092760416666666 0.8754351851851853 0.027953125000000037 0.06646296296296293
0 0.43066666666666664 0.8276944444444444 0.02833333333333338 0.06825000000000003
0 0.5146510416666666 0.5646666666666667 0.019864583333333387 0.06775925925925932
0 0.6767604166666668 0.0773611111111111 0.033203125 0.056638888888888884
0 0.1896979166666667 0.5672777777777778 0.03442187500000002 0.04980555555555552
0 0.404296875 0.05222222222222221 0.029921875000000025 0.06722222222222221
0 0.4721666666666666 0.246962962962963 0.033203125 0.036842592592592587
0 0.7739270833333334 0.6853333333333333 0.029541666666666563 0.05064814814814819
0 0.47534375 0.2968796296296296 0.030562500000000034 0.03697222222222218
0 0.755859375 0.6037314814814815 0.03173958333333336 0.04730555555555548
0 0.12378125 0.8216111111111112 0.031083333333333338 0.06369444444444441
0 0.4916979166666666 0.5490462962962963 0.031614583333333356 0.04367592592592599
0 0.7216822916666668 0.5625 0.020369791666666734 0.06049074074074067
0 0.8935572916666668 0.33701851851851855 0.021041666666666715 0.06439814814814811
0 0.6303697916666666 0.3652314814814815 0.038328125000000074 0.04831481481481477
0 0.166015625 0.55425 0.029708333333333316 0.060277777777777694
0 0.7202135416666666 0.04950925925925926 0.01971354166666662 0.0661388888888889
0 0.7944322916666666 0.15787962962962962 0.018265625000000084 0.06179629629629631
0 0.33301041666666664 0.2326388888888889 0.028104166666666687 0.055472222222222194
0 0.42309375 0.7686666666666666 0.03521875000000006 0.035722222222222155
0 0.42065625 0.7018240740740741 0.037901041666666656 0.03684259259259256
0 0.17468229166666666 0.6297777777777778 0.03448437500000002 0.04980555555555552
0 0.7241197916666666 0.6948796296296297 0.032468750000000074 0.049962962962962994
0 0.3227552083333334 0.8763055555555556 0.030624999999999975 0.06309259259259269
0 0.7138697916666668 0.3300740740740741 0.03643750000000002 0.048666666666666615
0 0.7470729166666668 0.12662962962962962 0.030625000000000093 0.054444444444444455
0 0.8740260416666668 0.3621944444444445 0.019911458333333344 0.06342592592592593
0 0.744140625 0.24305555555555555 0.034182291666666725 0.04676851851851851
0 0.5151354166666666 0.42230555555555555 0.037109375 0.03749074074074075
0 0.7084947916666666 0.7252592592592593 0.03044270833333324 0.03341666666666659
0 0.2229010416666667 0.23480555555555555 0.027739583333333328 0.04950925925925923
0 0.5258802083333334 0.7348055555555556 0.023770833333333328 0.06401851851851861
0 0.3959947916666666 0.6497407407407407 0.033203125 0.03895370370370364
0 0.8452135416666666 0.6284722222222222 0.035218749999999945 0.03387962962962955
0 0.18652604166666667 0.6888055555555556 0.037901041666666656 0.04543518518518513
0 0.1525885416666667 0.8029537037037038 0.028703125000000006 0.057398148148148156
0 0.20471354166666667 0.519962962962963 0.039427083333333356 0.03878703703703713
0 0.8159166666666666 0.13953703703703701 0.025223958333333248 0.06575925925925924
0 0.8520520833333334 0.7543425925925926 0.02052083333333338 0.06477777777777781
0 0.2770989583333333 0.09760185185185184 0.033203125 0.06109259259259261
0 0.9399427083333334 0.2877592592592592 0.019057291666666743 0.0635277777777778
0 0.8232447916666668 0.28385185185185186 0.030916666666666735 0.05663888888888885
0 0.94140625 0.8506944444444444 0.020890625000000065 0.056638888888888954
0 0.23522916666666666 0.10069444444444445 0.03185937499999998 0.06037962962962961
0 0.9028333333333334 0.4587685185185185 0.03823958333333337 0.03662037037037033
0 0.8032239583333334 0.6705740740740741 0.03302083333333338 0.03425925925925926
0 0.4301770833333334 0.6154537037037038 0.03616145833333337 0.036481481481481566
0 0.09753645833333334 0.84375 0.03869791666666667 0.051027777777777686
0 0.61328125 0.7256944444444444 0.02838020833333322 0.06737962962962961
0 0.8110364583333334 0.4965277777777778 0.0184322916666666 0.04587037037037034
0 0.7524427083333334 0.7495648148148147 0.03628645833333337 0.03290740740740737
0 0.142578125 0.5768240740740741 0.026765624999999994 0.06401851851851861
0 0.7661145833333334 0.28732407407407407 0.025270833333333322 0.052222222222222205
0 0.8544947916666668 0.6788240740740741 0.03469791666666661 0.040694444444444484
0 0.880859375 0.881074074074074 0.019270833333333334 0.06462037037037034
0 0.9609375 0.8532962962962962 0.020598958333333427 0.05452777777777787
0 0.6196302083333334 0.8628518518518519 0.02293229166666677 0.06060185185185189
0 0.7504895833333334 0.4079907407407407 0.03896875000000009 0.03895370370370375
0 0.4353020833333333 0.6710092592592594 0.03775000000000001 0.032416666666666656
0 0.970703125 0.3663240740740741 0.03677604166666673 0.037620370370370367
0 0.697265625 0.12478703703703704 0.03283854166666676 0.05015740740740742
0 0.7578125 0.6414907407407406 0.03448437500000002 0.03749074074074075
0 0.541015625 0.37412962962962965 0.03671354166666661 0.034990740740740704
0 0.9321302083333334 0.5321203703703704 0.018828125000000046 0.044675925925925924
0 0.80859375 0.08045370370370371 0.020963541666666665 0.05503703703703704
0 0.180296875 0.46267592592592593 0.023729166666666697 0.0658611111111111
0 0.8442395833333334 0.8485277777777778 0.024093750000000115 0.06320370370370369
0 0.7543958333333334 0.0738425925925926 0.03634895833333331 0.04877777777777778
0 0.9721666666666666 0.5460092592592594 0.024843749999999904 0.06537962962962954
0 0.202390625 0.4398888888888889 0.03567708333333333 0.044675925925925924
0 0.841796875 0.2452222222222222 0.03781249999999995 0.04758333333333332
0 0.16882291666666666 0.23307407407407407 0.027223958333333322 0.07009259259259258
0 0.849609375 0.9019074074074074 0.02474999999999999 0.06016666666666668
0 0.921875 0.7842870370370371 0.03185937500000004 0.04123148148148146
0 0.6411145833333334 0.8628518518518519 0.030729166666666665 0.0554722222222223
0 0.6689479166666668 0.8346388888888888 0.020692708333333344 0.0642870370370371
0 0.87109375 0.06813888888888889 0.019500000000000028 0.0683611111111111
0 0.5932604166666666 0.8776018518518518 0.032041666666666656 0.05211111111111109
0 0.1545416666666667 0.6948796296296297 0.025130208333333334 0.06401851851851861
0 0.6137708333333334 0.08371296296296296 0.03216666666666678 0.037703703703703705
0 0.9418958333333334 0.09673148148148147 0.019942708333333316 0.06499999999999999
0 0.05975520833333334 0.4956574074074074 0.04016145833333332 0.06813888888888886
0 0.058562499999999997 0.15125925925925926 0.02241666666666667 0.06261111111111112
0 0.2502447916666667 0.648 0.023604166666666693 0.06662037037037041
0 0.9770520833333334 0.4947962962962963 0.03622395833333343 0.034722222222222224
0 0.11474479166666667 0.599388888888889 0.03781250000000001 0.04085185185185175
0 0.147828125 0.3576388888888889 0.03683333333333335 0.060379629629629665
0 0.13513020833333333 0.4796018518518519 0.025953125000000007 0.05620370370370375
0 0.08105729166666667 0.8107685185185185 0.024187499999999997 0.0625
0 0.96484375 0.11371296296296296 0.02215624999999998 0.06488888888888887
0 0.0833125 0.17903703703703705 0.032958333333333346 0.06813888888888892
0 0.0834375 0.10585185185185185 0.029875000000000006 0.06428703703703705
0 0.20544270833333333 0.4025648148148148 0.04009895833333334 0.04204629629629627
0 0.4670416666666667 0.8815092592592593 0.019302083333333307 0.06500000000000004
0 0.178953125 0.869361111111111 0.03259375000000002 0.043351851851851794
0 0.138671875 0.8658888888888888 0.041624999999999995 0.036351851851851844
0 0.8608385416666666 0.8732685185185185 0.018583333333333247 0.06825000000000003
0 0.391359375 0.6974814814814815 0.019791666666666666 0.04424074074074071
0 0.23352083333333334 0.8246574074074075 0.03167708333333336 0.05474074074074064
0 0.7817395833333334 0.01864814814814815 0.0167239583333334 0.03719444444444445
0 0.984375 0.067 0.021776041666666638 0.06119444444444445
0 0.6591822916666668 0.8836851851851851 0.0390625 0.05132407407407413
0 0.3569322916666666 0.020777777777777777 0.01843229166666672 0.040768518518518516
0 0.7959010416666668 0.2315555555555556 0.019911458333333344 0.039250000000000014
0 0.013848958333333335 0.6158888888888888 0.02685416666666667 0.04383333333333326
0 0.014557291666666665 0.8111944444444444 0.028703125 0.05382407407407418
0 0.9873072916666668 0.1722037037037037 0.023104166666666735 0.06390740740740739
0 0.7602552083333334 0.04031481481481482 0.024338541666666675 0.028731481481481483
0 0.6645520833333334 0.9331574074074074 0.015776041666666647 0.05620370370370364
0 0.033265625 0.8941018518518519 0.043515624999999995 0.0481203703703704
0 0.06658854166666667 0.2575925925925926 0.029984374999999997 0.05935185185185187
0 0.46996875 0.9444444444444444 0.031984375000000044 0.05281481481481478
0 0.8930677083333334 0.019842592592592592 0.019942708333333316 0.03775925925925926
0 0.012239583333333333 0.5551203703703703 0.023770833333333335 0.035046296296296214
0 0.9497083333333334 0.9201388888888888 0.03448437500000002 0.04923148148148155
0 0.49096875 0.013064814814814814 0.029416666666666678 0.025203703703703704
0 0.22509895833333332 0.9427129629629628 0.032838541666666644 0.06271296296296287
0 0.99296875 0.5435185185185185 0.0140625 0.06111111111111111
0 0.5991197916666666 0.9461851851851851 0.03173958333333336 0.04785185185185191
0 0.5698229166666666 0.8771666666666667 0.017244791666666735 0.039092592592592616
0 0.16113541666666667 0.9470462962962962 0.022677083333333313 0.06646296296296304
0 0.39551041666666664 0.875 0.02876041666666668 0.03985185185185182
0 0.63671875 0.9401018518518518 0.03378125000000007 0.0411481481481482
0 0.5307604166666666 0.980037037037037 0.03933854166666671 0.03740740740740749
0 0.1433125 0.08496296296296296 0.018265625000000025 0.032416666666666656
0 0.12878645833333333 0.9375 0.035890625000000016 0.05211111111111119
0 0.6469739583333334 0.011444444444444445 0.016343750000000056 0.022268518518518517
0 0.035734375 0.23937037037037034 0.025557291666666662 0.03662037037037035
0 0.681640625 0.9618055555555556 0.023864583333333418 0.0572962962962964
0 0.255125 0.973962962962963 0.03589062499999998 0.03770370370370352
0 0.10931249999999999 0.017453703703703704 0.02635416666666668 0.03314814814814815
0 0.4916979166666666 0.9841018518518518 0.03366145833333339 0.031796296296296434
0 0.31371875 0.9704907407407408 0.026854166666666637 0.021027777777777812
0 0.99634375 0.8585092592592594 0.007307291666666771 0.07112962962962957
0 0.3850104166666667 0.9713518518518518 0.022630208333333356 0.022703703703703688
0 0.039427083333333335 0.20725000000000002 0.022109375000000004 0.036916666666666674
0 0.15841666666666668 0.481537037037037 0.04084895833333331 0.039981481481481486
0 0.1359375 0.9944444444444445 0.021875 0.011111111111111112
0 0.2033697916666667 0.9704907407407408 0.029921875000000025 0.03323148148148136
0 0.354734375 0.9722222222222222 0.03573437499999995 0.048018518518518634
0 0.4643541666666666 0.9765648148148148 0.021364583333333322 0.026287037037036918
0 0.4191875 0.9592037037037038 0.024229166666666656 0.013370370370370421
0 0.625 0.9774351851851852 0.03775000000000001 0.04123148148148167
0 0.5101822916666666 0.9449537037037037 0.03294791666666666 0.034037037037037136
0 0.5314322916666667 0.9430277777777778 0.03330729166666669 0.04339814814814805
0 0.4785833333333333 0.12494444444444444 0.026151041666666687 0.05161111111111112
0 0.49378645833333334 0.0921388888888889 0.03579166666666668 0.034722222222222224
0 0.5792552083333333 0.2040648148148148 0.023630208333333277 0.05856481481481481
0 0.667171875 0.5609907407407407 0.026864583333333296 0.05862037037037032
0 0.6711614583333334 0.42948148148148146 0.0355625000000001 0.03793518518518521
0 0.697484375 0.5322222222222222 0.03484375000000005 0.030574074074074056
0 0.695703125 0.5787407407407407 0.02983854166666665 0.03771296296296298
0 0.726265625 0.4781296296296296 0.03182291666666662 0.03777777777777774
0 0.7415677083333333 0.5691203703703703 0.021500000000000106 0.05052777777777772
0 0.6537864583333334 0.07738888888888888 0.01811979166666665 0.060666666666666674
0 0.625390625 0.10450925925925926 0.04065624999999997 0.026453703703703698
0 0.9125989583333334 0.011185185185185183 0.0225833333333334 0.02209259259259259
0 0.9111354166666668 0.9678796296296296 0.04977604166666675 0.05674999999999997
0 0.7462083333333334 0.6859444444444445 0.0284427083333334 0.05596296296296301
0 0.4283489583333333 0.644425925925926 0.03749479166666667 0.03040740740740733
0 0.00821875 0.869361111111111 0.015958333333333335 0.05083333333333342