0 0.410156 0.494444 0.035937 0.044444
0 0.340885 0.634722 0.032813 0.058333
0 0.504167 0.500463 0.029167 0.060185
0 0.398958 0.393519 0.028125 0.055556
0 0.447135 0.531019 0.031771 0.058333
0 0.314323 0.409722 0.031771 0.060185
0 0.603125 0.154167 0.028125 0.060185
0 0.515885 0.317593 0.020313 0.066667
0 0.649219 0.261574 0.023438 0.060185
0 0.667188 0.387963 0.023958 0.057407
0 0.698438 0.751389 0.031250 0.047222
0 0.954167 0.678241 0.027083 0.062037
0 0.658854 0.788426 0.031250 0.056481
0 0.462240 0.673148 0.033854 0.048148
0 0.380208 0.446296 0.032292 0.051852
0 0.385417 0.297222 0.033333 0.059259
0 0.562240 0.463426 0.031771 0.039815
0 0.844531 0.746759 0.021354 0.052778
0 0.713021 0.799537 0.035417 0.036111
0 0.655990 0.321759 0.031771 0.047222
0 0.586719 0.265741 0.023438 0.055556
0 0.905990 0.766204 0.031771 0.041667
0 0.599479 0.640741 0.020833 0.064815
0 0.904948 0.821296 0.034896 0.042593
0 0.532031 0.470833 0.024479 0.060185
0 0.628646 0.773148 0.030208 0.053704
0 0.834635 0.480556 0.039062 0.046296
0 0.691667 0.678241 0.020833 0.063889
0 0.641667 0.558333 0.020833 0.064815
0 0.596354 0.185648 0.021875 0.063889
0 0.891406 0.455556 0.038021 0.046296
0 0.523177 0.080556 0.019271 0.072222
0 0.871875 0.666204 0.027083 0.054630
0 0.553906 0.595370 0.031771 0.050000
0 0.439323 0.632407 0.034896 0.040741
0 0.741406 0.234259 0.021354 0.066667
0 0.840104 0.839352 0.022917 0.063889
0 0.671615 0.512037 0.033854 0.037037
0 0.593490 0.377778 0.024479 0.062963
0 0.832031 0.544444 0.018229 0.061111
0 0.479687 0.535185 0.020833 0.064815
0 0.154427 0.602315 0.036979 0.045370
0 0.715104 0.454167 0.032292 0.045370
0 0.700000 0.587500 0.023958 0.058333
0 0.784896 0.294907 0.020833 0.065741
0 0.759375 0.784259 0.018750 0.062963
0 0.722396 0.284722 0.020833 0.062037
0 0.395833 0.683796 0.031250 0.062037
0 0.796615 0.424074 0.023438 0.064815
0 0.909896 0.409722 0.036458 0.041667
0 0.967969 0.491667 0.033854 0.046296
0 0.761979 0.361111 0.033333 0.040741
0 0.498698 0.440741 0.033854 0.048148
0 0.744010 0.693981 0.020313 0.054630
0 0.536198 0.368056 0.018229 0.065741
0 0.697135 0.272222 0.022396 0.059259
0 0.560156 0.304630 0.017188 0.066667
0 0.453385 0.485185 0.034896 0.035185
0 0.500260 0.639815 0.031771 0.037037
0 0.507552 0.698611 0.022396 0.062037
0 0.348177 0.490278 0.023438 0.073148
0 0.146875 0.389352 0.027083 0.062037
0 0.780990 0.846296 0.029687 0.053704
0 0.746354 0.491204 0.037500 0.041667
0 0.735938 0.610648 0.031250 0.037963
0 0.545312 0.193519 0.035417 0.050000
0 0.413542 0.236574 0.031250 0.062037
0 0.874219 0.362037 0.019271 0.062963
0 0.248698 0.648611 0.023438 0.065741
0 0.342969 0.416204 0.023438 0.060185
0 0.178385 0.447685 0.028646 0.062037
0 0.773958 0.082870 0.018750 0.062037
0 0.576042 0.643056 0.019792 0.065741
0 0.871354 0.847222 0.035417 0.033333
0 0.278906 0.638889 0.028646 0.064815
0 0.976302 0.705093 0.024479 0.065741
0 0.375781 0.221296 0.035937 0.050000
0 0.934115 0.284259 0.021354 0.064815
0 0.777865 0.514352 0.034896 0.047222
0 0.859115 0.337037 0.021354 0.062963
0 0.259375 0.463426 0.035417 0.043519
0 0.286458 0.578704 0.033333 0.055556
0 0.832812 0.700463 0.036458 0.036111
0 0.365885 0.390741 0.024479 0.061111
0 0.892188 0.325463 0.019792 0.065741
0 0.904167 0.206944 0.026042 0.060185
0 0.413281 0.098611 0.019271 0.062037
0 0.633594 0.400000 0.032813 0.035185
0 0.777604 0.691667 0.021875 0.062963
0 0.188542 0.554630 0.040625 0.033333
0 0.364844 0.557407 0.021354 0.064815
0 0.332813 0.349537 0.028125 0.075000
0 0.466406 0.109259 0.034896 0.046296
0 0.819531 0.370370 0.033854 0.048148
0 0.684375 0.829630 0.018750 0.062963
0 0.927865 0.537963 0.038021 0.050000
0 0.376823 0.057407 0.031771 0.061111
0 0.763542 0.636574 0.027083 0.052778
0 0.781771 0.557870 0.033333 0.043519
0 0.959635 0.549537 0.034896 0.049074
0 0.533073 0.781019 0.018229 0.065741
0 0.878125 0.784259 0.018750 0.061111
0 0.763542 0.241667 0.026042 0.057407
0 0.486979 0.188426 0.032292 0.045370
0 0.446094 0.048148 0.032813 0.046296
0 0.735938 0.107407 0.020833 0.064815
0 0.409115 0.191667 0.035937 0.044444
0 0.675781 0.138889 0.028646 0.055556
0 0.925000 0.624537 0.023958 0.056481
0 0.530469 0.240741 0.034896 0.048148
0 0.715625 0.643981 0.033333 0.034259
0 0.144271 0.269444 0.037500 0.057407
0 0.412760 0.310185 0.029687 0.062963
0 0.820573 0.073611 0.028646 0.058333
0 0.756250 0.066667 0.020833 0.061111
0 0.813281 0.623611 0.031771 0.054630
0 0.755469 0.295833 0.030729 0.060185
0 0.596875 0.803241 0.018750 0.067593
0 0.371354 0.625926 0.020833 0.066667
0 0.214583 0.695833 0.030208 0.050926
0 0.624740 0.063426 0.031771 0.049074
0 0.446354 0.262963 0.026042 0.046296
0 0.224219 0.234722 0.028646 0.049074
0 0.567708 0.826852 0.039583 0.037037
0 0.157812 0.481944 0.041667 0.037963
0 0.168750 0.233796 0.026042 0.071296
0 0.093490 0.800926 0.035937 0.051852
0 0.273438 0.726852 0.035417 0.038889
0 0.974479 0.368056 0.032292 0.049074
0 0.567708 0.403704 0.030208 0.055556
0 0.747135 0.181944 0.034896 0.047222
0 0.797135 0.152778 0.024479 0.064815
0 0.073958 0.427315 0.036458 0.056481
0 0.207292 0.179630 0.031250 0.055556
0 0.392448 0.097222 0.018229 0.072222
0 0.518750 0.835648 0.038542 0.036111
0 0.812240 0.150926 0.023438 0.068519
0 0.483594 0.058333 0.036979 0.040741
0 0.457552 0.225926 0.031771 0.035185
0 0.764323 0.121296 0.027604 0.059259
0 0.203646 0.485185 0.041667 0.048148
0 0.264844 0.879630 0.022396 0.062963
0 0.235156 0.100926 0.031771 0.057407
0 0.956771 0.750463 0.027083 0.062037
0 0.511979 0.419444 0.036458 0.033333
0 0.341667 0.827315 0.035417 0.052778
0 0.291667 0.837963 0.038542 0.040741
0 0.632031 0.897685 0.032813 0.050926
0 0.127865 0.548611 0.025521 0.067593
0 0.805469 0.226389 0.035937 0.041667
0 0.645833 0.814815 0.018750 0.066667
0 0.871875 0.064352 0.018750 0.067593
0 0.509896 0.885648 0.027083 0.065741
0 0.364583 0.497685 0.017708 0.065741
0 0.892448 0.250000 0.034896 0.042593
0 0.342708 0.794907 0.037500 0.049074
0 0.621875 0.111111 0.031250 0.040741
0 0.507552 0.131481 0.028646 0.062963
0 0.954427 0.250463 0.022396 0.056481
0 0.839583 0.267130 0.036458 0.037963
0 0.700000 0.111111 0.032292 0.066667
0 0.276302 0.164815 0.024479 0.068519
0 0.837500 0.310185 0.035417 0.051852
0 0.139063 0.766204 0.041667 0.047222
0 0.878646 0.219907 0.040625 0.032407
0 0.177604 0.901389 0.034375 0.054630
0 0.155208 0.693981 0.027083 0.062037
0 0.466406 0.879167 0.023438 0.073148
0 0.065365 0.342593 0.033854 0.035185
0 0.666406 0.035648 0.029687 0.058333
0 0.328906 0.861111 0.034896 0.053704
0 0.518750 0.022685 0.032292 0.039815
0 0.537760 0.883333 0.038021 0.051852
0 0.300521 0.091667 0.038542 0.038889
0 0.779687 0.039815 0.035417 0.055556
0 0.914844 0.877778 0.024479 0.044444
0 0.036458 0.818981 0.044792 0.050926
0 0.102865 0.121759 0.029687 0.060185
0 0.930469 0.127778 0.035937 0.040741
0 0.098698 0.330556 0.041146 0.044444
0 0.156250 0.056481 0.029167 0.062963
0 0.573958 0.202778 0.018750 0.046296
0 0.117708 0.778704 0.039583 0.044444
0 0.941667 0.868519 0.034375 0.053704
0 0.718490 0.043519 0.039062 0.053704
0 0.198958 0.424537 0.026042 0.041667
0 0.839583 0.221296 0.038542 0.035185
0 0.840885 0.029630 0.036979 0.048148
0 0.577344 0.931019 0.021354 0.058333
0 0.132292 0.485185 0.025000 0.057407
0 0.908333 0.094444 0.040625 0.038889
0 0.087240 0.730093 0.031771 0.056481
0 0.289844 0.903241 0.039062 0.034259
0 0.554427 0.498148 0.019271 0.044444
0 0.135937 0.049537 0.021875 0.067593
0 0.624740 0.930093 0.028646 0.052778
0 0.083594 0.105093 0.026562 0.065741
0 0.947917 0.081481 0.035417 0.035185
0 0.025000 0.880556 0.041667 0.053704
0 0.129427 0.924074 0.025521 0.059259
0 0.318750 0.924074 0.021875 0.061111
0 0.693490 0.014352 0.033854 0.026852
0 0.234375 0.824537 0.032292 0.052778
0 0.227344 0.940278 0.027604 0.062037
0 0.596615 0.961574 0.028646 0.062037
0 0.153125 0.946759 0.038542 0.045370
0 0.920573 0.939815 0.029687 0.048148
0 0.264583 0.256481 0.019792 0.040741
0 0.547135 0.953704 0.035937 0.070370
0 0.183333 0.012500 0.019792 0.023148
0 0.881510 0.924074 0.023438 0.059259
0 0.086198 0.945833 0.032813 0.052778
0 0.272396 0.955093 0.037500 0.032407
0 0.011198 0.650463 0.021354 0.039815
0 0.295052 0.490741 0.019271 0.035185
0 0.995052 0.450926 0.009896 0.046296
0 0.183854 0.858796 0.023958 0.041667
0 0.583594 0.724537 0.040104 0.036111
0 0.198698 0.953704 0.030729 0.051852
0 0.302865 0.968519 0.035937 0.053704
0 0.396354 0.875000 0.029167 0.037037
0 0.166146 0.962963 0.035417 0.048148
0 0.353646 0.981944 0.033333 0.034259
0 0.956250 0.980556 0.027083 0.031481
0 0.800521 0.975463 0.033333 0.028704
0 0.984635 0.974537 0.029687 0.036111
0 0.351042 0.941667 0.039583 0.046296
0 0.618490 0.975926 0.026562 0.038889
0 0.041146 0.205093 0.019792 0.032407
0 0.432812 0.976389 0.029167 0.037963
0 0.164323 0.012500 0.015104 0.023148
0 0.896354 0.975926 0.028125 0.031481
0 0.010937 0.888889 0.020833 0.040741
0 0.488021 0.970833 0.022917 0.030556
0 0.679948 0.906019 0.016146 0.026852
0 0.936198 0.968981 0.030729 0.019444
0 0.173698 0.308333 0.017188 0.025926
0 0.031250 0.243519 0.020833 0.027778
0 0.672396 0.974074 0.038542 0.042593
0 0.372396 0.109259 0.032292 0.042593
0 0.696875 0.903241 0.020833 0.025000
0 0.130208 0.994444 0.017708 0.011111
0 0.218750 0.993981 0.018750 0.012037
0 0.194531 0.754630 0.047396 0.064815
0 0.378646 0.011574 0.015625 0.021296
0 0.484635 0.010185 0.017188 0.018519
0 0.552604 0.011111 0.021875 0.020370
0 0.530729 0.271296 0.020833 0.033333
0 0.637500 0.137500 0.036458 0.063889
0 0.651823 0.083333 0.025521 0.059259
0 0.668490 0.579167 0.026562 0.065741
0 0.699479 0.519444 0.020833 0.064815
0 0.722917 0.562500 0.019792 0.076852
0 0.745573 0.567130 0.028646 0.034259
0 0.825260 0.598611 0.034896 0.054630
0 0.850521 0.618519 0.021875 0.075926
0 0.802344 0.670370 0.020313 0.064815
0 0.784115 0.613426 0.031771 0.050926
0 0.823438 0.669907 0.029167 0.037963
0 0.713021 0.099074 0.021875 0.072222
0 0.613802 0.010185 0.013021 0.018519
0 0.645573 0.010185 0.010937 0.018519
0 0.744792 0.032407 0.015625 0.059259
0 0.871354 0.270833 0.021875 0.067593
0 0.663021 0.335185 0.020833 0.031481
0 0.996094 0.865278 0.006771 0.056481
0 0.561979 0.879630 0.017708 0.064815
0 0.557813 0.367130 0.029167 0.060185
0 0.775781 0.012500 0.025521 0.023148
