0 0.579688 0.554630 0.027083 0.057407
0 0.650260 0.527315 0.024479 0.062037
0 0.300000 0.542130 0.036458 0.056481
0 0.351302 0.381019 0.029687 0.058333
0 0.354948 0.626389 0.021354 0.065741
0 0.281510 0.312500 0.027604 0.063889
0 0.242448 0.645833 0.033854 0.060185
0 0.334896 0.218519 0.027083 0.066667
0 0.307292 0.255556 0.036458 0.053704
0 0.276823 0.390741 0.026562 0.055556
0 0.284635 0.678704 0.039062 0.050000
0 0.297396 0.485185 0.023958 0.066667
0 0.515365 0.212500 0.022396 0.062037
0 0.492448 0.231944 0.020313 0.065741
0 0.675000 0.559259 0.019792 0.062963
0 0.335938 0.516204 0.026042 0.060185
0 0.438281 0.527778 0.031771 0.044444
0 0.617708 0.564815 0.034375 0.040741
0 0.653125 0.445370 0.028125 0.057407
0 0.241927 0.743519 0.035937 0.037037
0 0.488542 0.505556 0.022917 0.061111
0 0.547396 0.187037 0.017708 0.066667
0 0.440365 0.267130 0.019271 0.069444
0 0.323437 0.091204 0.023958 0.069444
0 0.642448 0.193981 0.020313 0.060185
0 0.332292 0.298611 0.023958 0.060185
0 0.920573 0.332407 0.023438 0.059259
0 0.269531 0.769907 0.039062 0.037963
0 0.724219 0.184722 0.019271 0.062037
0 0.275260 0.555556 0.036979 0.050000
0 0.544531 0.495370 0.029687 0.066667
0 0.844010 0.260185 0.025521 0.057407
0 0.782292 0.137500 0.025000 0.058333
0 0.490365 0.757407 0.033854 0.044444
0 0.840625 0.538426 0.036458 0.041667
0 0.738802 0.453704 0.031771 0.046296
0 0.360677 0.443519 0.026562 0.053704
0 0.874740 0.356481 0.030729 0.051852
0 0.820573 0.667593 0.030729 0.055556
0 0.889844 0.558333 0.031771 0.044444
0 0.246875 0.497222 0.025000 0.081481
0 0.401823 0.625926 0.021354 0.064815
0 0.331250 0.597222 0.025000 0.064815
0 0.429948 0.071296 0.021354 0.064815
0 0.943229 0.525926 0.022917 0.064815
0 0.578385 0.103704 0.026562 0.061111
0 0.686458 0.670370 0.036458 0.035185
0 0.648177 0.250463 0.018229 0.063889
0 0.607292 0.077315 0.020833 0.065741
0 0.601302 0.818519 0.030729 0.053704
0 0.638802 0.740278 0.030729 0.063889
0 0.327344 0.814815 0.021354 0.066667
0 0.511458 0.613426 0.034375 0.047222
0 0.703385 0.190741 0.022396 0.062963
0 0.821354 0.604630 0.030208 0.062963
0 0.260156 0.272222 0.025521 0.064815
0 0.733854 0.687963 0.032292 0.033333
0 0.697917 0.603241 0.021875 0.065741
0 0.917188 0.560648 0.027083 0.065741
0 0.883073 0.507870 0.036979 0.034259
0 0.800000 0.090741 0.023958 0.062963
0 0.521094 0.259259 0.019271 0.066667
0 0.406771 0.072222 0.017708 0.062963
0 0.748437 0.216667 0.026042 0.059259
0 0.658073 0.355093 0.019271 0.062037
0 0.832292 0.480556 0.027083 0.062963
0 0.795312 0.631944 0.032292 0.047222
0 0.390104 0.501389 0.022917 0.058333
0 0.424219 0.135648 0.019271 0.062037
0 0.696094 0.508333 0.018229 0.061111
0 0.770052 0.615278 0.020313 0.065741
0 0.664844 0.133796 0.030729 0.050926
0 0.951302 0.472222 0.029687 0.046296
0 0.245573 0.849074 0.031771 0.051852
0 0.929427 0.770370 0.031771 0.042593
0 0.811719 0.264815 0.024479 0.057407
0 0.441146 0.203241 0.026042 0.050926
0 0.572656 0.383796 0.033854 0.052778
0 0.201563 0.407407 0.031250 0.053704
0 0.254688 0.089815 0.019792 0.068519
0 0.524219 0.711111 0.038021 0.048148
0 0.747917 0.756481 0.019792 0.064815
0 0.370052 0.270833 0.034896 0.041667
0 0.382031 0.037037 0.020313 0.066667
0 0.666406 0.084722 0.019271 0.063889
0 0.964063 0.423148 0.020833 0.064815
0 0.707552 0.401852 0.031771 0.053704
0 0.386979 0.714815 0.036458 0.050000
0 0.605208 0.454167 0.037500 0.039815
0 0.534115 0.115278 0.017188 0.063889
0 0.644271 0.306944 0.018750 0.060185
0 0.530469 0.668056 0.033854 0.047222
0 0.849219 0.757407 0.028646 0.048148
0 0.786719 0.770833 0.022396 0.062037
0 0.201563 0.562500 0.025000 0.063889
0 0.589583 0.612037 0.035417 0.040741
0 0.493750 0.165741 0.032292 0.057407
0 0.121615 0.393519 0.025521 0.072222
0 0.410677 0.537963 0.020313 0.068519
0 0.366146 0.219907 0.028125 0.054630
0 0.602865 0.755556 0.036979 0.046296
0 0.692187 0.363889 0.018750 0.061111
0 0.943750 0.434722 0.026042 0.060185
0 0.871615 0.825000 0.022396 0.066667
0 0.494531 0.868519 0.030729 0.053704
0 0.264844 0.491204 0.022396 0.067593
0 0.835677 0.346759 0.023438 0.063889
0 0.249479 0.365278 0.035417 0.047222
0 0.857552 0.701389 0.028646 0.062037
0 0.251302 0.165278 0.021354 0.067593
0 0.355729 0.810185 0.018750 0.061111
0 0.807292 0.413426 0.034375 0.045370
0 0.779427 0.227315 0.031771 0.050926
0 0.450000 0.771759 0.018750 0.063889
0 0.563542 0.427778 0.035417 0.042593
0 0.461979 0.175926 0.028125 0.061111
0 0.720052 0.328704 0.031771 0.064815
0 0.616146 0.638426 0.017708 0.062037
0 0.878646 0.255556 0.023958 0.064815
0 0.224219 0.068519 0.021354 0.068519
0 0.600000 0.419907 0.038542 0.047222
0 0.735677 0.412963 0.034896 0.044444
0 0.964063 0.737037 0.032292 0.038889
0 0.801042 0.358333 0.033333 0.044444
0 0.386719 0.800926 0.034896 0.051852
0 0.870833 0.430093 0.018750 0.062037
0 0.849219 0.058333 0.031771 0.048148
0 0.150781 0.738889 0.025521 0.051852
0 0.593490 0.666667 0.028646 0.044444
0 0.912760 0.150000 0.030729 0.053704
0 0.357812 0.578704 0.030208 0.040741
0 0.722396 0.092130 0.038542 0.041667
0 0.128646 0.886111 0.037500 0.044444
0 0.774219 0.335185 0.034896 0.038889
0 0.878125 0.756481 0.032292 0.050000
0 0.661198 0.882407 0.024479 0.051852
0 0.390365 0.116204 0.033854 0.049074
0 0.849219 0.844444 0.024479 0.055556
0 0.430729 0.611111 0.028125 0.048148
0 0.907813 0.081944 0.026042 0.058333
0 0.619271 0.916204 0.032292 0.047222
0 0.411458 0.689815 0.022917 0.070370
0 0.523177 0.324537 0.021354 0.054630
0 0.490104 0.379167 0.022917 0.063889
0 0.823438 0.074537 0.019792 0.063889
0 0.368490 0.517593 0.018229 0.059259
0 0.225260 0.649537 0.030729 0.047222
0 0.526042 0.749537 0.033333 0.050926
0 0.196615 0.162963 0.032813 0.053704
0 0.084375 0.494907 0.033333 0.063889
0 0.573958 0.861111 0.023958 0.061111
0 0.803906 0.850463 0.020313 0.063889
0 0.381510 0.750000 0.038021 0.033333
0 0.940625 0.386574 0.035417 0.036111
0 0.799479 0.309722 0.034375 0.039815
0 0.392188 0.446759 0.019792 0.049074
0 0.633594 0.863426 0.035937 0.036111
0 0.564583 0.813889 0.018750 0.070370
0 0.808854 0.441667 0.037500 0.038889
0 0.578385 0.046296 0.038021 0.044444
0 0.052604 0.431481 0.029167 0.070370
0 0.842708 0.805556 0.030208 0.044444
0 0.155990 0.311111 0.036979 0.042593
0 0.988021 0.344444 0.023958 0.061111
0 0.941146 0.842593 0.029167 0.037037
0 0.907031 0.895833 0.028646 0.063889
0 0.434896 0.675000 0.025000 0.048148
0 0.154688 0.693981 0.038542 0.050926
0 0.875781 0.309259 0.024479 0.050000
0 0.765365 0.289815 0.027604 0.044444
0 0.294010 0.603241 0.039062 0.043519
0 0.198698 0.766667 0.021354 0.051852
0 0.855729 0.094907 0.038542 0.036111
0 0.504948 0.026852 0.028646 0.050000
0 0.768229 0.737037 0.019792 0.072222
0 0.725000 0.040278 0.038542 0.037963
0 0.720052 0.816667 0.040104 0.042593
0 0.409635 0.815278 0.039062 0.039815
0 0.235417 0.819444 0.033333 0.042593
0 0.753125 0.866667 0.018750 0.064815
0 0.768229 0.493056 0.020833 0.065741
0 0.025521 0.598611 0.033333 0.058333
0 0.234115 0.915278 0.021354 0.069444
0 0.925000 0.069444 0.023958 0.038889
0 0.458073 0.683796 0.022396 0.062037
0 0.892708 0.043056 0.022917 0.062037
0 0.101302 0.468981 0.024479 0.065741
0 0.070573 0.820370 0.036979 0.064815
0 0.209635 0.027778 0.032813 0.051852
0 0.732552 0.547685 0.022396 0.073148
0 0.103125 0.844907 0.042708 0.056481
0 0.147917 0.551852 0.033333 0.035185
0 0.988021 0.716204 0.022917 0.052778
0 0.585938 0.889352 0.029167 0.043519
0 0.404427 0.262500 0.019271 0.041667
0 0.428385 0.903704 0.040104 0.053704
0 0.605208 0.937037 0.026042 0.050000
0 0.866927 0.924074 0.029687 0.057407
0 0.038281 0.318056 0.029687 0.067593
0 0.131771 0.581019 0.028125 0.041667
0 0.835677 0.018519 0.034896 0.035185
0 0.452865 0.889352 0.032813 0.045370
0 0.015365 0.839352 0.028646 0.039815
0 0.135156 0.925000 0.038021 0.038889
0 0.015104 0.272685 0.021875 0.063889
0 0.649479 0.934259 0.017708 0.068519
0 0.529948 0.056944 0.035937 0.056481
0 0.520833 0.885185 0.033333 0.042593
0 0.100521 0.070370 0.037500 0.033333
0 0.524219 0.389352 0.019271 0.043519
0 0.257812 0.022685 0.033333 0.043519
0 0.579167 0.722222 0.028125 0.035185
0 0.828385 0.727315 0.028646 0.028704
0 0.148958 0.015741 0.033333 0.029630
0 0.972396 0.876389 0.040625 0.041667
0 0.490104 0.931944 0.031250 0.060185
0 0.080729 0.917593 0.040625 0.044444
0 0.018229 0.917130 0.029167 0.056481
0 0.016667 0.368519 0.026042 0.050000
0 0.405208 0.954167 0.017708 0.067593
0 0.433333 0.950926 0.036458 0.062963
0 0.604688 0.980556 0.034375 0.038889
0 0.025521 0.016204 0.028125 0.030556
0 0.767188 0.944907 0.030208 0.054630
0 0.049219 0.126852 0.036979 0.044444
0 0.760938 0.010185 0.016667 0.018519
0 0.490365 0.972685 0.035937 0.041667
0 0.802083 0.937963 0.036458 0.044444
0 0.059896 0.217593 0.022917 0.031481
0 0.525521 0.975463 0.038542 0.032407
0 0.072135 0.589352 0.018229 0.028704
0 0.982031 0.927315 0.035937 0.037963
0 0.946094 0.009259 0.030729 0.016667
0 0.094792 0.959722 0.041667 0.052778
0 0.863542 0.157407 0.017708 0.029630
0 0.306771 0.969444 0.038542 0.018519
0 0.910417 0.964815 0.043750 0.062963
0 0.184896 0.948148 0.032292 0.072222
0 0.820573 0.978704 0.034896 0.037037
0 0.577865 0.965741 0.025521 0.059259
0 0.749219 0.931019 0.032813 0.037963
0 0.301563 0.766204 0.013542 0.023148
0 0.333594 0.148148 0.029687 0.059259
0 0.355208 0.163426 0.021875 0.073148
0 0.375000 0.146296 0.029167 0.046296
0 0.386198 0.181481 0.040104 0.040741
0 0.460156 0.125463 0.038021 0.043519
0 0.548438 0.238426 0.020833 0.043519
0 0.561458 0.212500 0.015625 0.039815
0 0.601042 0.142130 0.018750 0.032407
0 0.673958 0.193981 0.019792 0.069444
0 0.890885 0.407870 0.031771 0.049074
0 0.776042 0.415741 0.036458 0.048148
0 0.564323 0.480556 0.025521 0.064815
0 0.383073 0.558796 0.016146 0.026852
0 0.331250 0.452778 0.020833 0.061111
0 0.036979 0.206019 0.018750 0.036111
0 0.707292 0.007407 0.013542 0.012963
0 0.212240 0.965741 0.032813 0.014815
0 0.167708 0.976389 0.027083 0.032407
0 0.276562 0.989815 0.016667 0.020370
0 0.055990 0.963426 0.028646 0.021296
0 0.994531 0.813426 0.009896 0.028704
0 0.985938 0.975926 0.027083 0.016667
0 0.995052 0.843981 0.009896 0.023148
0 0.996354 0.451389 0.007292 0.013889
0 0.641406 0.119444 0.022396 0.055556
0 0.058594 0.183333 0.020313 0.033333
0 0.007031 0.347222 0.013021 0.040741
0 0.010937 0.870370 0.020833 0.053704
0 0.467448 0.522685 0.017188 0.069444
