0 0.468490 0.592130 0.028646 0.062037
0 0.244271 0.486111 0.034375 0.051852
0 0.215104 0.501852 0.028125 0.059259
0 0.167708 0.231944 0.022917 0.067593
0 0.779687 0.530556 0.028125 0.055556
0 0.316667 0.183333 0.025000 0.064815
0 0.235156 0.335648 0.032813 0.052778
0 0.397656 0.594444 0.030729 0.055556
0 0.332031 0.590741 0.035937 0.044444
0 0.277865 0.153704 0.021354 0.066667
0 0.282292 0.639352 0.033333 0.060185
0 0.632552 0.493519 0.032813 0.051852
0 0.369271 0.790741 0.032292 0.050000
0 0.327344 0.686574 0.029687 0.067593
0 0.416667 0.706481 0.031250 0.066667
0 0.741927 0.693981 0.030729 0.050926
0 0.195833 0.403241 0.022917 0.069444
0 0.543490 0.604630 0.032813 0.050000
0 0.928906 0.611574 0.021354 0.060185
0 0.896615 0.663426 0.024479 0.058333
0 0.243490 0.245833 0.022396 0.067593
0 0.341927 0.201852 0.028646 0.061111
0 0.671615 0.509722 0.026562 0.049074
0 0.799740 0.613426 0.025521 0.063889
0 0.927865 0.462963 0.026562 0.059259
0 0.898958 0.728704 0.027083 0.053704
0 0.775521 0.321759 0.029167 0.049074
0 0.316146 0.473611 0.035417 0.049074
0 0.934375 0.715278 0.021875 0.062037
0 0.716146 0.330556 0.026042 0.050000
0 0.388542 0.205556 0.028125 0.062963
0 0.789323 0.448611 0.030729 0.041667
0 0.653906 0.084722 0.021354 0.060185
0 0.842969 0.750000 0.028646 0.051852
0 0.879167 0.201852 0.023958 0.066667
0 0.524740 0.074074 0.020313 0.068519
0 0.961719 0.612500 0.030729 0.060185
0 0.490365 0.428704 0.029687 0.062963
0 0.134375 0.537500 0.038542 0.045370
0 0.644271 0.536111 0.036458 0.038889
0 0.759635 0.597222 0.019271 0.061111
0 0.834115 0.553241 0.033854 0.045370
0 0.692448 0.676389 0.020313 0.065741
0 0.525521 0.468519 0.027083 0.057407
0 0.611979 0.634259 0.030208 0.066667
0 0.435677 0.294907 0.029687 0.063889
0 0.921094 0.799074 0.021354 0.059259
0 0.538281 0.546759 0.025521 0.056481
0 0.460156 0.050463 0.020313 0.063889
0 0.800000 0.679167 0.017708 0.062037
0 0.917708 0.560648 0.021875 0.062037
0 0.471875 0.456944 0.034375 0.052778
0 0.648698 0.367593 0.017188 0.062963
0 0.562240 0.799074 0.033854 0.051852
0 0.673698 0.399074 0.035937 0.037037
0 0.488021 0.654630 0.031250 0.050000
0 0.324740 0.863426 0.029687 0.063889
0 0.616406 0.073148 0.026562 0.062963
0 0.656771 0.776852 0.020833 0.062963
0 0.373177 0.480093 0.018229 0.063889
0 0.684375 0.830556 0.023958 0.055556
0 0.148438 0.464815 0.040625 0.050000
0 0.189323 0.156019 0.031771 0.060185
0 0.576302 0.641204 0.024479 0.065741
0 0.473438 0.518981 0.023958 0.065741
0 0.369010 0.072222 0.020313 0.064815
0 0.540625 0.319907 0.022917 0.060185
0 0.084375 0.483333 0.035417 0.050000
0 0.562760 0.116667 0.027604 0.057407
0 0.346875 0.485185 0.020833 0.072222
0 0.659896 0.824537 0.033333 0.036111
0 0.919010 0.275463 0.023438 0.060185
0 0.860156 0.210648 0.022396 0.060185
0 0.211719 0.192130 0.039062 0.049074
0 0.467969 0.117130 0.031771 0.060185
0 0.417708 0.880093 0.030208 0.054630
0 0.644792 0.038426 0.020833 0.062037
0 0.581250 0.580093 0.031250 0.052778
0 0.498698 0.182407 0.024479 0.070370
0 0.370833 0.629630 0.037500 0.035185
0 0.818229 0.640278 0.017708 0.062037
0 0.344271 0.324074 0.028125 0.061111
0 0.952344 0.554167 0.023438 0.062037
0 0.594792 0.382870 0.027083 0.052778
0 0.313021 0.276852 0.021875 0.068519
0 0.691667 0.518519 0.019792 0.059259
0 0.126562 0.609722 0.022917 0.065741
0 0.392969 0.093519 0.033854 0.053704
0 0.264062 0.210648 0.039583 0.045370
0 0.829167 0.497685 0.037500 0.041667
0 0.777083 0.866204 0.025000 0.058333
0 0.890885 0.499074 0.027604 0.051852
0 0.040625 0.593519 0.025000 0.070370
0 0.382552 0.429630 0.039062 0.050000
0 0.479948 0.287500 0.036979 0.045370
0 0.155729 0.275463 0.033333 0.058333
0 0.581250 0.747685 0.026042 0.054630
0 0.622917 0.377315 0.025000 0.062037
0 0.193750 0.576852 0.023958 0.062963
0 0.250521 0.647222 0.019792 0.068519
0 0.579948 0.258333 0.028646 0.057407
0 0.698958 0.605093 0.017708 0.060185
0 0.799740 0.725926 0.035937 0.035185
0 0.491927 0.040278 0.032813 0.050926
0 0.764583 0.102778 0.018750 0.050000
0 0.772135 0.765278 0.034896 0.034259
0 0.395313 0.554630 0.025000 0.059259
0 0.757031 0.271759 0.036979 0.036111
0 0.615885 0.249074 0.018229 0.074074
0 0.499740 0.886574 0.028646 0.062037
0 0.822135 0.232407 0.019271 0.066667
0 0.873958 0.364352 0.018750 0.062037
0 0.837500 0.803704 0.036458 0.031481
0 0.691146 0.294444 0.032292 0.031481
0 0.800521 0.156019 0.026042 0.062037
0 0.092188 0.634722 0.030208 0.065741
0 0.709635 0.666667 0.019271 0.062963
0 0.848958 0.436111 0.038542 0.037037
0 0.714583 0.800000 0.036458 0.035185
0 0.415885 0.210185 0.033854 0.048148
0 0.150781 0.693981 0.023438 0.071296
0 0.810417 0.824537 0.019792 0.063889
0 0.411458 0.315278 0.028125 0.065741
0 0.677865 0.135185 0.032813 0.050000
0 0.755729 0.043981 0.019792 0.060185
0 0.889844 0.332407 0.020313 0.062963
0 0.426302 0.100000 0.036979 0.044444
0 0.150260 0.100000 0.030729 0.057407
0 0.161979 0.314352 0.038542 0.045370
0 0.663802 0.256481 0.033854 0.033333
0 0.235937 0.104167 0.035417 0.050926
0 0.478125 0.217130 0.033333 0.039815
0 0.279427 0.081019 0.020313 0.075000
0 0.845313 0.381481 0.030208 0.059259
0 0.745833 0.846296 0.037500 0.037037
0 0.374740 0.562037 0.019271 0.061111
0 0.844010 0.893056 0.035937 0.039815
0 0.924219 0.415278 0.040104 0.037963
0 0.439323 0.184722 0.038021 0.060185
0 0.551823 0.341204 0.024479 0.062037
0 0.504167 0.117130 0.035417 0.049074
0 0.762760 0.813426 0.034896 0.036111
0 0.876563 0.753704 0.029167 0.048148
0 0.959635 0.804630 0.032813 0.033333
0 0.119792 0.476389 0.030208 0.056481
0 0.733854 0.172685 0.039583 0.034259
0 0.514844 0.713426 0.024479 0.073148
0 0.745313 0.782870 0.036458 0.036111
0 0.327865 0.131944 0.031771 0.049074
0 0.117188 0.160185 0.040625 0.037037
0 0.971354 0.772685 0.039583 0.045370
0 0.841927 0.844907 0.019271 0.056481
0 0.851823 0.100000 0.019271 0.059259
0 0.521354 0.150000 0.031250 0.050000
0 0.852344 0.277315 0.038021 0.036111
0 0.471354 0.872685 0.021875 0.065741
0 0.404687 0.262037 0.032292 0.044444
0 0.603646 0.190278 0.035417 0.043519
0 0.175521 0.721296 0.034375 0.062963
0 0.882552 0.913426 0.023438 0.060185
0 0.341927 0.819444 0.044271 0.048148
0 0.650000 0.214815 0.036458 0.035185
0 0.792708 0.237963 0.038542 0.038889
0 0.419531 0.024074 0.023438 0.046296
0 0.154167 0.037037 0.032292 0.057407
0 0.352865 0.554630 0.025521 0.062963
0 0.759896 0.218519 0.022917 0.064815
0 0.513802 0.419444 0.034896 0.033333
0 0.646875 0.286574 0.033333 0.030556
0 0.863281 0.322685 0.035937 0.039815
0 0.242708 0.030093 0.032292 0.058333
0 0.899219 0.290278 0.026562 0.058333
0 0.834115 0.331019 0.022396 0.045370
0 0.279167 0.926852 0.028125 0.051852
0 0.850781 0.161574 0.035937 0.041667
0 0.044271 0.778241 0.044792 0.039815
0 0.871354 0.066204 0.018750 0.069444
0 0.535937 0.025000 0.031250 0.046296
0 0.018750 0.690741 0.029167 0.062963
0 0.267708 0.028704 0.036458 0.053704
0 0.828906 0.136111 0.032813 0.035185
0 0.014844 0.637963 0.028646 0.053704
0 0.296615 0.486111 0.019271 0.048148
0 0.798698 0.109722 0.031771 0.043519
0 0.244271 0.859259 0.031250 0.051852
0 0.278125 0.865741 0.021875 0.066667
0 0.526302 0.887500 0.020313 0.058333
0 0.191927 0.019444 0.031771 0.037037
0 0.984115 0.198611 0.031771 0.047222
0 0.540625 0.849074 0.021875 0.068519
0 0.313021 0.019907 0.037500 0.037963
0 0.868750 0.484259 0.034375 0.059259
0 0.598698 0.924074 0.025521 0.057407
0 0.634375 0.757407 0.020833 0.042593
0 0.720573 0.025926 0.028646 0.050000
0 0.082552 0.079167 0.019271 0.073148
0 0.234115 0.821759 0.029687 0.047222
0 0.927083 0.027315 0.035417 0.037963
0 0.924479 0.929167 0.029167 0.047222
0 0.994010 0.345833 0.010937 0.056481
0 0.032813 0.158796 0.039583 0.032407
0 0.244010 0.937037 0.030729 0.064815
0 0.339844 0.104167 0.024479 0.036111
0 0.989844 0.478704 0.020313 0.051852
0 0.795833 0.952778 0.031250 0.062963
0 0.114062 0.877315 0.029167 0.056481
0 0.591406 0.718519 0.028646 0.040741
0 0.550521 0.873148 0.038542 0.035185
0 0.259375 0.898148 0.034375 0.042593
0 0.026042 0.890278 0.025000 0.060185
0 0.582292 0.455093 0.015625 0.034259
0 0.098177 0.913426 0.041146 0.041667
0 0.863542 0.939815 0.034375 0.048148
0 0.183333 0.858333 0.022917 0.044444
0 0.754687 0.950000 0.037500 0.040741
0 0.981250 0.878704 0.029167 0.038889
0 0.626302 0.012963 0.023438 0.024074
0 0.394271 0.875000 0.025000 0.033333
0 0.620833 0.955093 0.020833 0.065741
0 0.027344 0.243519 0.023438 0.033333
0 0.603646 0.882870 0.044792 0.049074
0 0.220833 0.390741 0.018750 0.029630
0 0.376042 0.011111 0.017708 0.020370
0 0.593490 0.961574 0.038021 0.054630
0 0.931771 0.885185 0.040625 0.050000
0 0.303646 0.973148 0.040625 0.050000
0 0.008333 0.825000 0.015625 0.062963
0 0.463802 0.726852 0.011979 0.024074
0 0.753385 0.975463 0.031771 0.030556
0 0.009115 0.862037 0.017188 0.070370
0 0.651563 0.939352 0.034375 0.049074
0 0.065625 0.007407 0.018750 0.012963
0 0.605729 0.013889 0.026042 0.025926
0 0.989062 0.925926 0.018750 0.048148
0 0.353906 0.975926 0.038021 0.046296
0 0.972917 0.975463 0.020833 0.028704
0 0.844010 0.976389 0.024479 0.032407
0 0.394792 0.971759 0.020833 0.034259
0 0.334635 0.973611 0.022396 0.034259
0 0.152604 0.958333 0.034375 0.081481
0 0.987760 0.969444 0.024479 0.038889
0 0.600521 0.138889 0.025000 0.062963
0 0.624479 0.110185 0.031250 0.040741
0 0.639062 0.136574 0.034375 0.045370
0 0.630469 0.174537 0.034896 0.052778
0 0.682031 0.189352 0.027604 0.060185
0 0.575260 0.201852 0.024479 0.050000
0 0.569271 0.291204 0.027083 0.054630
0 0.529948 0.263889 0.030729 0.051852
0 0.577344 0.343981 0.020313 0.062037
0 0.542188 0.398611 0.036458 0.032407
0 0.896094 0.010185 0.025521 0.018519
0 0.988542 0.011111 0.020833 0.020370
0 0.991667 0.724537 0.016667 0.032407
0 0.723698 0.563889 0.025521 0.061111
0 0.733333 0.589352 0.035417 0.045370
0 0.558854 0.475000 0.019792 0.044444
0 0.442448 0.272222 0.020313 0.035185
0 0.665365 0.335185 0.031771 0.031481
