0 0.40746875 0.5316851851851853 0.031312499999999945 0.06477777777777781
0 0.495359375 0.5603333333333333 0.027328125000000016 0.06060185185185189
0 0.3315416666666666 0.50825 0.03408854166666669 0.05382407407407418
0 0.47778125 0.4848055555555556 0.02908333333333329 0.05281481481481478
0 0.28808854166666664 0.4661481481481482 0.03561458333333327 0.054444444444444455
0 0.6977552083333334 0.33463888888888893 0.0284427083333334 0.0540092592592593
0 0.67578125 0.3791203703703704 0.03408854166666657 0.03735185185185188
0 0.4750989583333334 0.13562962962962963 0.029708333333333316 0.06944444444444445
0 0.4899895833333333 0.5182314814814816 0.026151041666666687 0.06060185185185189
0 0.446046875 0.2604166666666667 0.03506249999999997 0.04703703703703702
0 0.3881822916666666 0.4843796296296296 0.031312499999999945 0.06559259259259256
0 0.4956041666666666 0.27582407407407405 0.034364583333333344 0.04587037037037034
0 0.763671875 0.1815277777777778 0.021911458333333418 0.06462037037037038
0 0.3806145833333333 0.23220370370370372 0.030958333333333362 0.059620370370370386
0 0.7905260416666666 0.5403611111111112 0.035276041666666674 0.034453703703703736
0 0.6333020833333334 0.40950925925925924 0.025619791666666693 0.06500000000000004
0 0.767578125 0.4830740740740741 0.020963541666666665 0.0625
0 0.6948229166666666 0.2847222222222222 0.03021354166666678 0.0544444444444444
0 0.8745104166666666 0.3615462962962963 0.030625000000000093 0.057509259259259274
0 0.6870104166666666 0.4264351851851852 0.03573437500000007 0.034583333333333355
0 0.7729479166666666 0.41818518518518516 0.025374999999999894 0.06575925925925924
0 0.560546875 0.4804722222222222 0.02033854166666676 0.06331481481481475
0 0.6904322916666668 0.6627592592592593 0.03747395833333324 0.04375925925925925
0 0.55859375 0.6315092592592593 0.03476041666666655 0.04408333333333324
0 0.3989270833333334 0.20681481481481484 0.021119791666666644 0.06917592592592593
0 0.3354479166666666 0.45746296296296296 0.02319270833333332 0.06261111111111112
0 0.8344739583333334 0.4882777777777778 0.026109375000000056 0.05935185185185182
0 0.931640625 0.38672222222222224 0.027437499999999913 0.05924074074074076
0 0.5590833333333334 0.41450000000000004 0.023239583333333275 0.06450925925925922
0 0.6059583333333334 0.4752592592592592 0.0360104166666666 0.0393055555555556
0 0.673828125 0.13010185185185183 0.029541666666666563 0.05837962962962964
0 0.876953125 0.5143240740740741 0.03656249999999991 0.04123148148148146
0 0.496828125 0.12033333333333333 0.029312499999999984 0.06428703703703705
0 0.9404322916666668 0.2675740740740741 0.036989583333333326 0.04107407407407409
0 0.42578125 0.1380185185185185 0.018937499999999947 0.06824999999999998
0 0.8754895833333334 0.30989814814814814 0.02630729166666678 0.050833333333333314
0 0.9638697916666668 0.42230555555555555 0.023421874999999894 0.061194444444444475
0 0.3479010416666667 0.5842037037037038 0.02169791666666671 0.06152777777777782
0 0.7114270833333334 0.5065092592592593 0.019302083333333307 0.06309259259259269
0 0.5170885416666666 0.4338148148148148 0.017442708333333338 0.06271296296296298
0 0.3005364583333333 0.5520833333333334 0.033203125 0.048777777777777837
0 0.7006822916666666 0.7617222222222222 0.030276041666666722 0.060277777777777694
0 0.5483385416666666 0.32508333333333334 0.028593750000000046 0.049046296296296324
0 0.2697760416666667 0.5117222222222222 0.021776041666666638 0.06450925925925932
0 0.6030260416666666 0.07075 0.01854166666666662 0.06450925925925928
0 0.49902604166666664 0.05311111111111111 0.020218749999999966 0.0661388888888889
0 0.7250989583333334 0.14778703703703705 0.030854166666666554 0.04785185185185186
0 0.20129166666666667 0.3858518518518519 0.020692708333333344 0.06342592592592593
0 0.95703125 0.7890648148148148 0.028703125000000065 0.05121296296296291
0 0.45703125 0.32508333333333334 0.03671354166666667 0.03887037037037039
0 0.9389635416666666 0.6236944444444444 0.02084374999999999 0.0625
0 0.5 0.8016481481481481 0.03004687500000003 0.0654814814814815
0 0.5459010416666668 0.16330555555555556 0.018796875000000077 0.06851851851851852
0 0.246703125 0.3663240740740741 0.03143229166666668 0.05935185185185187
0 0.5903333333333334 0.41514814814814816 0.02263020833333324 0.06130555555555559
0 0.8466822916666668 0.8328981481481481 0.029145833333333353 0.053305555555555495
0 0.9682604166666666 0.4856759259259259 0.024338541666666675 0.06130555555555559
0 0.607421875 0.41862037037037036 0.02442708333333338 0.06005555555555557
0 0.6479479166666666 0.30468518518518517 0.019380208333333353 0.059953703703703703
0 0.23254166666666667 0.111 0.031203124999999984 0.06130555555555554
0 0.7548854166666668 0.6809907407407407 0.025083333333333256 0.05951851851851849
0 0.7778333333333334 0.61675 0.018770833333333313 0.0572962962962964
0 0.728515625 0.30035185185185187 0.031369791666666674 0.05422222222222217
0 0.3654791666666667 0.15451851851851853 0.01704166666666668 0.06510185185185186
0 0.3686510416666666 0.42491666666666666 0.03622395833333331 0.04023148148148152
0 0.36840625 0.511287037037037 0.021286458333333275 0.06862962962962953
0 0.380859375 0.05143518518518518 0.022291666666666644 0.07075
0 0.16027604166666667 0.35915740740740737 0.039427083333333356 0.05026851851851848
0 0.5356458333333334 0.587675925925926 0.01971354166666662 0.06352777777777768
0 0.7036145833333334 0.7200555555555556 0.03366145833333339 0.04598148148148156
0 0.8051770833333334 0.3472222222222222 0.03396354166666669 0.04950925925925929
0 0.4006354166666667 0.060055555555555556 0.018984375000000022 0.06559259259259259
0 0.7817395833333334 0.2419722222222222 0.031312499999999945 0.04774074074074077
0 0.6889635416666666 0.2005185185185185 0.03555208333333345 0.04820370370370371
0 0.80859375 0.21462962962962964 0.021286458333333275 0.06005555555555557
0 0.301515625 0.6141481481481481 0.02670312499999999 0.0669999999999999
0 0.8232447916666668 0.818138888888889 0.0323489583333334 0.049962962962962994
0 0.7900416666666668 0.16330555555555556 0.031557291666666744 0.05412037037037036
0 0.8022447916666666 0.09287962962962963 0.024994791666666554 0.0635277777777778
0 0.9565416666666666 0.713111111111111 0.03253125000000002 0.04923148148148155
0 0.7368177083333334 0.5490462962962963 0.018770833333333313 0.06749074074074084
0 0.8325208333333334 0.4398888888888889 0.024385416666666753 0.05392592592592593
0 0.537109375 0.09266666666666666 0.035734375000000006 0.04416666666666668
0 0.7841822916666668 0.6979166666666666 0.020645833333333266 0.06635185185185193
0 0.6186510416666666 0.15646296296296294 0.033322916666666674 0.051509259259259255
0 0.548828125 0.3652314814814815 0.035218749999999945 0.037055555555555536
0 0.888671875 0.41059259259259256 0.033203125 0.04747222222222221
0 0.986328125 0.37825925925925924 0.026109375000000056 0.05837962962962959
0 0.8374010416666666 0.2135462962962963 0.03802604166666678 0.04131481481481482
0 0.030791666666666665 0.4960925925925926 0.02747916666666667 0.07058333333333335
0 0.9165052083333334 0.806425925925926 0.02630729166666678 0.05913888888888879
0 0.3354479166666666 0.2990462962962963 0.03469791666666661 0.04712037037037036
0 0.8930677083333334 0.6184907407407407 0.03079166666666661 0.05319444444444449
0 0.23986979166666667 0.1716574074074074 0.022463541666666663 0.06722222222222224
0 0.46582291666666664 0.7638888888888888 0.029817708333333335 0.06016666666666668
0 0.5185572916666668 0.7469629629629629 0.03320312500000006 0.058592592592592564
0 0.8247083333333334 0.6757777777777778 0.03869791666666676 0.04300000000000005
0 0.8530260416666666 0.061907407407407404 0.03500520833333335 0.04774074074074074
0 0.35644791666666664 0.37587037037037035 0.04257291666666667 0.03586111111111113
0 0.7075208333333334 0.2408888888888889 0.03469791666666661 0.04877777777777776
0 0.6958020833333334 0.05143518518518518 0.03253125000000002 0.04649074074074075
0 0.7426770833333334 0.7426203703703703 0.021864583333333344 0.06119444444444437
0 0.10302604166666667 0.4201388888888889 0.03738541666666665 0.03878703703703702
0 0.3823229166666666 0.16623148148148148 0.017442708333333338 0.0661388888888889
0 0.23816145833333333 0.4778611111111111 0.02319270833333332 0.07085185185185183
0 0.8149427083333334 0.712675925925926 0.03555208333333345 0.04350925925925927
0 0.1877447916666667 0.471787037037037 0.034364583333333344 0.0356759259259259
0 0.5620104166666666 0.043833333333333335 0.03555208333333345 0.04204629629629629
0 0.87890625 0.7534722222222222 0.018906250000000093 0.06613888888888894
0 0.5971666666666666 0.6731759259259259 0.03759895833333336 0.03726851851851852
0 0.9506822916666666 0.5451388888888888 0.031984374999999926 0.059027777777777776
0 0.8627916666666666 0.14496296296296296 0.021239583333333437 0.05587962962962964
0 0.6767604166666668 0.5381944444444444 0.017104166666666743 0.0629351851851852
0 0.9321302083333334 0.5655370370370371 0.03004687500000003 0.05382407407407418
0 0.24853645833333332 0.6462685185185185 0.025130208333333334 0.06760185185185184
0 0.9521510416666668 0.3194444444444444 0.027223958333333322 0.05474074074074074
0 0.6977552083333334 0.6059074074074075 0.019864583333333265 0.06412962962962962
0 0.160765625 0.1172962962962963 0.027265625000000012 0.06775925925925927
0 0.18994270833333332 0.15961111111111112 0.03359895833333333 0.036296296296296285
0 0.765625 0.7404537037037038 0.02056770833333322 0.062333333333333275
0 0.9033229166666668 0.5763888888888888 0.0284427083333334 0.06889814814814822
0 0.93359375 0.33225 0.028593750000000046 0.05620370370370375
0 0.5922864583333334 0.6141481481481481 0.03454687499999996 0.03531481481481491
0 0.6518541666666666 0.18413888888888888 0.032468750000000074 0.057620370370370384
0 0.8208020833333334 0.7651944444444444 0.028213541666666706 0.05474074074074064
0 0.732421875 0.6401944444444444 0.03500520833333335 0.033370370370370335
0 0.1364739583333333 0.3118518518518519 0.04061979166666667 0.04912962962962968
0 0.8466822916666668 0.7608518518518519 0.03079166666666661 0.05984259259259269
0 0.15539583333333334 0.8411481481481482 0.03234895833333334 0.06412962962962962
0 0.6220729166666668 0.8289907407407406 0.03338541666666662 0.05924074074074076
0 0.8955104166666668 0.7938333333333334 0.031984374999999926 0.04543518518518513
0 0.9223645833333334 0.16308333333333333 0.02263020833333324 0.06450925925925928
0 0.7783229166666668 0.3684907407407408 0.03720312499999991 0.04274999999999996
0 0.037203125000000004 0.6111111111111112 0.03881770833333333 0.033472222222222306
0 0.7431666666666668 0.3756481481481481 0.03179687500000009 0.05783333333333337
0 0.5043958333333334 0.602 0.02052083333333338 0.05984259259259248
0 0.21728645833333332 0.6597222222222222 0.029645833333333312 0.06223148148148151
0 0.982421875 0.26301851851851854 0.02670312499999999 0.06190740740740742
0 0.7260729166666666 0.3986574074074074 0.030958333333333362 0.054120370370370416
0 0.1520989583333333 0.4171018518518519 0.026109374999999997 0.05652777777777773
0 0.7646510416666668 0.2871111111111111 0.02784895833333323 0.04527777777777776
0 0.529296875 0.12987962962962965 0.03555208333333339 0.04250925925925927
0 0.8549791666666666 0.09814814814814815 0.03747395833333324 0.03594444444444444
0 0.25097916666666664 0.16048148148148147 0.018937500000000006 0.07156481481481483
0 0.15466145833333333 0.6979166666666666 0.034609375000000026 0.057944444444444375
0 0.26050000000000006 0.8502592592592593 0.03320312500000003 0.05718518518518518
0 0.3198229166666666 0.09162962962962963 0.03927604166666671 0.0410185185185185
0 0.22741666666666666 0.7599814814814815 0.02116145833333333 0.07128703703703705
0 0.896484375 0.7352407407407406 0.024276041666666734 0.05496296296296287
0 0.4135729166666666 0.8563333333333334 0.03228645833333334 0.06836111111111104
0 0.440671875 0.07855555555555556 0.030104166666666644 0.04400000000000001
0 0.11163541666666667 0.6640648148148148 0.031203125000000012 0.04720370370370372
0 0.021817708333333335 0.5677129629629629 0.04217708333333333 0.03466666666666672
0 0.09533854166666668 0.11664814814814815 0.025864583333333316 0.05444444444444443
0 0.4165052083333334 0.7938333333333334 0.026963541666666656 0.06900925925925923
0 0.9653333333333334 0.7413240740740741 0.032229166666666725 0.03629629629629634
0 0.6630885416666668 0.06749074074074074 0.02056770833333322 0.06005555555555554
0 0.80859375 0.021268518518518516 0.026458333333333427 0.04069444444444445
0 0.13818229166666668 0.05663888888888889 0.029817708333333335 0.058268518518518525
0 0.8916041666666668 0.693138888888889 0.037901041666666656 0.039472222222222325
0 0.9077135416666666 0.86675 0.03044270833333324 0.04047222222222226
0 0.34082291666666664 0.39496296296296296 0.030624999999999975 0.0356759259259259
0 0.8046875 0.925351851851852 0.030729166666666665 0.05474074074074074
0 0.069640625 0.8758703703703704 0.03167708333333333 0.06282407407407399
0 0.104859375 0.7100740740740741 0.037598958333333335 0.044759259259259186
0 0.5024427083333334 0.6953148148148148 0.03533854166666662 0.04649074074074078
0 0.452390625 0.5590277777777778 0.026000000000000037 0.06087037037037038
0 0.9482447916666668 0.4848055555555556 0.024994791666666554 0.057296296296296345
0 0.9111354166666668 0.551212962962963 0.03149479166666656 0.06462037037037034
0 0.2717291666666667 0.6427962962962963 0.025375000000000016 0.06575925925925924
0 0.7392604166666668 0.838111111111111 0.02297916666666661 0.06646296296296293
0 0.8413072916666666 0.928824074074074 0.03616145833333325 0.04641666666666666
0 0.10052604166666666 0.46875 0.033536458333333324 0.06390740740740739
0 0.014734375 0.693574074074074 0.02914583333333333 0.061907407407407314
0 0.4919427083333333 0.7382777777777778 0.030562500000000034 0.055666666666666566
0 0.138671875 0.5468796296296297 0.027328125000000016 0.06879629629629626
0 0.43847916666666664 0.7526018518518518 0.02041666666666669 0.07346296296296288
0 0.6391614583333334 0.7026944444444444 0.020598958333333427 0.05913888888888879
0 0.04733333333333333 0.28276851851851853 0.03241145833333333 0.060379629629629665
0 0.9619166666666668 0.15733333333333333 0.03143229166666662 0.06787037037037039
0 0.1638177083333333 0.6380185185185184 0.03079166666666667 0.06993518518518516
0 0.27636979166666664 0.818138888888889 0.03677604166666664 0.059953703703703703
0 0.11859375 0.10899074074074075 0.027526041666666678 0.0668425925925926
0 0.6440416666666666 0.894962962962963 0.03671354166666655 0.041314814814814714
0 0.2346197916666667 0.9114629629629629 0.023072916666666644 0.06662037037037041
0 0.9243177083333334 0.9010462962962963 0.03726041666666665 0.03916666666666663
0 0.25512499999999994 0.9166666666666666 0.024843749999999994 0.06130555555555559
0 0.578125 0.7226574074074075 0.027906249999999962 0.04250925925925934
0 0.2903645833333333 0.01898148148148148 0.0390625 0.03796296296296296
0 0.017911458333333335 0.05837962962962963 0.032593750000000005 0.032416666666666656
0 0.014786458333333334 0.41775 0.02886979166666667 0.06016666666666668
0 0.3950208333333334 0.6631944444444444 0.04443229166666664 0.03798148148148146
0 0.016161458333333333 0.08978703703703704 0.03136979166666666 0.04598148148148148
0 0.15503125 0.7617222222222222 0.02897395833333333 0.06488888888888882
0 0.233765625 0.8233518518518519 0.030916666666666672 0.051435185185185146
0 0.4587395833333333 0.8906296296296297 0.027265624999999953 0.05485185185185186
0 0.3168958333333334 0.775175925925926 0.04263541666666661 0.055361111111111076
0 0.9890625 0.42916666666666664 0.021875 0.05092592592592592
0 0.9928281250000001 0.788074074074074 0.014343749999999982 0.041657407407407414
0 0.5932604166666666 0.8828148148148148 0.03656249999999991 0.04147222222222219
0 0.12793229166666667 0.5842037037037038 0.02833333333333332 0.04242592592592587
0 0.9892604166666668 0.2054074074074074 0.021239583333333437 0.03827777777777776
0 0.24865625 0.7547777777777778 0.025510416666666678 0.05382407407407418
0 0.027848958333333333 0.3535185185185185 0.04510416666666666 0.05260185185185191
0 0.5654322916666668 0.8676203703703703 0.03561458333333339 0.05181481481481485
0 0.5473645833333334 0.22851851851851854 0.018645833333333427 0.039768518518518536
0 0.19043229166666667 0.029944444444444447 0.02386458333333336 0.057398148148148156
0 0.7602552083333334 0.9548611111111112 0.03167708333333342 0.06477777777777781
0 0.58984375 0.36588888888888893 0.020020833333333363 0.04196296296296301
0 0.8696302083333334 0.016407407407407405 0.04061979166666655 0.032527777777777774
0 0.4116197916666666 0.926212962962963 0.03506249999999997 0.03985185185185182
0 0.7192395833333334 0.9453148148148148 0.024614583333333447 0.06309259259259258
0 0.5229479166666666 0.3893240740740741 0.022843750000000006 0.04123148148148146
0 0.015489583333333333 0.38346296296296295 0.028015625 0.057398148148148156
0 0.1872552083333333 0.32139814814814816 0.019057291666666684 0.03887037037037039
0 0.8212916666666668 0.9661481481481482 0.03823958333333337 0.04758333333333332
0 0.3513177083333333 0.9357685185185186 0.03567708333333333 0.04606481481481492
0 0.8955104166666668 0.13270370370370368 0.016984375000000065 0.032037037037037044
0 0.017854166666666667 0.017324074074074075 0.022932291666666667 0.034453703703703695
0 0.008255208333333333 0.22916666666666666 0.015671875 0.044675925925925924
0 0.7685572916666668 0.011898148148148147 0.017640624999999945 0.0227037037037037
0 0.48046875 0.9401018518518518 0.024276041666666616 0.0588148148148148
0 0.634765625 0.6128518518518519 0.022463541666666722 0.04014814814814806
0 0.9942708333333333 0.9361111111111111 0.011458333333333333 0.037037037037037035
0 0.94140625 0.8706574074074074 0.027739583333333446 0.028944444444444436
0 0.6586927083333334 0.9513888888888888 0.02116145833333339 0.0640185185185185
0 0.03891145833333333 0.9010462962962963 0.029036458333333334 0.027944444444444504
0 0.5478541666666668 0.9470462962962962 0.032229166666666725 0.05112962962962955
0 0.6000989583333334 0.9505185185185184 0.03161458333333324 0.05251851851851844
0 0.6884791666666668 0.9496574074074076 0.020093749999999962 0.061796296296296196
0 0.2785625 0.9618055555555556 0.02769270833333334 0.058703703703703786
0 0.041625 0.21007407407407408 0.02386458333333333 0.04266666666666665
0 0.17431770833333332 0.9461851851851851 0.027635416666666697 0.06261111111111121
0 0.3842760416666666 0.5598981481481482 0.01704166666666668 0.03393518518518527
0 0.2502447916666667 0.5264722222222222 0.016526041666666675 0.03726851851851852
0 0.8559583333333334 0.011185185185185187 0.025223958333333248 0.02185185185185185
0 0.08282291666666668 0.9704907407407408 0.030046874999999997 0.02520370370370352
0 0.5258802083333334 0.974824074074074 0.04345833333333336 0.035398148148148165
0 0.072265625 0.5898425925925925 0.016661458333333337 0.025388888888888957
0 0.239015625 0.9722222222222222 0.02169791666666665 0.025388888888888957
0 0.26196875000000003 0.381462962962963 0.02030729166666667 0.05567592592592592
0 0.64615625 0.2375 0.02120312500000002 0.05742592592592591
0 0.6432447916666667 0.11908333333333335 0.02254687499999998 0.054527777777777765
0 0.6850104166666667 0.0934722222222222 0.03356770833333324 0.05103703703703703
0 0.7571770833333333 0.256 0.02126041666666675 0.04031481481481481
0 0.555828125 0.20616666666666666 0.01331770833333342 0.026583333333333313
0 0.86221875 0.6284351851851853 0.04246354166666677 0.03884259259259264
0 0.8692708333333333 0.670712962962963 0.03507812499999995 0.051777777777777846
0 0.4438489583333334 0.96875 0.024843750000000022 0.05181481481481485
0 0.4721666666666666 0.973962962962963 0.027848958333333347 0.04031481481481478
0 0.501953125 0.96875 0.021364583333333322 0.046574074074074136
0 0.9013697916666668 0.9713518518518518 0.014229166666666753 0.020305555555555403
0 0.20422395833333334 0.9696203703703704 0.026505208333333325 0.044842592592592545
0 0.4194322916666666 0.9600740740740742 0.023515625000000047 0.013888888888888888
0 0.3016197916666667 0.9729722222222221 0.03439583333333331 0.044324074074073974
0 0.3435052083333333 0.9751944444444445 0.039124999999999945 0.042750000000000066
0 0.15918229166666667 0.9924537037037037 0.026109374999999997 0.015092592592592761
0 0.362546875 0.9722222222222222 0.033322916666666674 0.029490740740740658
0 0.7089791666666667 0.3899814814814815 0.030489583333333313 0.0584351851851852
0 0.009895833333333333 0.9730925925925926 0.019348958333333336 0.03198148148148145
0 0.007546875 0.8697962962962963 0.014390624999999999 0.05112962962962966