0 0.456250 0.500926 0.031250 0.057407
0 0.413021 0.550926 0.028125 0.064815
0 0.382812 0.456019 0.038542 0.043519
0 0.429167 0.654630 0.032292 0.061111
0 0.435937 0.582407 0.031250 0.055556
0 0.556771 0.306019 0.020833 0.063889
0 0.802865 0.375926 0.022396 0.064815
0 0.899219 0.375926 0.028646 0.061111
0 0.489323 0.378241 0.031771 0.060185
0 0.368750 0.538426 0.027083 0.063889
0 0.352865 0.594444 0.033854 0.051852
0 0.575521 0.419444 0.031250 0.057407
0 0.308073 0.337963 0.034896 0.055556
0 0.123438 0.339815 0.031250 0.055556
0 0.461979 0.304167 0.028125 0.060185
0 0.179167 0.183333 0.030208 0.059259
0 0.879948 0.509722 0.023438 0.065741
0 0.399219 0.688889 0.035937 0.055556
0 0.782813 0.444907 0.028125 0.043519
0 0.678906 0.383333 0.023438 0.061111
0 0.579427 0.306019 0.022396 0.063889
0 0.489323 0.138889 0.019271 0.070370
0 0.677083 0.569444 0.021875 0.055556
0 0.251823 0.664815 0.034896 0.053704
0 0.804948 0.277315 0.039062 0.045370
0 0.410156 0.256019 0.025521 0.065741
0 0.722135 0.565278 0.022396 0.062037
0 0.042708 0.707407 0.035417 0.057407
0 0.577604 0.721296 0.033333 0.046296
0 0.427344 0.280556 0.029687 0.050000
0 0.218229 0.138889 0.032292 0.048148
0 0.332552 0.294907 0.021354 0.075000
0 0.557292 0.749537 0.026042 0.067593
0 0.438542 0.165741 0.034375 0.046296
0 0.876302 0.362037 0.021354 0.068519
0 0.305990 0.198611 0.025521 0.063889
0 0.501563 0.631944 0.030208 0.054630
0 0.770312 0.562963 0.023958 0.061111
0 0.417448 0.352315 0.024479 0.063889
0 0.694531 0.700926 0.024479 0.062963
0 0.536979 0.342593 0.030208 0.050000
0 0.936719 0.576852 0.036979 0.062963
0 0.128646 0.615278 0.036458 0.056481
0 0.555990 0.448148 0.020313 0.072222
0 0.705208 0.328704 0.025000 0.057407
0 0.468229 0.652315 0.026042 0.063889
0 0.537240 0.245370 0.033854 0.040741
0 0.717448 0.512963 0.033854 0.044444
0 0.554427 0.202778 0.023438 0.055556
0 0.639844 0.489352 0.029687 0.049074
0 0.915885 0.605093 0.034896 0.036111
0 0.175260 0.597222 0.039062 0.040741
0 0.180990 0.271759 0.021354 0.073148
0 0.720052 0.721759 0.029687 0.045370
0 0.745833 0.364352 0.020833 0.063889
0 0.488542 0.227315 0.021875 0.063889
0 0.776563 0.716204 0.036458 0.036111
0 0.476042 0.703704 0.030208 0.059259
0 0.360156 0.071296 0.031771 0.059259
0 0.086198 0.650926 0.039062 0.035185
0 0.709115 0.165741 0.026562 0.057407
0 0.262760 0.121296 0.021354 0.068519
0 0.375781 0.270370 0.017188 0.064815
0 0.649219 0.787500 0.028646 0.054630
0 0.760156 0.679167 0.030729 0.050926
0 0.147135 0.245370 0.029687 0.066667
0 0.554427 0.375926 0.032813 0.040741
0 0.595573 0.598148 0.018229 0.062963
0 0.302083 0.509722 0.035417 0.041667
0 0.126823 0.272685 0.036979 0.062037
0 0.542708 0.062037 0.023958 0.057407
0 0.109896 0.504630 0.031250 0.062963
0 0.623698 0.398148 0.022396 0.064815
0 0.638802 0.531019 0.031771 0.054630
0 0.794271 0.508333 0.031250 0.038889
0 0.524479 0.090278 0.019792 0.065741
0 0.392708 0.419907 0.040625 0.036111
0 0.566146 0.572685 0.036458 0.036111
0 0.509635 0.167130 0.018229 0.062037
0 0.400781 0.343519 0.019271 0.068519
0 0.068750 0.543519 0.038542 0.055556
0 0.835677 0.468519 0.030729 0.064815
0 0.726823 0.304167 0.035937 0.037963
0 0.676302 0.644444 0.035937 0.040741
0 0.795573 0.557407 0.027604 0.061111
0 0.190365 0.795370 0.031771 0.057407
0 0.864323 0.461111 0.036979 0.037037
0 0.384896 0.217130 0.023958 0.050926
0 0.769792 0.389352 0.023958 0.063889
0 0.856771 0.677778 0.033333 0.055556
0 0.644271 0.310185 0.036458 0.040741
0 0.704688 0.460185 0.033333 0.033333
0 0.388802 0.093519 0.033854 0.050000
0 0.035677 0.568056 0.026562 0.067593
0 0.862500 0.183333 0.038542 0.038889
0 0.204687 0.605093 0.022917 0.069444
0 0.348438 0.153241 0.037500 0.041667
0 0.733594 0.265278 0.040104 0.034259
0 0.326042 0.490278 0.020833 0.067593
0 0.077604 0.781019 0.035417 0.073148
0 0.611458 0.480556 0.031250 0.033333
0 0.685677 0.333796 0.033854 0.049074
0 0.876302 0.838426 0.032813 0.030556
0 0.586198 0.115278 0.023438 0.054630
0 0.119531 0.170833 0.029687 0.071296
0 0.211719 0.512037 0.024479 0.068519
0 0.586719 0.371759 0.021354 0.062037
0 0.336719 0.550926 0.031771 0.061111
0 0.082292 0.457870 0.035417 0.039815
0 0.804427 0.154630 0.036979 0.035185
0 0.807292 0.831481 0.032292 0.048148
0 0.698438 0.761574 0.034375 0.032407
0 0.735677 0.171759 0.025521 0.062037
0 0.452083 0.817130 0.037500 0.039815
0 0.353385 0.250926 0.034896 0.037037
0 0.395052 0.030556 0.024479 0.059259
0 0.836719 0.753704 0.035937 0.033333
0 0.065625 0.752315 0.036458 0.058333
0 0.524219 0.728704 0.020313 0.068519
0 0.021354 0.767593 0.033333 0.068519
0 0.111198 0.763426 0.032813 0.067593
0 0.450521 0.233796 0.032292 0.058333
0 0.345573 0.477778 0.021354 0.072222
0 0.566927 0.618519 0.034896 0.038889
0 0.138802 0.428704 0.025521 0.066667
0 0.959635 0.523148 0.028646 0.059259
0 0.240625 0.475000 0.030208 0.062963
0 0.030990 0.648611 0.038021 0.060185
0 0.820833 0.618056 0.034375 0.036111
0 0.565104 0.672222 0.035417 0.035185
0 0.084375 0.583333 0.042708 0.057407
0 0.830729 0.594444 0.033333 0.044444
0 0.058854 0.597685 0.033333 0.067593
0 0.710677 0.067593 0.022396 0.057407
0 0.226823 0.711574 0.032813 0.065741
0 0.920573 0.821296 0.030729 0.050000
0 0.302865 0.870370 0.039062 0.048148
0 0.249740 0.168981 0.019271 0.067593
0 0.234375 0.100926 0.038542 0.046296
0 0.851302 0.781019 0.035937 0.030556
0 0.276562 0.600000 0.028125 0.068519
0 0.771875 0.156019 0.023958 0.063889
0 0.744271 0.636574 0.036458 0.036111
0 0.613542 0.089815 0.033333 0.037037
0 0.831250 0.702778 0.032292 0.057407
0 0.090365 0.825463 0.029687 0.067593
0 0.548698 0.806019 0.030729 0.062037
0 0.421875 0.052315 0.034375 0.037963
0 0.922135 0.340278 0.032813 0.071296
0 0.882031 0.225463 0.019271 0.065741
0 0.276562 0.257407 0.040625 0.048148
0 0.287500 0.805556 0.036458 0.046296
0 0.518229 0.474537 0.035417 0.037963
0 0.558333 0.041667 0.032292 0.068519
0 0.846875 0.820833 0.021875 0.058333
0 0.021615 0.285648 0.034896 0.052778
0 0.417708 0.127315 0.035417 0.041667
0 0.361979 0.821759 0.020833 0.063889
0 0.156771 0.692130 0.021875 0.069444
0 0.133333 0.718519 0.031250 0.074074
0 0.776042 0.099537 0.019792 0.058333
0 0.744271 0.113889 0.030208 0.038889
0 0.180990 0.097222 0.038021 0.053704
0 0.479687 0.077778 0.035417 0.035185
0 0.235677 0.820833 0.033854 0.049074
0 0.209375 0.242130 0.039583 0.062037
0 0.880990 0.145833 0.024479 0.056481
0 0.872135 0.065741 0.019271 0.068519
0 0.938802 0.776852 0.024479 0.059259
0 0.083594 0.118981 0.038021 0.056481
0 0.059115 0.286574 0.041146 0.036111
0 0.119792 0.058333 0.031250 0.061111
0 0.490625 0.322685 0.019792 0.069444
0 0.707812 0.880556 0.036458 0.037037
0 0.406250 0.887963 0.032292 0.051852
0 0.498958 0.739815 0.027083 0.053704
0 0.912500 0.786111 0.031250 0.062963
0 0.722917 0.027315 0.038542 0.045370
0 0.084375 0.513426 0.029167 0.062037
0 0.369010 0.924074 0.021354 0.070370
0 0.624219 0.023148 0.030729 0.044444
0 0.175521 0.059722 0.031250 0.058333
0 0.066146 0.153704 0.038542 0.038889
0 0.052083 0.089352 0.020833 0.067593
0 0.906510 0.108796 0.040104 0.039815
0 0.777083 0.877778 0.033333 0.053704
0 0.918490 0.078704 0.033854 0.033333
0 0.012240 0.576852 0.023438 0.055556
0 0.944531 0.831481 0.036979 0.038889
0 0.069010 0.905556 0.025521 0.068519
0 0.118750 0.125000 0.036458 0.040741
0 0.394010 0.522685 0.022396 0.062037
0 0.014844 0.233796 0.028646 0.043519
0 0.770052 0.058796 0.031771 0.047222
0 0.988802 0.501389 0.020313 0.067593
0 0.214323 0.388889 0.028646 0.062963
0 0.136198 0.074074 0.035937 0.048148
0 0.686719 0.906019 0.033854 0.056481
0 0.229948 0.895370 0.035937 0.066667
0 0.388802 0.943519 0.023438 0.066667
0 0.016927 0.332407 0.032813 0.055556
0 0.101823 0.922222 0.034896 0.038889
0 0.542188 0.639815 0.022917 0.038889
0 0.978125 0.052778 0.038542 0.037037
0 0.294531 0.921759 0.028646 0.058333
0 0.197135 0.906481 0.029687 0.062963
0 0.814583 0.016667 0.018750 0.031481
0 0.144010 0.016667 0.031771 0.031481
0 0.017448 0.887037 0.029687 0.050000
0 0.320052 0.134722 0.018229 0.036111
0 0.771615 0.036111 0.032813 0.031481
0 0.969531 0.871296 0.041146 0.042593
0 0.409115 0.952315 0.024479 0.065741
0 0.986458 0.241204 0.020833 0.034259
0 0.663542 0.103704 0.045833 0.092593
0 0.996354 0.103241 0.007292 0.037963
0 0.059375 0.965741 0.027083 0.037037
0 0.611198 0.906944 0.028646 0.073148
0 0.449740 0.932870 0.040104 0.054630
0 0.690365 0.966204 0.038021 0.052778
0 0.740104 0.973611 0.033333 0.049074
0 0.678646 0.973611 0.038542 0.032407
0 0.815625 0.956481 0.040625 0.057407
0 0.864583 0.962963 0.028125 0.061111
0 0.875521 0.978241 0.021875 0.043519
0 0.846354 0.977315 0.028125 0.045370
0 0.907292 0.966204 0.033333 0.049074
0 0.945833 0.960185 0.033333 0.035185
