0 0.7241197916666666 0.3027314814814815 0.026411458333333353 0.06428703703703699
0 0.9482447916666668 0.45702777777777776 0.026854166666666637 0.0602777777777778
0 0.1916510416666667 0.2847222222222222 0.022291666666666644 0.06825000000000003
0 0.6450208333333334 0.3118518518518519 0.028104166666666687 0.05652777777777773
0 0.3881822916666666 0.28103703703703703 0.023911458333333375 0.06684259259259265
0 0.491453125 0.4930555555555556 0.03482291666666661 0.044675925925925924
0 0.5625 0.644962962962963 0.032411458333333344 0.060055555555555466
0 0.5218645833333333 0.32939814814814816 0.03185937500000004 0.05064814814814819
0 0.642578125 0.2322037037037037 0.018369791666666656 0.06016666666666666
0 0.2563489583333334 0.4238240740740741 0.029817708333333363 0.06982407407407404
0 0.8745104166666666 0.18674074074074073 0.018583333333333247 0.06005555555555557
0 0.3862291666666666 0.3400648148148148 0.03454687499999996 0.0456296296296296
0 0.3806145833333333 0.2252592592592593 0.017854166666666654 0.06412962962962965
0 0.49340625 0.23589814814814816 0.021989583333333347 0.056638888888888905
0 0.2321770833333333 0.4357685185185185 0.023421875000000016 0.06087037037037038
0 0.3771979166666667 0.05170370370370371 0.022109375000000025 0.060601851851851844
0 0.787109375 0.3697962962962963 0.029921874999999907 0.05674999999999997
0 0.5463854166666666 0.29774074074074075 0.01998958333333339 0.06662037037037041
0 0.3168958333333334 0.42144444444444445 0.02964583333333337 0.05485185185185186
0 0.742609375 0.17037962962962963 0.027953125000000037 0.059138888888888894
0 0.7250989583333334 0.38346296296296295 0.024656250000000077 0.06380555555555553
0 0.7255885416666668 0.5629351851851853 0.025911458333333335 0.0642870370370371
0 0.875 0.7834166666666667 0.021776041666666638 0.06380555555555563
0 0.8208020833333334 0.5295185185185185 0.03811458333333325 0.040064814814814796
0 0.662109375 0.2369814814814815 0.01872395833333324 0.06179629629629631
0 0.6518541666666666 0.8172777777777778 0.02488541666666677 0.05848148148148156
0 0.8051770833333334 0.599388888888889 0.03515625 0.03925000000000009
0 0.7041041666666668 0.5668425925925926 0.028062500000000056 0.05951851851851849
0 0.49121354166666664 0.06955555555555556 0.03079166666666661 0.05102777777777778
0 0.921875 0.21614814814814814 0.022463541666666722 0.0582685185185185
0 0.8466822916666668 0.5620648148148147 0.03004687500000003 0.03798148148148146
0 0.51953125 0.6731759259259259 0.0316145833333333 0.045111111111111137
0 0.5249010416666666 0.5464444444444444 0.033083333333333326 0.03895370370370364
0 0.22925 0.5052129629629629 0.037046875 0.049046296296296324
0 0.875 0.434462962962963 0.029416666666666678 0.058055555555555596
0 0.5771510416666668 0.7725740740740741 0.026916666666666582 0.059953703703703703
0 0.908203125 0.6736111111111112 0.023286458333333353 0.05121296296296291
0 0.5922864583333334 0.30815740740740744 0.029036458333333334 0.05783333333333337
0 0.9399427083333334 0.1815277777777778 0.026765624999999935 0.05935185185185187
0 0.8999010416666666 0.4826388888888889 0.021286458333333275 0.06450925925925928
0 0.443359375 0.03125 0.02964583333333337 0.05566666666666667
0 0.4528802083333333 0.5008703703703704 0.019010416666666665 0.05913888888888884
0 0.759765625 0.11512962962962964 0.028213541666666706 0.057398148148148156
0 0.19128645833333333 0.16102777777777777 0.02191145833333336 0.0691759259259259
0 0.66015625 0.7617222222222222 0.02198958333333323 0.062333333333333275
0 0.371828125 0.5911481481481482 0.032041666666666656 0.04858333333333336
0 0.6704114583333334 0.7191851851851853 0.029708333333333316 0.05652777777777773
0 0.8305677083333334 0.6328148148148148 0.032229166666666725 0.037055555555555536
0 0.7124010416666666 0.15158333333333335 0.028932291666666762 0.05642592592592592
0 0.452390625 0.6970462962962962 0.030213541666666663 0.058055555555555596
0 0.8481458333333334 0.3919259259259259 0.029817708333333335 0.044518518518518554
0 0.16101041666666666 0.33225 0.03216666666666666 0.0625
0 0.432859375 0.22461111111111112 0.019010416666666665 0.06798148148148149
0 0.7685572916666668 0.7482685185185185 0.03372395833333333 0.048398148148148135
0 0.3549791666666666 0.15646296296296294 0.03125 0.06179629629629631
0 0.544921875 0.6072037037037037 0.03656249999999996 0.05015740740740748
0 0.9555677083333334 0.5065092592592593 0.023911458333333257 0.06401851851851861
0 0.6782239583333334 0.5438333333333334 0.0225833333333334 0.06401851851851861
0 0.9360364583333334 0.403212962962963 0.024229166666666656 0.06098148148148149
0 0.91796875 0.3107685185185185 0.018645833333333427 0.06380555555555553
0 0.2326666666666667 0.33832407407407405 0.03521875 0.0658611111111111
0 0.7470729166666668 0.8784722222222222 0.032895833333333256 0.05525925925925932
0 0.289796875 0.20649074074074072 0.022322916666666616 0.06261111111111112
0 0.8525416666666668 0.7434907407407407 0.030276041666666722 0.05064814814814819
0 0.9799791666666666 0.6371574074074075 0.03561458333333339 0.053305555555555495
0 0.908203125 0.38042592592592595 0.018984374999999904 0.0629351851851852
0 0.20752083333333332 0.6046018518518519 0.035276041666666674 0.05015740740740748
0 0.3464375 0.0361574074074074 0.0327760416666667 0.053712962962962955
0 0.8403333333333334 0.09868518518518518 0.019838541666666744 0.06711111111111111
0 0.6000989583333334 0.09130555555555556 0.03302083333333338 0.046064814814814815
0 0.6928697916666666 0.8272592592592594 0.03372395833333333 0.04622222222222229
0 0.24560416666666668 0.5750833333333334 0.021286458333333334 0.06450925925925932
0 0.2775885416666667 0.44575000000000004 0.032468749999999984 0.04695370370370374
0 0.505859375 0.3930092592592592 0.018296875000000056 0.06342592592592593
0 0.8051770833333334 0.07525 0.018125000000000096 0.06477777777777778
0 0.767578125 0.6901018518518518 0.018645833333333427 0.06320370370370369
0 0.810546875 0.4238240740740741 0.019838541666666744 0.05837962962962959
0 0.5576197916666668 0.4644074074074074 0.018510416666666647 0.057620370370370336
0 0.9750989583333334 0.5351574074074075 0.029588541666666638 0.059731481481481476
0 0.5302760416666666 0.19639814814814816 0.018583333333333365 0.05610185185185188
0 0.8984375 0.31510185185185186 0.022369791666666573 0.06271296296296298
0 0.4506822916666666 0.5842037037037038 0.03671354166666667 0.03252777777777788
0 0.802734375 0.33528703703703705 0.021453125000000028 0.05474074074074074
0 0.7954114583333334 0.27451851851851855 0.022416666666666647 0.05474074074074074
0 0.8129895833333334 0.1716574074074074 0.025421874999999972 0.061416666666666654
0 0.6879895833333334 0.7005185185185184 0.03567708333333333 0.04218518518518514
0 0.83203125 0.4904537037037038 0.035947916666666656 0.03770370370370373
0 0.383546875 0.12630555555555556 0.032656250000000026 0.05642592592592592
0 0.716796875 0.7656296296296297 0.03396354166666669 0.03784259259259249
0 0.24890104166666666 0.6488703703703703 0.025755208333333356 0.06760185185185184
0 0.5263697916666666 0.08555555555555557 0.03482291666666661 0.05547222222222222
0 0.87890625 0.3687037037037037 0.021864583333333344 0.062009259259259285
0 0.3322760416666667 0.08946296296296297 0.037046875000000055 0.05319444444444443
0 0.7021510416666668 0.17687037037037037 0.035890624999999926 0.04950925925925923
0 0.13977083333333334 0.2795185185185185 0.04031249999999999 0.05642592592592598
0 0.9228541666666668 0.7777777777777778 0.022843750000000065 0.05674999999999997
0 0.9848645833333334 0.29991666666666666 0.02854687499999997 0.059027777777777776
0 0.44921875 0.8177129629629629 0.030916666666666613 0.04451851851851845
0 0.8217760416666666 0.2205925925925926 0.029312500000000106 0.059027777777777776
0 0.8720729166666668 0.4895833333333333 0.037109375 0.03878703703703708
0 0.39746354166666664 0.7374166666666666 0.03628645833333337 0.037351851851851775
0 0.48730729166666664 0.6948796296296297 0.037109375 0.03740740740740749
0 0.6943385416666668 0.7855925925925926 0.0379635416666666 0.03431481481481476
0 0.30176041666666664 0.11989814814814816 0.037109375 0.04747222222222222
0 0.06842187500000001 0.4843796296296296 0.023770833333333328 0.07085185185185183
0 0.982421875 0.2539074074074074 0.0284427083333334 0.05229629629629631
0 0.8759791666666668 0.3066388888888889 0.03353645833333327 0.036074074074074106
0 0.21911458333333333 0.6232685185185185 0.03781250000000001 0.049046296296296324
0 0.25683854166666664 0.17469444444444443 0.020796875000000003 0.0702037037037037
0 0.9389635416666666 0.7938333333333334 0.031203124999999925 0.05170370370370363
0 0.07891666666666668 0.315537037037037 0.04311979166666668 0.042916666666666686
0 0.4125989583333334 0.2788611111111111 0.03114062499999998 0.06168518518518519
0 0.13195833333333334 0.3389722222222222 0.03476041666666667 0.06005555555555557
0 0.7861354166666668 0.7061666666666666 0.02116145833333339 0.06450925925925932
0 0.34863541666666664 0.5021666666666667 0.020218749999999966 0.06917592592592596
0 0.966796875 0.823787037037037 0.03482291666666673 0.04668518518518525
0 0.7265625 0.04187962962962962 0.021041666666666715 0.0658611111111111
0 0.8994166666666668 0.6180555555555556 0.029375000000000047 0.038657407407407404
0 0.4104010416666667 0.026583333333333334 0.028276041666666647 0.045712962962962955
0 0.19275 0.3374537037037037 0.022890625000000022 0.05240740740740743
0 0.07586458333333333 0.39105555555555555 0.02827604166666667 0.06635185185185183
0 0.02191145833333333 0.599824074074074 0.037203125000000004 0.045351851851851865
0 0.19482291666666668 0.7230925925925926 0.024703124999999975 0.06109259259259261
0 0.33325 0.5963518518518518 0.028593750000000046 0.06737962962962961
0 0.8862291666666666 0.2662777777777778 0.04009895833333322 0.03265740740740739
0 0.8310572916666668 0.2816851851851852 0.03555208333333345 0.05433333333333329
0 0.3305677083333334 0.707462962962963 0.024473958333333337 0.06927777777777772
0 0.6860364583333334 0.06900925925925926 0.033265624999999945 0.037138888888888895
0 0.4252916666666666 0.15516666666666667 0.03671354166666667 0.049231481481481494
0 0.7866197916666666 0.033879629629629635 0.017776041666666725 0.06477777777777775
0 0.021041666666666663 0.5073796296296297 0.03533854166666666 0.06130555555555559
0 0.404296875 0.6966111111111112 0.03677604166666661 0.039092592592592616
0 0.4506822916666666 0.12521296296296294 0.03430208333333328 0.03836111111111112
0 0.2170416666666667 0.2210277777777778 0.034822916666666676 0.05935185185185182
0 0.5249010416666666 0.4509537037037037 0.018937500000000006 0.05222222222222225
0 0.8916041666666668 0.3969166666666667 0.017244791666666735 0.06700000000000002
0 0.8344739583333334 0.8394074074074074 0.03402604166666663 0.034453703703703736
0 0.8696302083333334 0.061796296296296294 0.023026041666666684 0.06624074074074074
0 0.9887708333333334 0.556425925925926 0.021578124999999913 0.05652777777777773
0 0.06097395833333333 0.35850925925925925 0.04046874999999999 0.04961111111111115
0 0.92578125 0.8585092592592594 0.023557291666666678 0.05935185185185177
0 0.22119270833333332 0.8528611111111112 0.030671874999999994 0.05191666666666661
0 0.9604479166666666 0.7035555555555556 0.03533854166666662 0.034722222222222224
0 0.166625 0.1149074074074074 0.04162499999999998 0.03539814814814815
0 0.4819322916666666 0.02244444444444444 0.03573437499999995 0.041638888888888885
0 0.4799791666666666 0.4600740740740741 0.029375000000000047 0.036787037037037056
0 0.09271354166666666 0.4470462962962962 0.026151041666666656 0.06851851851851846
0 0.03601041666666667 0.4242592592592592 0.02810416666666667 0.06462037037037034
0 0.3334947916666666 0.5138888888888888 0.018583333333333365 0.054120370370370416
0 0.8295885416666666 0.8741296296296296 0.03671354166666655 0.03227777777777768
0 0.1545416666666667 0.693574074074074 0.024229166666666656 0.06488888888888882
0 0.4064947916666667 0.19607407407407407 0.03114062499999998 0.03512962962962963
0 0.4245625 0.8867222222222222 0.030671875000000053 0.0526018518518518
0 0.826171875 0.917537037037037 0.03114062499999998 0.05485185185185186
0 0.6909166666666666 0.868925925925926 0.0301510416666666 0.05311111111111102
0 0.046203125 0.4722222222222222 0.02377083333333334 0.06380555555555557
0 0.058229166666666665 0.6953148148148148 0.026552083333333327 0.0642870370370371
0 0.08618229166666666 0.8337685185185185 0.027328124999999984 0.06836111111111104
0 0.34277604166666664 0.8250833333333334 0.01942187499999998 0.0642870370370371
0 0.9580104166666668 0.043 0.03347916666666677 0.04877777777777778
0 0.096375 0.18000925925925926 0.0390625 0.03504629629629632
0 0.986328125 0.7196203703703704 0.025802083333333316 0.04668518518518525
0 0.291015625 0.5026018518518518 0.028104166666666687 0.035046296296296214
0 0.09808333333333333 0.7795185185185185 0.04477083333333332 0.03976851851851856
0 0.6088854166666666 0.8802129629629629 0.018937500000000065 0.0654814814814815
0 0.3706041666666666 0.90625 0.03533854166666662 0.04730555555555548
0 0.8745104166666666 0.1331388888888889 0.03845312499999996 0.04180555555555555
0 0.214234375 0.8897592592592594 0.029145833333333353 0.0625
0 0.9624010416666666 0.8563333333333334 0.030276041666666722 0.0489351851851851
0 0.24511979166666667 0.90625 0.032656250000000026 0.04225925925925935
0 0.890625 0.10090740740740742 0.03488020833333323 0.040768518518518516
0 0.5893541666666666 0.3669722222222222 0.017989583333333316 0.04274999999999996
0 0.060640625000000004 0.41862037037037036 0.03494270833333334 0.05794444444444448
0 0.3813489583333334 0.5546851851851852 0.025083333333333378 0.04416666666666671
0 0.4985364583333334 0.6067685185185184 0.027223958333333322 0.028944444444444436
0 0.23388541666666668 0.8216111111111112 0.030958333333333303 0.04730555555555548
0 0.708984375 0.8845462962962962 0.029145833333333353 0.0463333333333333
0 0.9931510416666666 0.05547222222222222 0.013692708333333314 0.06428703703703705
0 0.8715833333333334 0.8984351851851852 0.04077083333333344 0.0382777777777777
0 0.3083489583333333 0.9409722222222222 0.021333333333333353 0.06200925925925918
0 0.34668229166666664 0.9270833333333334 0.018984375000000022 0.05739814814814805
0 0.9428697916666666 0.9348981481481482 0.035218749999999945 0.057509259259259274
0 0.08209375000000001 0.12662962962962962 0.021453125 0.0720462962962963
0 0.58203125 0.7144074074074074 0.02493229166666661 0.04912962962962958
0 0.3225104166666667 0.01473148148148148 0.033083333333333326 0.028620370370370372
0 0.9934375000000001 0.8211851851851851 0.013124999999999906 0.05474074074074064
0 0.6069322916666666 0.9531296296296298 0.03506250000000009 0.05211111111111119
0 0.44824479166666664 0.8897592592592594 0.02975520833333339 0.0463333333333333
0 0.077515625 0.02424074074074074 0.02685416666666667 0.0469537037037037
0 0.031796874999999995 0.1467037037037037 0.03594791666666667 0.04101851851851853
0 0.23596354166666667 0.020537037037037038 0.04009895833333334 0.03993518518518519
0 0.7338854166666666 0.9461851851851851 0.034421875000000074 0.05311111111111102
0 0.7036145833333334 0.926212962962963 0.02474999999999999 0.05826851851851847
0 0.1916510416666667 0.4726574074074074 0.026411458333333353 0.028833333333333374
0 0.0376875 0.019990740740740743 0.02691666666666667 0.03871296296296296
0 0.2873541666666667 0.9418425925925926 0.024473958333333337 0.07248148148148156
0 0.40503125 0.9348981481481482 0.021208333333333346 0.05251851851851844
0 0.3969739583333334 0.8771666666666667 0.026552083333333344 0.03420370370370376
0 0.04147395833333333 0.20616666666666666 0.019380208333333336 0.03337037037037039
0 0.6865260416666668 0.9375 0.031083333333333248 0.054527777777777765
0 0.6884791666666668 0.30642592592592593 0.014953125000000018 0.030759259259259285
0 0.14172395833333334 0.2558611111111111 0.01513020833333331 0.044435185185185196
0 0.9760729166666666 0.9453148148148148 0.03161458333333324 0.03374999999999994
0 0.3723125 0.948787037037037 0.024994791666666672 0.06798148148148155
0 0.5771510416666668 0.943574074074074 0.03173958333333336 0.05311111111111112
0 0.9609375 0.9210092592592594 0.029817708333333335 0.03813888888888894
0 0.55859375 0.03719444444444445 0.015250000000000104 0.029944444444444447
0 0.826171875 0.9652777777777778 0.03607291666666678 0.04475925925925929
0 0.006666666666666667 0.35286111111111107 0.012380208333333335 0.049888888888888885
0 0.6376979166666668 0.9331574074074074 0.03775000000000001 0.039388888888888855
0 0.568359375 0.38325000000000004 0.014229166666666753 0.02480555555555552
0 0.869140625 0.9842314814814815 0.03891145833333335 0.03153703703703699
0 0.007578125000000001 0.7725740740740741 0.014786458333333334 0.06380555555555563
0 0.047697916666666666 0.9340277777777778 0.041229166666666664 0.04912962962962958
0 0.4116197916666666 0.9618055555555556 0.030671875000000053 0.06477777777777781
0 0.028593749999999998 0.9704907407407408 0.04311979166666667 0.03691666666666656
0 0.03521875 0.34635185185185186 0.01869270833333333 0.028944444444444436
0 0.17883333333333334 0.55425 0.019010416666666665 0.034990740740740704
0 0.6674791666666666 0.9678796296296296 0.03179687500000009 0.05783333333333337
0 0.8608385416666666 0.948787037037037 0.03628645833333337 0.044166666666666604
0 0.7651354166666666 0.9809074074074076 0.039124999999999945 0.03458333333333325
0 0.6967760416666666 0.9782962962962962 0.03683333333333323 0.039472222222222325
0 0.9047864583333334 0.9531296296296298 0.02854687499999997 0.06889814814814813
0 0.9409166666666666 0.9045185185185185 0.03811458333333325 0.02962037037037038
0 0.15710416666666666 0.9842685185185185 0.02276562500000002 0.03146296296296298
0 0.5244166666666666 0.8320277777777778 0.014734374999999982 0.025092592592592507
0 0.5454114583333334 0.8793425925925926 0.02769270833333337 0.03458333333333325
0 0.6333020833333334 0.009277777777777777 0.014671875000000037 0.017194444444444446
0 0.009895833333333333 0.917537037037037 0.019302083333333334 0.03452777777777775
0 0.7094739583333334 0.6263055555555556 0.02848958333333324 0.05772222222222215
0 0.6613645833333333 0.628287037037037 0.036249999999999956 0.04545370370370363
0 0.6812291666666667 0.5854166666666667 0.02504166666666663 0.06237037037037028
0 0.7371718749999999 0.6236388888888889 0.016385416666666687 0.07164814814814825
0 0.753578125 0.6404351851851852 0.021182291666666703 0.07428703703703705
0 0.6238177083333334 0.16336111111111112 0.02780208333333339 0.052879629629629644
0 0.6371249999999999 0.12275925925925928 0.017489583333333295 0.06525925925925928
0 0.6655833333333334 0.11517592592592593 0.036630208333333296 0.04858333333333333
0 0.6223333333333334 0.22142592592592591 0.01719270833333345 0.0731759259259259
0 0.7066927083333333 0.10989814814814815 0.04541666666666657 0.04027777777777778
0 0.7389739583333333 0.11246296296296297 0.01914583333333345 0.051796296296296306
0 0.5815208333333334 0.1547222222222222 0.022072916666666723 0.04575925925925928
0 0.6039739583333333 0.19947222222222222 0.018760416666666658 0.048333333333333325
0 0.5917916666666667 0.21505555555555556 0.0422760416666667 0.05791666666666665
0 0.605796875 0.2709814814814815 0.027843750000000018 0.046453703703703664
0 0.46727604166666664 0.24883333333333335 0.02517187499999996 0.06735185185185186
0 0.547390625 0.24172222222222223 0.014942708333333362 0.036203703703703724
0 0.4606927083333333 0.9592037037037038 0.03634895833333331 0.06646296296296304
0 0.546046875 0.9801481481481481 0.028104166666666687 0.03355555555555535
0 0.7817395833333334 0.973962962962963 0.03347916666666677 0.023870370370370556
0 0.33471875 0.9730925925925926 0.04794270833333331 0.05015740740740748
0 0.29583333333333334 0.9879629629629629 0.027083333333333334 0.024074074074074074
0 0.48828125 0.9088518518518518 0.020338541666666644 0.022351851851851946
0 0.9886927083333333 0.9774351851851852 0.022614583333333372 0.02520370370370352
0 0.734859375 0.22592592592592592 0.04138541666666669 0.05935185185185187
0 0.760921875 0.28950000000000004 0.030687500000000038 0.046888888888888876
0 0.7688802083333334 0.2516203703703704 0.021562500000000047 0.04055555555555554
0 0.8283697916666667 0.15699074074074076 0.018718750000000027 0.04750925925925926
0 0.79890625 0.6763888888888889 0.03214583333333323 0.06010185185185193
0 0.6913958333333333 0.6672685185185185 0.04129687499999998 0.02928703703703714
0 0.6634427083333333 0.33617592592592593 0.018619791666666666 0.045259259259259256
0 0.19677604166666668 0.9786851851851852 0.03408854166666669 0.042629629629629594
0 0.43464583333333334 0.08130555555555556 0.02950520833333338 0.06346296296296298
0 0.41760937499999995 0.10574074074074076 0.022822916666666634 0.04056481481481483
0 0.34718750000000004 0.10087037037037037 0.0160520833333333 0.032537037037037024
0 0.36102604166666663 0.08861111111111111 0.02162499999999999 0.07143518518518518
0 0.47678645833333333 0.10633333333333334 0.03209895833333339 0.07080555555555554