0 0.300260 0.271759 0.026562 0.062037
0 0.437500 0.364815 0.031250 0.050000
0 0.428646 0.635185 0.029167 0.064815
0 0.473698 0.435185 0.025521 0.061111
0 0.316406 0.435648 0.029687 0.062037
0 0.469271 0.505093 0.027083 0.062037
0 0.331510 0.347685 0.028646 0.062037
0 0.498437 0.356481 0.026042 0.055556
0 0.254167 0.513426 0.032292 0.058333
0 0.213021 0.556019 0.030208 0.060185
0 0.402865 0.261574 0.029687 0.049074
0 0.353125 0.630093 0.033333 0.047222
0 0.412760 0.312963 0.028646 0.064815
0 0.692969 0.417130 0.019271 0.065741
0 0.933333 0.613426 0.030208 0.047222
0 0.313281 0.162500 0.026562 0.060185
0 0.846875 0.826389 0.025000 0.063889
0 0.344792 0.486111 0.023958 0.072222
0 0.787760 0.772685 0.031771 0.049074
0 0.157292 0.490278 0.023958 0.067593
0 0.265885 0.173611 0.031771 0.050926
0 0.719531 0.566204 0.021354 0.063889
0 0.881510 0.760185 0.030729 0.046296
0 0.477865 0.169907 0.029687 0.054630
0 0.815885 0.822222 0.026562 0.059259
0 0.453646 0.569444 0.027083 0.057407
0 0.527083 0.385648 0.025000 0.058333
0 0.591406 0.512037 0.035937 0.038889
0 0.544271 0.599074 0.023958 0.062963
0 0.357552 0.337963 0.040104 0.046296
0 0.330729 0.127315 0.028125 0.063889
0 0.521354 0.075000 0.018750 0.070370
0 0.379427 0.217130 0.034896 0.052778
0 0.616927 0.417130 0.025521 0.062037
0 0.692708 0.674074 0.020833 0.064815
0 0.628646 0.308333 0.026042 0.057407
0 0.404687 0.750926 0.034375 0.038889
0 0.282031 0.140278 0.029687 0.065741
0 0.693750 0.313426 0.018750 0.058333
0 0.600260 0.288426 0.027604 0.056481
0 0.848698 0.721759 0.020313 0.060185
0 0.741927 0.408796 0.035937 0.041667
0 0.488281 0.673611 0.034896 0.050926
0 0.476042 0.227315 0.021875 0.058333
0 0.642188 0.505556 0.023958 0.064815
0 0.552865 0.695833 0.029687 0.050926
0 0.376042 0.452315 0.019792 0.063889
0 0.721875 0.295370 0.033333 0.048148
0 0.785417 0.524074 0.030208 0.053704
0 0.555208 0.423148 0.033333 0.050000
0 0.693490 0.863889 0.032813 0.051852
0 0.188021 0.265278 0.023958 0.071296
0 0.366927 0.810648 0.028646 0.067593
0 0.693490 0.190278 0.033854 0.056481
0 0.173698 0.238889 0.025521 0.068519
0 0.535677 0.454630 0.030729 0.057407
0 0.754687 0.642593 0.035417 0.038889
0 0.634635 0.643519 0.032813 0.048148
0 0.275260 0.605093 0.028646 0.054630
0 0.836458 0.512037 0.020833 0.072222
0 0.298698 0.220370 0.031771 0.053704
0 0.654167 0.278704 0.019792 0.066667
0 0.502865 0.874074 0.026562 0.057407
0 0.716146 0.734259 0.037500 0.044444
0 0.514323 0.244907 0.029687 0.050926
0 0.604688 0.065278 0.031250 0.060185
0 0.357031 0.206944 0.029687 0.060185
0 0.816146 0.669907 0.030208 0.049074
0 0.562760 0.172685 0.028646 0.062037
0 0.611458 0.606019 0.020833 0.063889
0 0.448437 0.041667 0.028125 0.062963
0 0.938802 0.741667 0.032813 0.051852
0 0.786719 0.252315 0.018229 0.063889
0 0.391406 0.168519 0.029687 0.061111
0 0.369271 0.728241 0.023958 0.062037
0 0.727865 0.240278 0.028646 0.056481
0 0.688281 0.357870 0.035937 0.036111
0 0.488021 0.080093 0.030208 0.050926
0 0.489844 0.750463 0.034896 0.036111
0 0.915104 0.704630 0.033333 0.055556
0 0.465365 0.852315 0.020313 0.063889
0 0.665625 0.791667 0.016667 0.062963
0 0.263281 0.743056 0.024479 0.062037
0 0.123177 0.561574 0.035937 0.047222
0 0.440885 0.841667 0.034896 0.046296
0 0.753125 0.732407 0.021875 0.051852
0 0.657292 0.436574 0.034375 0.041667
0 0.795052 0.562037 0.032813 0.037037
0 0.340625 0.294907 0.039583 0.037963
0 0.927604 0.554630 0.033333 0.057407
0 0.692187 0.622685 0.033333 0.041667
0 0.609115 0.692130 0.019271 0.071296
0 0.305208 0.507407 0.034375 0.055556
0 0.463802 0.278241 0.020313 0.056481
0 0.832812 0.605556 0.033333 0.033333
0 0.573698 0.648148 0.020313 0.066667
0 0.637500 0.133796 0.028125 0.056481
0 0.776563 0.183796 0.030208 0.054630
0 0.688802 0.566667 0.032813 0.040741
0 0.713542 0.808333 0.016667 0.064815
0 0.553646 0.118519 0.033333 0.051852
0 0.193750 0.187500 0.031250 0.043519
0 0.533854 0.177315 0.018750 0.063889
0 0.500260 0.634259 0.033854 0.046296
0 0.785937 0.856019 0.036458 0.047222
0 0.215885 0.285185 0.039062 0.038889
0 0.775000 0.453241 0.029167 0.050926
0 0.607552 0.334259 0.020313 0.062963
0 0.972917 0.448148 0.033333 0.053704
0 0.594271 0.387500 0.032292 0.039815
0 0.479948 0.568056 0.019271 0.063889
0 0.509635 0.167130 0.019271 0.062037
0 0.696094 0.118056 0.035937 0.049074
0 0.590104 0.188426 0.026042 0.060185
0 0.238021 0.451852 0.042708 0.037037
0 0.395313 0.116204 0.037500 0.041667
0 0.743750 0.569444 0.033333 0.042593
0 0.183333 0.541204 0.033333 0.060185
0 0.691927 0.484722 0.034896 0.036111
0 0.876823 0.356481 0.021354 0.070370
0 0.186719 0.718056 0.027604 0.062037
0 0.232813 0.116204 0.038542 0.045370
0 0.452604 0.887037 0.021875 0.055556
0 0.414062 0.153704 0.036458 0.046296
0 0.578385 0.586111 0.034896 0.035185
0 0.697917 0.763426 0.037500 0.034259
0 0.954167 0.544907 0.020833 0.054630
0 0.802344 0.168519 0.021354 0.061111
0 0.243229 0.661111 0.032292 0.062963
0 0.315104 0.366204 0.033333 0.047222
0 0.838802 0.248148 0.035937 0.044444
0 0.930208 0.856019 0.027083 0.045370
0 0.757552 0.604167 0.035937 0.037963
0 0.527083 0.308333 0.031250 0.062963
0 0.815104 0.230556 0.032292 0.046296
0 0.580729 0.865278 0.034375 0.050926
0 0.970833 0.290741 0.036458 0.051852
0 0.485677 0.403241 0.031771 0.041667
0 0.058854 0.647222 0.041667 0.051852
0 0.948958 0.484722 0.038542 0.060185
0 0.750781 0.097222 0.035937 0.044444
0 0.634635 0.757407 0.020313 0.042593
0 0.027083 0.582870 0.037500 0.054630
0 0.741927 0.159722 0.027604 0.045370
0 0.027604 0.704630 0.039583 0.048148
0 0.912760 0.100463 0.027604 0.063889
0 0.482552 0.825926 0.022396 0.064815
0 0.621354 0.185648 0.034375 0.050926
0 0.757031 0.235185 0.018229 0.059259
0 0.548958 0.050926 0.029167 0.059259
0 0.299219 0.103704 0.035937 0.042593
0 0.218229 0.404167 0.030208 0.050926
0 0.975000 0.676389 0.022917 0.063889
0 0.563802 0.307870 0.032813 0.054630
0 0.960677 0.213889 0.033854 0.042593
0 0.648698 0.048611 0.033854 0.041667
0 0.333594 0.202315 0.036979 0.036111
0 0.921615 0.242593 0.019271 0.061111
0 0.929167 0.825926 0.034375 0.037037
0 0.023958 0.626852 0.038542 0.062963
0 0.134635 0.429630 0.026562 0.064815
0 0.047135 0.761111 0.023438 0.066667
0 0.375000 0.061574 0.039583 0.043519
0 0.115104 0.441667 0.026042 0.061111
0 0.902604 0.285185 0.025000 0.059259
0 0.395052 0.025463 0.026562 0.049074
0 0.325521 0.899074 0.033333 0.048148
0 0.358073 0.105556 0.035937 0.046296
0 0.794010 0.097222 0.038021 0.048148
0 0.784115 0.899074 0.038021 0.040741
0 0.894792 0.883796 0.036458 0.032407
0 0.061719 0.408796 0.032813 0.060185
0 0.890365 0.248148 0.019271 0.068519
0 0.154167 0.700000 0.035417 0.061111
0 0.083854 0.514815 0.031250 0.062963
0 0.871354 0.068056 0.018750 0.069444
0 0.364844 0.148148 0.036979 0.042593
0 0.176042 0.093519 0.035417 0.057407
0 0.910417 0.861574 0.034375 0.039815
0 0.906510 0.220833 0.021354 0.058333
0 0.657813 0.912500 0.027083 0.058333
0 0.019792 0.734259 0.033333 0.048148
0 0.719531 0.875463 0.029687 0.062037
0 0.960156 0.821296 0.025521 0.053704
0 0.184896 0.909259 0.020833 0.064815
0 0.812240 0.315741 0.033854 0.055556
0 0.132031 0.814815 0.030729 0.051852
0 0.721875 0.023611 0.037500 0.045370
0 0.816146 0.075926 0.022917 0.042593
0 0.083594 0.308796 0.028646 0.058333
0 0.621875 0.101852 0.032292 0.037037
0 0.980729 0.400463 0.036458 0.052778
0 0.547656 0.331944 0.030729 0.047222
0 0.630729 0.016204 0.037500 0.030556
0 0.080990 0.922222 0.024479 0.062963
0 0.110156 0.906481 0.042188 0.037037
0 0.954427 0.079630 0.036979 0.035185
0 0.363281 0.923148 0.028646 0.070370
0 0.664323 0.334259 0.020313 0.035185
0 0.821615 0.950000 0.030729 0.048148
0 0.869531 0.015278 0.038021 0.028704
0 0.133594 0.951852 0.035937 0.044444
0 0.583854 0.714352 0.018750 0.047222
0 0.511979 0.954630 0.036458 0.061111
0 0.980208 0.860185 0.038542 0.048148
0 0.824740 0.291204 0.030729 0.056481
0 0.521354 0.475000 0.036458 0.031481
0 0.352083 0.716667 0.021875 0.048148
0 0.013802 0.652778 0.026562 0.053704
0 0.500260 0.907407 0.024479 0.046296
0 0.994010 0.486111 0.011979 0.055556
0 0.107813 0.953704 0.020833 0.066667
0 0.250781 0.031481 0.023438 0.061111
0 0.235156 0.826389 0.034896 0.052778
0 0.546615 0.952315 0.030729 0.071296
0 0.294010 0.856019 0.023438 0.052778
0 0.952865 0.916204 0.038021 0.037963
0 0.128646 0.059722 0.038542 0.050926
0 0.123958 0.854630 0.027083 0.051852
0 0.712500 0.941204 0.027083 0.065741
0 0.832812 0.918056 0.040625 0.049074
0 0.905990 0.951852 0.027604 0.055556
0 0.080729 0.081019 0.027083 0.067593
0 0.027344 0.430556 0.023438 0.044444
0 0.094792 0.149537 0.019792 0.039815
0 0.007031 0.104167 0.013021 0.069444
0 0.079687 0.975000 0.036458 0.040741
0 0.928646 0.972685 0.033333 0.037963
0 0.965625 0.964815 0.032292 0.050000
0 0.523698 0.832407 0.014063 0.027778
0 0.073177 0.031944 0.022396 0.049074
0 0.105469 0.146759 0.019271 0.050926
0 0.358854 0.980093 0.039583 0.039815
0 0.607292 0.962037 0.029167 0.064815
