0 0.414583 0.383796 0.031250 0.049074
0 0.380729 0.211574 0.030208 0.054630
0 0.384896 0.506481 0.029167 0.062963
0 0.473177 0.357870 0.030729 0.049074
0 0.439844 0.227315 0.018229 0.067593
0 0.557292 0.182870 0.020833 0.060185
0 0.483333 0.681481 0.031250 0.050000
0 0.262760 0.196759 0.032813 0.058333
0 0.309896 0.472222 0.032292 0.059259
0 0.707812 0.292593 0.021875 0.062963
0 0.678906 0.739815 0.032813 0.048148
0 0.535417 0.391204 0.036458 0.041667
0 0.522135 0.651389 0.034896 0.047222
0 0.373177 0.561574 0.023438 0.063889
0 0.527344 0.529167 0.022396 0.065741
0 0.621354 0.578241 0.032292 0.045370
0 0.594010 0.581019 0.026562 0.060185
0 0.775000 0.450000 0.034375 0.048148
0 0.328906 0.374537 0.035937 0.049074
0 0.744271 0.778241 0.030208 0.058333
0 0.758333 0.232870 0.020833 0.063889
0 0.533854 0.320370 0.020833 0.062963
0 0.713021 0.711574 0.022917 0.050926
0 0.486198 0.436574 0.025521 0.063889
0 0.559896 0.464352 0.033333 0.045370
0 0.390104 0.614815 0.022917 0.072222
0 0.678646 0.106944 0.020833 0.069444
0 0.587240 0.500463 0.033854 0.043519
0 0.437500 0.693519 0.034375 0.040741
0 0.592448 0.823148 0.031771 0.053704
0 0.548438 0.612500 0.028125 0.062037
0 0.177083 0.231944 0.028125 0.067593
0 0.658333 0.538889 0.028125 0.057407
0 0.299219 0.618056 0.034896 0.058333
0 0.335677 0.314352 0.034896 0.041667
0 0.489583 0.629167 0.031250 0.058333
0 0.466667 0.505556 0.021875 0.064815
0 0.604688 0.427778 0.035417 0.048148
0 0.758594 0.688889 0.026562 0.057407
0 0.797656 0.241667 0.024479 0.061111
0 0.652604 0.667593 0.018750 0.064815
0 0.575521 0.443981 0.030208 0.052778
0 0.166406 0.203241 0.029687 0.060185
0 0.402344 0.261111 0.031771 0.050000
0 0.693229 0.673611 0.020833 0.063889
0 0.566667 0.578241 0.031250 0.054630
0 0.182031 0.458796 0.028646 0.065741
0 0.739844 0.139352 0.023438 0.065741
0 0.797656 0.538426 0.019271 0.063889
0 0.738281 0.303241 0.028646 0.065741
0 0.659896 0.293519 0.033333 0.048148
0 0.473177 0.463426 0.036979 0.043519
0 0.309635 0.120833 0.031771 0.045370
0 0.294792 0.311111 0.037500 0.033333
0 0.480729 0.276389 0.030208 0.050926
0 0.584115 0.331019 0.031771 0.049074
0 0.521354 0.077315 0.018750 0.069444
0 0.335677 0.764352 0.034896 0.047222
0 0.912240 0.693981 0.027604 0.043519
0 0.683854 0.321759 0.019792 0.062037
0 0.655990 0.803704 0.021354 0.061111
0 0.928125 0.589352 0.031250 0.043519
0 0.888802 0.783796 0.029687 0.045370
0 0.394531 0.232870 0.030729 0.052778
0 0.920052 0.636574 0.022396 0.063889
0 0.509635 0.164352 0.019271 0.062037
0 0.875260 0.359722 0.022396 0.063889
0 0.620313 0.723611 0.031250 0.058333
0 0.196615 0.429630 0.024479 0.061111
0 0.370312 0.075926 0.019792 0.066667
0 0.575781 0.666204 0.019271 0.065741
0 0.344792 0.545833 0.032292 0.058333
0 0.698438 0.625000 0.033333 0.042593
0 0.662500 0.443981 0.034375 0.036111
0 0.410677 0.316667 0.026562 0.062963
0 0.884896 0.265278 0.028125 0.060185
0 0.725000 0.568519 0.023958 0.062963
0 0.840625 0.174537 0.030208 0.052778
0 0.497656 0.227778 0.031771 0.044444
0 0.127604 0.201389 0.023958 0.067593
0 0.763542 0.362963 0.035417 0.048148
0 0.964583 0.701389 0.029167 0.060185
0 0.797656 0.175000 0.026562 0.070370
0 0.234375 0.417130 0.030208 0.058333
0 0.396615 0.828704 0.035937 0.038889
0 0.452865 0.106019 0.033854 0.052778
0 0.498177 0.803704 0.033854 0.042593
0 0.706771 0.788426 0.019792 0.065741
0 0.297656 0.219444 0.033854 0.046296
0 0.602344 0.073148 0.033854 0.046296
0 0.190365 0.264815 0.022396 0.070370
0 0.787760 0.763426 0.030729 0.052778
0 0.822135 0.274074 0.033854 0.053704
0 0.448958 0.180556 0.034375 0.038889
0 0.178125 0.327315 0.035417 0.045370
0 0.848958 0.813889 0.022917 0.064815
0 0.608333 0.336574 0.018750 0.065741
0 0.928385 0.537500 0.033854 0.062037
0 0.428385 0.293519 0.033854 0.055556
0 0.640885 0.132870 0.027604 0.049074
0 0.376042 0.443519 0.017708 0.064815
0 0.896615 0.599074 0.025521 0.062963
0 0.847656 0.499537 0.040104 0.036111
0 0.514323 0.268056 0.029687 0.049074
0 0.841146 0.088426 0.022917 0.060185
0 0.729688 0.362037 0.017708 0.061111
0 0.773698 0.292130 0.034896 0.037963
0 0.327344 0.160648 0.038021 0.034259
0 0.888021 0.743519 0.034375 0.033333
0 0.797656 0.674537 0.032813 0.045370
0 0.980729 0.659722 0.033333 0.045370
0 0.702865 0.212963 0.034896 0.040741
0 0.714583 0.833333 0.022917 0.044444
0 0.596354 0.293519 0.034375 0.038889
0 0.334375 0.199074 0.039583 0.035185
0 0.287500 0.421759 0.023958 0.050926
0 0.935417 0.838889 0.023958 0.048148
0 0.423698 0.868981 0.032813 0.049074
0 0.439063 0.136111 0.035417 0.046296
0 0.308594 0.272685 0.040104 0.047222
0 0.813281 0.321759 0.033854 0.036111
0 0.344792 0.486574 0.020833 0.073148
0 0.832812 0.352315 0.029167 0.063889
0 0.298698 0.076389 0.020313 0.065741
0 0.564063 0.834722 0.035417 0.039815
0 0.106250 0.341667 0.039583 0.051852
0 0.695573 0.496296 0.030729 0.035185
0 0.675000 0.180093 0.034375 0.041667
0 0.479948 0.078241 0.035937 0.036111
0 0.786719 0.839352 0.031771 0.050926
0 0.809896 0.830556 0.019792 0.062963
0 0.971354 0.443981 0.034375 0.037963
0 0.380990 0.150463 0.019271 0.069444
0 0.352344 0.595833 0.038021 0.039815
0 0.411198 0.659259 0.023438 0.068519
0 0.854167 0.050926 0.023958 0.064815
0 0.984635 0.549074 0.027604 0.037037
0 0.109635 0.439815 0.042188 0.053704
0 0.824479 0.767593 0.036458 0.031481
0 0.956250 0.273148 0.035417 0.044444
0 0.450260 0.853704 0.022396 0.061111
0 0.355469 0.804630 0.025521 0.070370
0 0.846875 0.746296 0.031250 0.033333
0 0.872917 0.065741 0.016667 0.068519
0 0.832292 0.856944 0.027083 0.062037
0 0.874740 0.613889 0.034896 0.037037
0 0.463021 0.871759 0.021875 0.054630
0 0.724219 0.023611 0.031771 0.045370
0 0.622135 0.095833 0.030729 0.039815
0 0.795833 0.879630 0.032292 0.040741
0 0.819010 0.085185 0.029687 0.053704
0 0.698958 0.057407 0.035417 0.040741
0 0.221615 0.574537 0.025521 0.062037
0 0.634115 0.756481 0.020313 0.042593
0 0.241146 0.097685 0.039583 0.043519
0 0.882552 0.836574 0.023438 0.060185
0 0.242969 0.796759 0.036979 0.047222
0 0.826562 0.888426 0.026042 0.060185
0 0.589583 0.757407 0.026042 0.044444
0 0.988542 0.418056 0.022917 0.050926
0 0.635938 0.022685 0.034375 0.043519
0 0.234375 0.618981 0.038542 0.037963
0 0.521354 0.026852 0.035417 0.037037
0 0.894792 0.903241 0.034375 0.060185
0 0.106510 0.179630 0.023438 0.057407
0 0.183073 0.068981 0.038021 0.034259
0 0.161458 0.156944 0.034375 0.041667
0 0.962500 0.167130 0.034375 0.049074
0 0.951042 0.306944 0.034375 0.034259
0 0.249479 0.651852 0.020833 0.062963
0 0.691146 0.028704 0.029167 0.046296
0 0.115104 0.284722 0.021875 0.067593
0 0.282292 0.800000 0.036458 0.038889
0 0.960156 0.340741 0.034896 0.044444
0 0.021615 0.715741 0.024479 0.068519
0 0.050781 0.347685 0.041146 0.037963
0 0.589583 0.371759 0.020833 0.043519
0 0.916667 0.430093 0.021875 0.037963
0 0.460677 0.304630 0.016146 0.046296
0 0.501563 0.873611 0.023958 0.062037
0 0.128906 0.032870 0.040104 0.041667
0 0.151562 0.695833 0.020833 0.069444
0 0.031771 0.649537 0.041667 0.060185
0 0.957812 0.090278 0.034375 0.045370
0 0.342448 0.018981 0.032813 0.036111
0 0.083854 0.513889 0.030208 0.062963
0 0.019531 0.390741 0.032813 0.061111
0 0.519271 0.472222 0.033333 0.031481
0 0.080990 0.078704 0.028646 0.070370
0 0.236458 0.827315 0.035417 0.047222
0 0.733594 0.946296 0.027604 0.055556
0 0.354167 0.709722 0.019792 0.037963
0 0.795052 0.913426 0.036979 0.036111
0 0.301823 0.861111 0.029687 0.048148
0 0.163802 0.012963 0.019271 0.024074
0 0.802083 0.943056 0.041667 0.050926
0 0.875260 0.014815 0.019271 0.027778
0 0.176302 0.896296 0.030729 0.042593
0 0.007292 0.102778 0.013542 0.068519
0 0.659896 0.019444 0.026042 0.037037
0 0.512500 0.901389 0.031250 0.032407
0 0.204687 0.013889 0.021875 0.025926
0 0.735417 0.460648 0.015625 0.025000
0 0.124479 0.864815 0.025000 0.033333
0 0.170833 0.923148 0.037500 0.046296
0 0.155990 0.760648 0.018229 0.030556
0 0.792188 0.976852 0.036458 0.035185
0 0.051823 0.012500 0.036979 0.023148
0 0.110937 0.954167 0.023958 0.060185
0 0.914323 0.947685 0.039062 0.060185
0 0.133854 0.079167 0.028125 0.049074
0 0.988802 0.931944 0.022396 0.036111
0 0.132292 0.973611 0.039583 0.034259
0 0.128385 0.922222 0.044271 0.037037
0 0.077604 0.614815 0.020833 0.029630
0 0.861719 0.950926 0.040104 0.053704
0 0.973698 0.978704 0.042188 0.038889
0 0.840365 0.979630 0.035937 0.040741
0 0.009896 0.691667 0.017708 0.033333
0 0.221875 0.391204 0.018750 0.032407
0 0.280208 0.946759 0.038542 0.052778
0 0.679948 0.904167 0.015104 0.025000
0 0.081250 0.972685 0.032292 0.047222
0 0.745833 0.980093 0.028125 0.039815
0 0.308854 0.962963 0.032292 0.064815
0 0.225000 0.967593 0.037500 0.035185
0 0.503385 0.946296 0.041146 0.040741
0 0.356771 0.978241 0.040625 0.043519
