0 0.482031 0.549537 0.030729 0.054630
0 0.488542 0.356019 0.031250 0.058333
0 0.592187 0.494444 0.028125 0.055556
0 0.395833 0.444907 0.032292 0.052778
0 0.455990 0.189815 0.024479 0.068519
0 0.533854 0.372685 0.023958 0.065741
0 0.440885 0.367130 0.020313 0.065741
0 0.799479 0.420833 0.025000 0.062037
0 0.615104 0.593519 0.022917 0.059259
0 0.395052 0.377778 0.027604 0.061111
0 0.510417 0.502315 0.030208 0.056481
0 0.456250 0.488889 0.035417 0.040741
0 0.568750 0.583796 0.023958 0.060185
0 0.622917 0.446759 0.030208 0.045370
0 0.635156 0.390278 0.029687 0.041667
0 0.426302 0.523148 0.033854 0.042593
0 0.834635 0.524074 0.022396 0.062963
0 0.682813 0.212963 0.017708 0.062963
0 0.843490 0.660185 0.021354 0.059259
0 0.673698 0.411111 0.035937 0.037037
0 0.348438 0.486574 0.027083 0.073148
0 0.413542 0.309722 0.030208 0.063889
0 0.676042 0.642593 0.029167 0.050000
0 0.560937 0.304630 0.016667 0.066667
0 0.675781 0.137037 0.029687 0.057407
0 0.681510 0.484259 0.030729 0.040741
0 0.907552 0.170833 0.020313 0.062037
0 0.917708 0.630556 0.020833 0.064815
0 0.796615 0.487037 0.031771 0.057407
0 0.963021 0.550000 0.035417 0.055556
0 0.757552 0.527778 0.025521 0.064815
0 0.242969 0.582407 0.035937 0.050000
0 0.375521 0.219444 0.036458 0.046296
0 0.890885 0.638889 0.020313 0.064815
0 0.546094 0.434722 0.026562 0.054630
0 0.441146 0.634722 0.033333 0.041667
0 0.692708 0.674537 0.020833 0.065741
0 0.875781 0.784722 0.028646 0.060185
0 0.947917 0.325926 0.033333 0.050000
0 0.633073 0.302778 0.022396 0.068519
0 0.838021 0.326389 0.027083 0.056481
0 0.757292 0.631481 0.030208 0.050000
0 0.350000 0.626852 0.030208 0.062963
0 0.833594 0.611574 0.033854 0.039815
0 0.402865 0.272685 0.035937 0.045370
0 0.734115 0.236111 0.027604 0.061111
0 0.636979 0.139815 0.027083 0.053704
0 0.547135 0.500463 0.033854 0.039815
0 0.363542 0.386111 0.031250 0.053704
0 0.369010 0.495370 0.020313 0.068519
0 0.908333 0.686111 0.033333 0.050000
0 0.675000 0.059259 0.023958 0.057407
0 0.789844 0.623611 0.020313 0.062037
0 0.908594 0.732407 0.035937 0.042593
0 0.499740 0.441204 0.033854 0.047222
0 0.647396 0.637500 0.030208 0.045370
0 0.522656 0.079630 0.019271 0.074074
0 0.720313 0.776852 0.035417 0.035185
0 0.540365 0.601852 0.025521 0.066667
0 0.179427 0.580093 0.028646 0.065741
0 0.539323 0.549074 0.033854 0.044444
0 0.128906 0.551852 0.032813 0.066667
0 0.939063 0.283333 0.020833 0.062963
0 0.586719 0.265741 0.022396 0.059259
0 0.719010 0.491667 0.033854 0.042593
0 0.566146 0.458796 0.033333 0.045370
0 0.748177 0.692593 0.027604 0.051852
0 0.954167 0.259259 0.027083 0.061111
0 0.685677 0.713426 0.023438 0.058333
0 0.576823 0.405093 0.031771 0.056481
0 0.393229 0.094907 0.018750 0.069444
0 0.783333 0.507407 0.019792 0.053704
0 0.853125 0.362963 0.023958 0.059259
0 0.298177 0.205093 0.027604 0.060185
0 0.873698 0.362963 0.019271 0.061111
0 0.487760 0.292593 0.034896 0.035185
0 0.121615 0.445370 0.033854 0.064815
0 0.330990 0.582407 0.022396 0.066667
0 0.723437 0.315278 0.032292 0.034259
0 0.319792 0.207870 0.032292 0.056481
0 0.369792 0.428241 0.033333 0.045370
0 0.780469 0.842130 0.030729 0.052778
0 0.139844 0.240278 0.034896 0.065741
0 0.671615 0.551389 0.031771 0.049074
0 0.493229 0.147222 0.035417 0.037037
0 0.391927 0.164352 0.019271 0.065741
0 0.841146 0.836574 0.022917 0.063889
0 0.376823 0.056019 0.030729 0.063889
0 0.477865 0.702315 0.034896 0.045370
0 0.932813 0.530093 0.025000 0.054630
0 0.911458 0.364352 0.034375 0.047222
0 0.907552 0.806944 0.038021 0.045370
0 0.892969 0.334259 0.022396 0.064815
0 0.917188 0.255093 0.028125 0.058333
0 0.974740 0.367593 0.033854 0.046296
0 0.645833 0.187037 0.034375 0.044444
0 0.703125 0.049537 0.029167 0.050926
0 0.367188 0.114815 0.029167 0.062963
0 0.266927 0.561111 0.040104 0.038889
0 0.858333 0.731019 0.034375 0.049074
0 0.826823 0.136111 0.027604 0.062963
0 0.651302 0.772222 0.029687 0.059259
0 0.450000 0.239815 0.032292 0.050000
0 0.805469 0.673611 0.027604 0.054630
0 0.589063 0.036574 0.032292 0.056481
0 0.746875 0.119444 0.032292 0.051852
0 0.835156 0.071759 0.025521 0.062037
0 0.652083 0.079167 0.023958 0.062037
0 0.205729 0.182870 0.028125 0.065741
0 0.782813 0.703704 0.028125 0.057407
0 0.665104 0.293056 0.034375 0.034259
0 0.786979 0.328241 0.035417 0.043519
0 0.169010 0.903241 0.028646 0.063889
0 0.555469 0.113889 0.032813 0.042593
0 0.270573 0.510185 0.041146 0.038889
0 0.372135 0.567593 0.020313 0.068519
0 0.772656 0.184259 0.028646 0.053704
0 0.456510 0.136574 0.035937 0.039815
0 0.728125 0.027315 0.023958 0.052778
0 0.755469 0.582870 0.024479 0.054630
0 0.830208 0.718981 0.026042 0.060185
0 0.158854 0.484722 0.041667 0.037963
0 0.534896 0.784722 0.019792 0.065741
0 0.817187 0.275000 0.032292 0.051852
0 0.630990 0.865741 0.025521 0.053704
0 0.370312 0.647222 0.026042 0.061111
0 0.277083 0.162500 0.022917 0.069444
0 0.200260 0.380556 0.033854 0.048148
0 0.394271 0.557407 0.029167 0.072222
0 0.867448 0.276389 0.027604 0.062037
0 0.672917 0.784259 0.020833 0.068519
0 0.223177 0.236111 0.028646 0.050000
0 0.460938 0.051852 0.036458 0.051852
0 0.131250 0.487500 0.029167 0.058333
0 0.183333 0.512500 0.033333 0.062037
0 0.398438 0.603241 0.034375 0.049074
0 0.890365 0.450926 0.036979 0.035185
0 0.249219 0.648148 0.024479 0.066667
0 0.773698 0.055556 0.033854 0.048148
0 0.958854 0.489815 0.036458 0.033333
0 0.599740 0.683333 0.036979 0.037037
0 0.753646 0.279167 0.037500 0.037963
0 0.945573 0.799537 0.035937 0.052778
0 0.648177 0.816204 0.018229 0.065741
0 0.313021 0.725463 0.035417 0.045370
0 0.173958 0.835185 0.040625 0.048148
0 0.893750 0.271759 0.036458 0.043519
0 0.814583 0.194907 0.035417 0.039815
0 0.165625 0.791667 0.038542 0.031481
0 0.287500 0.471296 0.032292 0.061111
0 0.731250 0.181019 0.035417 0.049074
0 0.918750 0.398148 0.035417 0.040741
0 0.574740 0.756481 0.030729 0.051852
0 0.620833 0.113426 0.032292 0.043519
0 0.509635 0.887963 0.027604 0.062963
0 0.089323 0.731481 0.034896 0.059259
0 0.235677 0.101389 0.032813 0.060185
0 0.735156 0.075926 0.034896 0.035185
0 0.489323 0.094444 0.034896 0.037037
0 0.927865 0.058796 0.022396 0.067593
0 0.168490 0.233796 0.025521 0.073148
0 0.542708 0.874074 0.037500 0.044444
0 0.235677 0.781019 0.032813 0.058333
0 0.870833 0.066204 0.018750 0.069444
0 0.682292 0.832407 0.020833 0.062963
0 0.066406 0.301389 0.038021 0.058333
0 0.922917 0.212500 0.038542 0.036111
0 0.810937 0.072685 0.034375 0.043519
0 0.269792 0.428704 0.034375 0.048148
0 0.513021 0.419444 0.035417 0.035185
0 0.260156 0.806019 0.029687 0.067593
0 0.048177 0.701852 0.035937 0.037037
0 0.879687 0.124074 0.040625 0.040741
0 0.394792 0.704630 0.025000 0.066667
0 0.128646 0.877315 0.025000 0.073148
0 0.766927 0.690741 0.025521 0.057407
0 0.965625 0.807870 0.031250 0.045370
0 0.425000 0.700000 0.019792 0.066667
0 0.986979 0.515741 0.023958 0.062963
0 0.940625 0.866667 0.036458 0.046296
0 0.854948 0.872222 0.030729 0.055556
0 0.147656 0.352778 0.024479 0.057407
0 0.911719 0.768981 0.041146 0.039815
0 0.482812 0.054167 0.034375 0.045370
0 0.248698 0.837037 0.019271 0.072222
0 0.050260 0.342130 0.040104 0.043519
0 0.933333 0.124537 0.038542 0.045370
0 0.042708 0.420370 0.031250 0.064815
0 0.877604 0.916667 0.033333 0.053704
0 0.972396 0.688426 0.032292 0.078704
0 0.063802 0.841204 0.039062 0.036111
0 0.155469 0.056481 0.039062 0.051852
0 0.377604 0.794907 0.036458 0.037963
0 0.229167 0.943981 0.018750 0.062037
0 0.128646 0.070833 0.022917 0.058333
0 0.154427 0.693981 0.025521 0.062037
0 0.016146 0.870833 0.031250 0.052778
0 0.967448 0.924074 0.035937 0.057407
0 0.161458 0.945833 0.019792 0.058333
0 0.665365 0.336574 0.022396 0.030556
0 0.578385 0.857407 0.032813 0.061111
0 0.420833 0.906944 0.038542 0.037963
0 0.466667 0.881019 0.021875 0.071296
0 0.372656 0.849074 0.031771 0.072222
0 0.339583 0.915278 0.020833 0.065741
0 0.978646 0.122685 0.039583 0.032407
0 0.601823 0.884259 0.039062 0.048148
0 0.011458 0.609259 0.021875 0.037037
0 0.190885 0.042130 0.025521 0.065741
0 0.244792 0.898148 0.042708 0.038889
0 0.284375 0.016667 0.036458 0.031481
0 0.458333 0.013889 0.035417 0.025926
0 0.061979 0.934259 0.030208 0.064815
0 0.611458 0.939815 0.021875 0.059259
0 0.085156 0.103704 0.033854 0.064815
0 0.151302 0.022222 0.025521 0.042593
0 0.232813 0.830093 0.025000 0.052778
0 0.464062 0.938426 0.033333 0.049074
0 0.183073 0.863426 0.025521 0.037963
0 0.982812 0.959259 0.034375 0.059259
0 0.582292 0.724537 0.040625 0.034259
0 0.646615 0.012500 0.017188 0.023148
0 0.982031 0.875463 0.027604 0.037963
0 0.318490 0.947222 0.018229 0.055556
0 0.982292 0.911111 0.032292 0.037037
0 0.542708 0.956019 0.040625 0.047222
0 0.008073 0.788889 0.015104 0.048148
0 0.479167 0.969907 0.040625 0.050926
0 0.982812 0.015278 0.034375 0.028704
0 0.209635 0.944907 0.026562 0.050926
0 0.189583 0.966667 0.038542 0.051852
0 0.504167 0.980093 0.032292 0.039815
0 0.680469 0.904630 0.016146 0.025926
0 0.393229 0.873148 0.033333 0.038889
0 0.751042 0.966204 0.029167 0.043519
0 0.930729 0.968519 0.029167 0.051852
0 0.292969 0.967593 0.023438 0.042593
0 0.355990 0.977315 0.040104 0.041667
0 0.255469 0.945833 0.025521 0.056481
