0 0.691667 0.654167 0.023958 0.058333
0 0.500260 0.412500 0.024479 0.065741
0 0.687240 0.500463 0.026562 0.060185
0 0.629167 0.325000 0.025000 0.062963
0 0.525521 0.134259 0.023958 0.064815
0 0.425781 0.376852 0.027604 0.055556
0 0.299479 0.444444 0.020833 0.064815
0 0.535417 0.464352 0.023958 0.060185
0 0.527083 0.405556 0.027083 0.057407
0 0.596875 0.414815 0.028125 0.061111
0 0.219271 0.443056 0.030208 0.062037
0 0.592969 0.500926 0.026562 0.051852
0 0.503906 0.538426 0.029687 0.047222
0 0.664583 0.418519 0.020833 0.061111
0 0.589844 0.143519 0.022396 0.070370
0 0.552083 0.325926 0.022917 0.062963
0 0.466406 0.217130 0.029687 0.050926
0 0.614583 0.430093 0.023958 0.052778
0 0.205208 0.317593 0.021875 0.068519
0 0.187760 0.373148 0.020313 0.066667
0 0.679427 0.187037 0.024479 0.068519
0 0.642708 0.456481 0.030208 0.050000
0 0.859896 0.529630 0.022917 0.064815
0 0.863021 0.605093 0.033333 0.049074
0 0.646615 0.184259 0.026562 0.057407
0 0.437240 0.313426 0.035937 0.049074
0 0.419792 0.635648 0.036458 0.049074
0 0.799479 0.496296 0.030208 0.057407
0 0.622396 0.246296 0.020833 0.068519
0 0.753646 0.217593 0.023958 0.062963
0 0.754427 0.637037 0.023438 0.061111
0 0.927865 0.297222 0.021354 0.066667
0 0.362240 0.487500 0.025521 0.062037
0 0.851302 0.405556 0.022396 0.061111
0 0.341146 0.219444 0.036458 0.046296
0 0.728385 0.566667 0.027604 0.062963
0 0.674479 0.329167 0.018750 0.058333
0 0.834635 0.551852 0.027604 0.064815
0 0.572396 0.331019 0.026042 0.062037
0 0.519792 0.230556 0.030208 0.044444
0 0.677604 0.602778 0.034375 0.042593
0 0.424479 0.511574 0.040625 0.039815
0 0.402604 0.263426 0.021875 0.067593
0 0.185938 0.589352 0.028125 0.063889
0 0.391927 0.635648 0.027604 0.067593
0 0.539323 0.089352 0.029687 0.056481
0 0.953385 0.499074 0.034896 0.051852
0 0.711719 0.299074 0.024479 0.068519
0 0.646875 0.244444 0.019792 0.057407
0 0.300781 0.510185 0.019271 0.059259
0 0.762500 0.502778 0.025000 0.062963
0 0.116406 0.418981 0.035937 0.047222
0 0.378906 0.790741 0.028646 0.066667
0 0.133854 0.380093 0.032292 0.050926
0 0.854688 0.143056 0.023958 0.060185
0 0.258854 0.490278 0.031250 0.050926
0 0.934896 0.580093 0.022917 0.067593
0 0.907552 0.322222 0.021354 0.062963
0 0.320833 0.456944 0.020833 0.062037
0 0.764844 0.453241 0.036979 0.036111
0 0.739583 0.123148 0.022917 0.055556
0 0.221615 0.281019 0.023438 0.067593
0 0.385937 0.157870 0.033333 0.060185
0 0.746615 0.399537 0.039062 0.036111
0 0.705469 0.595833 0.022396 0.060185
0 0.906510 0.485185 0.023438 0.062963
0 0.706510 0.347685 0.026562 0.060185
0 0.568229 0.405093 0.026042 0.063889
0 0.738021 0.838889 0.026042 0.062963
0 0.857031 0.725000 0.029687 0.053704
0 0.333333 0.386111 0.040625 0.048148
0 0.880729 0.448148 0.021875 0.066667
0 0.452865 0.767130 0.031771 0.069444
0 0.648177 0.712500 0.029687 0.039815
0 0.879687 0.369444 0.023958 0.061111
0 0.342969 0.042593 0.025521 0.066667
0 0.570573 0.182407 0.028646 0.057407
0 0.787240 0.297222 0.021354 0.068519
0 0.600260 0.065741 0.017188 0.062963
0 0.764323 0.862500 0.028646 0.060185
0 0.248177 0.643056 0.024479 0.069444
0 0.871875 0.332407 0.034375 0.057407
0 0.883854 0.758796 0.032292 0.056481
0 0.841406 0.501852 0.033854 0.033333
0 0.381510 0.052778 0.019271 0.068519
0 0.895312 0.137963 0.021875 0.064815
0 0.121875 0.221296 0.033333 0.064815
0 0.399740 0.089815 0.023438 0.057407
0 0.790625 0.567130 0.035417 0.047222
0 0.932813 0.450463 0.035417 0.041667
0 0.215885 0.154630 0.024479 0.062963
0 0.817969 0.181944 0.019271 0.063889
0 0.251563 0.377778 0.038542 0.042593
0 0.619531 0.040278 0.019271 0.067593
0 0.928646 0.643519 0.036458 0.053704
0 0.166927 0.445370 0.020313 0.070370
0 0.313021 0.644907 0.023958 0.075000
0 0.461198 0.520833 0.024479 0.060185
0 0.847396 0.218981 0.034375 0.039815
0 0.801042 0.195833 0.027083 0.065741
0 0.080990 0.533796 0.042188 0.043519
0 0.152083 0.552315 0.033333 0.063889
0 0.650521 0.837500 0.021875 0.058333
0 0.117188 0.645370 0.037500 0.042593
0 0.398177 0.141204 0.032813 0.056481
0 0.431510 0.227315 0.019271 0.056481
0 0.831250 0.102778 0.030208 0.050000
0 0.195573 0.641204 0.035937 0.034259
0 0.669792 0.803704 0.041667 0.042593
0 0.683854 0.852778 0.020833 0.061111
0 0.826823 0.069907 0.029687 0.060185
0 0.702083 0.125463 0.025000 0.067593
0 0.668750 0.767593 0.033333 0.040741
0 0.406510 0.738426 0.034896 0.050926
0 0.864062 0.061111 0.027083 0.057407
0 0.265104 0.605556 0.031250 0.061111
0 0.153385 0.692130 0.028646 0.062037
0 0.981250 0.759722 0.035417 0.063889
0 0.846615 0.766204 0.021354 0.062037
0 0.439063 0.148611 0.036458 0.041667
0 0.250521 0.165278 0.022917 0.069444
0 0.569531 0.050000 0.033854 0.046296
0 0.872135 0.817593 0.028646 0.061111
0 0.867448 0.888426 0.029687 0.058333
0 0.917708 0.231019 0.037500 0.036111
0 0.130990 0.518056 0.038021 0.039815
0 0.964063 0.720370 0.029167 0.055556
0 0.578385 0.716667 0.029687 0.048148
0 0.483594 0.489815 0.017188 0.068519
0 0.163542 0.106944 0.029167 0.056481
0 0.205469 0.669907 0.033854 0.034259
0 0.733854 0.064352 0.034375 0.049074
0 0.341927 0.506481 0.020313 0.074074
0 0.789323 0.144444 0.034896 0.040741
0 0.196875 0.175463 0.020833 0.065741
0 0.302865 0.079167 0.028646 0.058333
0 0.960677 0.187963 0.036979 0.031481
0 0.970052 0.677778 0.036979 0.051852
0 0.926042 0.759722 0.032292 0.089815
0 0.444271 0.177315 0.021875 0.052778
0 0.908073 0.052778 0.023438 0.064815
0 0.459115 0.099074 0.033854 0.042593
0 0.562240 0.120833 0.031771 0.039815
0 0.538281 0.799537 0.034896 0.036111
0 0.794271 0.092593 0.034375 0.051852
0 0.229948 0.357870 0.021354 0.056481
0 0.039062 0.736574 0.033333 0.069444
0 0.711719 0.854630 0.018229 0.057407
0 0.389583 0.845370 0.037500 0.051852
0 0.952344 0.143056 0.036979 0.036111
0 0.777083 0.761574 0.031250 0.043519
0 0.593490 0.667130 0.020313 0.073148
0 0.102865 0.111574 0.021354 0.071296
0 0.702865 0.892593 0.031771 0.050000
0 0.850260 0.824537 0.020313 0.063889
0 0.765365 0.284722 0.027604 0.050926
0 0.483333 0.876852 0.029167 0.059259
0 0.437760 0.578704 0.029687 0.035185
0 0.471354 0.056944 0.021875 0.041667
0 0.887500 0.026389 0.028125 0.050926
0 0.044792 0.339352 0.034375 0.056481
0 0.043229 0.587963 0.043750 0.046296
0 0.965104 0.779630 0.025000 0.059259
0 0.864062 0.105093 0.038542 0.034259
0 0.142708 0.806019 0.029167 0.071296
0 0.124219 0.038426 0.021354 0.073148
0 0.014583 0.723611 0.028125 0.047222
0 0.896094 0.902315 0.034896 0.043519
0 0.473177 0.019907 0.030729 0.037963
0 0.141667 0.121296 0.025000 0.050000
0 0.255469 0.869444 0.041146 0.044444
0 0.359375 0.257407 0.017708 0.059259
0 0.988542 0.442130 0.018750 0.037963
0 0.347135 0.839815 0.035937 0.044444
0 0.505990 0.892593 0.022396 0.061111
0 0.394792 0.693981 0.037500 0.043519
0 0.013802 0.785648 0.026562 0.043519
0 0.653646 0.895370 0.018750 0.055556
0 0.962500 0.334259 0.022917 0.062963
0 0.754167 0.022222 0.039583 0.031481
0 0.605729 0.916204 0.025000 0.062037
0 0.954948 0.873611 0.040104 0.036111
0 0.917708 0.867130 0.033333 0.032407
0 0.762500 0.929167 0.019792 0.060185
0 0.015625 0.102778 0.025000 0.066667
0 0.844010 0.016667 0.036979 0.031481
0 0.537240 0.925000 0.017188 0.062963
0 0.995833 0.552315 0.008333 0.041667
0 0.308854 0.963426 0.034375 0.052778
0 0.886979 0.937037 0.027083 0.057407
0 0.472135 0.928241 0.028646 0.045370
0 0.234896 0.827315 0.035417 0.050926
0 0.264583 0.916204 0.039583 0.037963
0 0.084635 0.833333 0.049479 0.057407
0 0.020573 0.916667 0.035937 0.051852
0 0.636979 0.932870 0.028125 0.052778
0 0.019271 0.374537 0.031250 0.052778
0 0.196094 0.919907 0.049479 0.041667
0 0.027344 0.461111 0.020313 0.029630
0 0.693750 0.947222 0.029167 0.057407
0 0.990365 0.337963 0.019271 0.038889
0 0.187500 0.958796 0.031250 0.062037
0 0.588542 0.365741 0.018750 0.037037
0 0.009896 0.029630 0.018750 0.038889
0 0.686198 0.013426 0.021354 0.025000
0 0.452865 0.889815 0.028646 0.048148
0 0.271615 0.945833 0.030729 0.058333
0 0.382552 0.558796 0.021354 0.034259
0 0.973177 0.974074 0.039062 0.031481
0 0.213542 0.739352 0.017708 0.032407
0 0.320833 0.926852 0.040625 0.050000
0 0.099740 0.950926 0.032813 0.057407
0 0.502083 0.949074 0.021875 0.064815
0 0.982812 0.892593 0.034375 0.033333
0 0.326562 0.510648 0.017708 0.043519
0 0.709115 0.935648 0.036979 0.049074
0 0.559896 0.875926 0.025000 0.037037
0 0.906250 0.964352 0.030208 0.065741
0 0.005990 0.612963 0.010937 0.035185
0 0.789323 0.958796 0.022396 0.060185
0 0.866927 0.968981 0.029687 0.047222
0 0.639062 0.979630 0.030208 0.040741
0 0.757552 0.975000 0.038021 0.037037
0 0.169271 0.950000 0.032292 0.031481
0 0.247396 0.764815 0.017708 0.025926
0 0.395833 0.970833 0.043750 0.050926
0 0.361458 0.971759 0.034375 0.026852
0 0.220052 0.971759 0.019271 0.025000
0 0.444792 0.970370 0.033333 0.022222
0 0.538802 0.971759 0.021354 0.049074
0 0.576823 0.964815 0.026562 0.057407
0 0.135937 0.967130 0.039583 0.063889
0 0.170052 0.971759 0.038021 0.045370
0 0.994010 0.290741 0.011979 0.035185
0 0.769531 0.247222 0.020313 0.038889
0 0.600521 0.209259 0.028125 0.033333
0 0.638802 0.120833 0.019271 0.065741
0 0.655729 0.113889 0.018750 0.061111
0 0.672396 0.109722 0.014583 0.065741
0 0.500781 0.168056 0.024479 0.062037
0 0.369531 0.119907 0.027604 0.034259
0 0.350781 0.097222 0.010937 0.025926
0 0.417187 0.097222 0.010417 0.027778
0 0.532292 0.038426 0.016667 0.025000
0 0.945573 0.335185 0.026562 0.048148
0 0.893750 0.629167 0.035417 0.045370
0 0.880208 0.672222 0.028125 0.053704
0 0.886719 0.711574 0.041146 0.036111
0 0.992969 0.688426 0.013021 0.069444
0 0.985677 0.794907 0.027604 0.036111
0 0.727865 0.702778 0.017188 0.061111
0 0.743490 0.744444 0.027604 0.055556
0 0.716927 0.764352 0.025521 0.060185
0 0.698438 0.780093 0.026042 0.062037
0 0.439063 0.519444 0.017708 0.031481
0 0.229427 0.475926 0.026562 0.031481
0 0.884115 0.983333 0.023438 0.031481
0 0.328646 0.976389 0.025000 0.039815
0 0.783333 0.606019 0.030208 0.050926
0 0.599479 0.322685 0.029167 0.049074
0 0.419792 0.973611 0.023958 0.045370
0 0.805729 0.556944 0.029167 0.058333
0 0.728385 0.615278 0.027604 0.047222
