0 0.473958 0.643519 0.028125 0.059259
0 0.396875 0.587500 0.031250 0.049074
0 0.680469 0.542593 0.026562 0.051852
0 0.749219 0.233796 0.022396 0.063889
0 0.511458 0.598148 0.027083 0.055556
0 0.437760 0.381019 0.036979 0.039815
0 0.647135 0.381481 0.023438 0.059259
0 0.232813 0.594907 0.032292 0.058333
0 0.756510 0.752315 0.035937 0.043519
0 0.357292 0.145370 0.021875 0.070370
0 0.581250 0.557407 0.023958 0.061111
0 0.426563 0.562963 0.028125 0.061111
0 0.677604 0.775463 0.035417 0.052778
0 0.509896 0.313426 0.031250 0.050926
0 0.502083 0.540741 0.029167 0.048148
0 0.670573 0.368519 0.022396 0.059259
0 0.709635 0.413889 0.019271 0.064815
0 0.627083 0.519444 0.028125 0.057407
0 0.776042 0.447685 0.032292 0.054630
0 0.569010 0.682407 0.029687 0.059259
0 0.887500 0.260185 0.020833 0.059259
0 0.798958 0.244444 0.020833 0.066667
0 0.574479 0.254630 0.021875 0.059259
0 0.643229 0.572222 0.023958 0.062963
0 0.358854 0.284722 0.034375 0.045370
0 0.903906 0.461111 0.035937 0.040741
0 0.221875 0.531481 0.026042 0.066667
0 0.342448 0.346759 0.021354 0.052778
0 0.193229 0.259259 0.025000 0.070370
0 0.800521 0.531481 0.019792 0.064815
0 0.788802 0.387037 0.027604 0.064815
0 0.454167 0.795370 0.030208 0.057407
0 0.837240 0.611574 0.029687 0.054630
0 0.364583 0.781944 0.034375 0.047222
0 0.686198 0.478241 0.019271 0.065741
0 0.547656 0.607870 0.025521 0.058333
0 0.797135 0.128241 0.026562 0.058333
0 0.521354 0.074537 0.018750 0.069444
0 0.900260 0.741667 0.023438 0.061111
0 0.485417 0.440278 0.022917 0.065741
0 0.473438 0.261111 0.019792 0.059259
0 0.605208 0.674074 0.033333 0.038889
0 0.506510 0.163889 0.022396 0.061111
0 0.507031 0.242130 0.019271 0.063889
0 0.149479 0.279167 0.030208 0.056481
0 0.249479 0.650463 0.027083 0.060185
0 0.679427 0.101389 0.018229 0.067593
0 0.169010 0.232870 0.022396 0.069444
0 0.502865 0.804630 0.032813 0.040741
0 0.438542 0.226852 0.025000 0.061111
0 0.952344 0.654630 0.027604 0.066667
0 0.675000 0.649074 0.032292 0.050000
0 0.241927 0.163889 0.028646 0.070370
0 0.875521 0.362500 0.022917 0.067593
0 0.947656 0.557407 0.033854 0.051852
0 0.624219 0.218056 0.030729 0.049074
0 0.369010 0.326389 0.035937 0.034259
0 0.647656 0.499537 0.023438 0.065741
0 0.830469 0.522685 0.036979 0.039815
0 0.422917 0.056944 0.017708 0.069444
0 0.370312 0.706019 0.020833 0.067593
0 0.821094 0.728241 0.024479 0.060185
0 0.402344 0.261111 0.030729 0.048148
0 0.633854 0.272685 0.032292 0.047222
0 0.195312 0.609722 0.020833 0.062037
0 0.371354 0.074074 0.020833 0.066667
0 0.725521 0.568519 0.025000 0.066667
0 0.557292 0.268519 0.022917 0.053704
0 0.298438 0.217593 0.033333 0.048148
0 0.454948 0.840741 0.030729 0.055556
0 0.704948 0.789352 0.020313 0.063889
0 0.324740 0.653704 0.039062 0.055556
0 0.481771 0.768981 0.018750 0.069444
0 0.886198 0.829630 0.030729 0.057407
0 0.293750 0.644907 0.026042 0.069444
0 0.944010 0.499537 0.028646 0.062037
0 0.756510 0.600463 0.034896 0.041667
0 0.607552 0.574074 0.032813 0.035185
0 0.927083 0.647685 0.022917 0.062037
0 0.436719 0.693519 0.035937 0.040741
0 0.838281 0.660185 0.034896 0.044444
0 0.725781 0.354630 0.021354 0.061111
0 0.721875 0.820833 0.018750 0.065741
0 0.806250 0.674074 0.037500 0.042593
0 0.344531 0.546296 0.032813 0.061111
0 0.570833 0.145370 0.036458 0.040741
0 0.522656 0.509722 0.035937 0.034259
0 0.527083 0.425000 0.026042 0.055556
0 0.803906 0.163426 0.028646 0.058333
0 0.178646 0.393519 0.030208 0.068519
0 0.321094 0.475463 0.021354 0.058333
0 0.411719 0.314352 0.026562 0.067593
0 0.767969 0.248148 0.033854 0.044444
0 0.386979 0.099537 0.032292 0.058333
0 0.589063 0.404630 0.033333 0.050000
0 0.043490 0.539815 0.031771 0.064815
0 0.500781 0.876389 0.023438 0.063889
0 0.548698 0.553241 0.033854 0.036111
0 0.387760 0.197222 0.035937 0.048148
0 0.784375 0.629167 0.036458 0.036111
0 0.955990 0.330556 0.029687 0.053704
0 0.576042 0.208333 0.035417 0.037037
0 0.415885 0.208796 0.032813 0.052778
0 0.268229 0.390741 0.033333 0.053704
0 0.889844 0.905093 0.032813 0.047222
0 0.653646 0.087500 0.023958 0.062037
0 0.176302 0.323611 0.038021 0.043519
0 0.704688 0.062963 0.034375 0.050000
0 0.808333 0.321759 0.025000 0.062037
0 0.518750 0.472685 0.033333 0.037963
0 0.544792 0.391667 0.028125 0.055556
0 0.135937 0.256944 0.037500 0.054630
0 0.693490 0.675000 0.019271 0.057407
0 0.660677 0.806019 0.021354 0.065741
0 0.558333 0.729167 0.036458 0.036111
0 0.437760 0.890278 0.028646 0.052778
0 0.942448 0.696296 0.023438 0.064815
0 0.876563 0.765278 0.020833 0.060185
0 0.564583 0.407407 0.023958 0.061111
0 0.749219 0.123611 0.034896 0.049074
0 0.811719 0.847222 0.030729 0.061111
0 0.806250 0.800926 0.034375 0.035185
0 0.179427 0.678704 0.025521 0.064815
0 0.326562 0.841667 0.035417 0.051852
0 0.151562 0.694907 0.021875 0.069444
0 0.140104 0.397685 0.039583 0.039815
0 0.746875 0.654167 0.035417 0.049074
0 0.864844 0.306481 0.036979 0.035185
0 0.335156 0.199074 0.040104 0.035185
0 0.666667 0.250926 0.027083 0.038889
0 0.962240 0.615278 0.033854 0.034259
0 0.793490 0.597685 0.035937 0.037963
0 0.750260 0.319444 0.031771 0.062963
0 0.714583 0.672222 0.023958 0.055556
0 0.441406 0.134259 0.034896 0.042593
0 0.033594 0.458796 0.039062 0.039815
0 0.847396 0.253704 0.035417 0.048148
0 0.480729 0.078241 0.035417 0.037963
0 0.847396 0.818519 0.037500 0.048148
0 0.882552 0.599074 0.029687 0.059259
0 0.772656 0.295370 0.033854 0.042593
0 0.375781 0.451852 0.018229 0.064815
0 0.168229 0.457407 0.039583 0.033333
0 0.410677 0.651389 0.022396 0.073148
0 0.559375 0.519907 0.034375 0.034259
0 0.553385 0.481944 0.028646 0.034259
0 0.876302 0.180093 0.039062 0.039815
0 0.455469 0.241204 0.029687 0.049074
0 0.689844 0.715741 0.033854 0.038889
0 0.345313 0.487037 0.019792 0.074074
0 0.632031 0.170370 0.034896 0.040741
0 0.442448 0.277315 0.033854 0.036111
0 0.307812 0.867130 0.027083 0.056481
0 0.888021 0.657407 0.026042 0.064815
0 0.407031 0.137500 0.035937 0.047222
0 0.787240 0.837963 0.030729 0.053704
0 0.697396 0.733796 0.038542 0.039815
0 0.101302 0.128241 0.032813 0.058333
0 0.629687 0.064815 0.031250 0.051852
0 0.620833 0.092593 0.033333 0.050000
0 0.027083 0.385648 0.026042 0.071296
0 0.742708 0.378241 0.033333 0.058333
0 0.576823 0.306481 0.033854 0.050000
0 0.810417 0.060648 0.034375 0.047222
0 0.467187 0.498148 0.018750 0.066667
0 0.828906 0.218056 0.039062 0.041667
0 0.160156 0.854167 0.038021 0.049074
0 0.241146 0.097222 0.039583 0.044444
0 0.015104 0.418981 0.029167 0.052778
0 0.297917 0.078704 0.017708 0.062963
0 0.919271 0.866204 0.033333 0.050926
0 0.467969 0.300926 0.026562 0.040741
0 0.020313 0.640741 0.026042 0.068519
0 0.804427 0.881481 0.031771 0.040741
0 0.956250 0.274074 0.033333 0.050000
0 0.012760 0.558333 0.024479 0.066667
0 0.478125 0.207870 0.032292 0.036111
0 0.891667 0.143056 0.037500 0.037963
0 0.665625 0.895370 0.034375 0.046296
0 0.463281 0.865741 0.027604 0.050000
0 0.829688 0.843981 0.020833 0.056481
0 0.725000 0.023148 0.033333 0.044444
0 0.091146 0.175926 0.039583 0.044444
0 0.534115 0.025463 0.038021 0.041667
0 0.309115 0.023148 0.033854 0.044444
0 0.938802 0.352778 0.023438 0.048148
0 0.018490 0.711574 0.024479 0.063889
0 0.821875 0.275926 0.017708 0.061111
0 0.221615 0.030556 0.033854 0.046296
0 0.084375 0.512963 0.030208 0.062963
0 0.716927 0.896296 0.039062 0.048148
0 0.081510 0.075463 0.029687 0.067593
0 0.074219 0.278704 0.039062 0.057407
0 0.134896 0.081481 0.034375 0.050000
0 0.350521 0.720833 0.019792 0.056481
0 0.771875 0.501389 0.027083 0.030556
0 0.152083 0.044907 0.031250 0.052778
0 0.638802 0.022685 0.034896 0.041667
0 0.854167 0.874074 0.036458 0.031481
0 0.550521 0.816204 0.019792 0.054630
0 0.149219 0.902778 0.032813 0.057407
0 0.873958 0.851389 0.034375 0.049074
0 0.634375 0.757407 0.019792 0.040741
0 0.198177 0.922222 0.022396 0.061111
0 0.832812 0.916204 0.035417 0.047222
0 0.616406 0.430093 0.017188 0.041667
0 0.692969 0.019907 0.024479 0.037963
0 0.901042 0.272685 0.017708 0.041667
0 0.871354 0.065741 0.018750 0.070370
0 0.611979 0.039352 0.035417 0.034259
0 0.994010 0.486111 0.011979 0.053704
0 0.969531 0.318981 0.020313 0.045370
0 0.740885 0.939815 0.035937 0.044444
0 0.153906 0.748148 0.018229 0.046296
0 0.013021 0.026389 0.025000 0.034259
0 0.344010 0.022222 0.021354 0.042593
0 0.125521 0.864815 0.023958 0.033333
0 0.007292 0.101389 0.013542 0.067593
0 0.954167 0.114815 0.026042 0.044444
0 0.677083 0.940741 0.032292 0.055556
0 0.942187 0.457407 0.017708 0.044444
0 0.154167 0.013889 0.031250 0.025926
0 0.733073 0.463889 0.020313 0.029630
0 0.584115 0.713426 0.018229 0.045370
0 0.775781 0.939815 0.035937 0.035185
0 0.107292 0.943981 0.026042 0.071296
0 0.510938 0.908333 0.031250 0.035185
0 0.850781 0.944907 0.036979 0.041667
0 0.235156 0.825926 0.033854 0.051852
0 0.754427 0.981019 0.020313 0.037963
0 0.050781 0.011111 0.036979 0.020370
0 0.475781 0.012037 0.021354 0.022222
0 0.082031 0.975463 0.038021 0.037963
0 0.948958 0.986574 0.026042 0.026852
0 0.153646 0.971759 0.028125 0.030556
0 0.077083 0.613426 0.020833 0.028704
0 0.223438 0.394444 0.023958 0.033333
0 0.927865 0.972685 0.033854 0.025000
0 0.995313 0.805556 0.009375 0.044444
0 0.985677 0.872222 0.020313 0.027778
0 0.776563 0.978241 0.031250 0.034259
0 0.792188 0.724074 0.018750 0.029630
0 0.966146 0.971296 0.017708 0.024074
0 0.323177 0.789352 0.018229 0.026852
0 0.707812 0.961111 0.040625 0.051852
0 0.090104 0.938889 0.037500 0.059259
0 0.357031 0.979167 0.045312 0.041667
