0 0.5927760416666668 0.4635462962962963 0.025953124999999962 0.06027777777777775
0 0.720703125 0.4865462962962963 0.029708333333333316 0.04877777777777778
0 0.8090833333333334 0.57075 0.034421875000000074 0.04720370370370372
0 0.6333020833333334 0.41797222222222224 0.03555208333333345 0.04598148148148145
0 0.4770520833333334 0.7825555555555556 0.029416666666666678 0.06462037037037034
0 0.720703125 0.7078981481481481 0.026854166666666637 0.055666666666666566
0 0.4045416666666667 0.4765648148148149 0.028932291666666644 0.060379629629629665
0 0.4606927083333333 0.20616666666666666 0.025666666666666654 0.06462037037037038
0 0.5092760416666666 0.3342037037037037 0.025802083333333316 0.06526851851851853
0 0.460203125 0.38628703703703704 0.035276041666666674 0.05351851851851848
0 0.5581041666666666 0.3669722222222222 0.0323489583333334 0.04912962962962968
0 0.5092760416666666 0.5603333333333333 0.026505208333333384 0.0544444444444444
0 0.30859375 0.4882777777777778 0.022630208333333356 0.059731481481481476
0 0.388671875 0.7135462962962963 0.029312499999999984 0.058592592592592564
0 0.214234375 0.4173148148148148 0.025510416666666678 0.06900925925925923
0 0.5112291666666666 0.4587685185185185 0.023697916666666666 0.06526851851851853
0 0.42065625 0.19064814814814815 0.020250000000000056 0.06462037037037038
0 0.16113541666666667 0.4392407407407407 0.03192187499999998 0.06412962962962962
0 0.9086927083333334 0.6210925925925925 0.03228645833333322 0.05150925925925936
0 0.6875 0.3506944444444444 0.02571354166666661 0.06152777777777782
0 0.5278333333333334 0.8090277777777778 0.029588541666666638 0.053416666666666716
0 0.6044947916666668 0.08181481481481481 0.019057291666666743 0.06879629629629629
0 0.771484375 0.4973981481481482 0.022369791666666573 0.058268518518518525
0 0.6845729166666668 0.4279537037037037 0.030958333333333362 0.051212962962963016
0 0.4370104166666666 0.31033333333333335 0.031614583333333356 0.05962037037037036
0 0.7094739583333334 0.39149074074074075 0.03628645833333337 0.041018518518518475
0 0.9638697916666668 0.3361574074074074 0.02194270833333339 0.06646296296296293
0 0.49121354166666664 0.5164907407407406 0.019562499999999972 0.06813888888888882
0 0.87890625 0.3654537037037037 0.03033333333333322 0.05319444444444449
0 0.196046875 0.3930092592592592 0.019609374999999988 0.06624074074074071
0 0.6196302083333334 0.6032962962962962 0.025510416666666678 0.05935185185185177
0 0.5268541666666666 0.20941666666666667 0.025953124999999962 0.061416666666666654
0 0.5043958333333334 0.7473981481481482 0.02844270833333328 0.055990740740740765
0 0.32934375 0.4600740740740741 0.019166666666666644 0.0686296296296297
0 0.884765625 0.6393240740740741 0.026807291666666563 0.061685185185185086
0 0.51953125 0.5047777777777778 0.026963541666666656 0.05826851851851858
0 0.5849635416666668 0.6445277777777778 0.025270833333333322 0.06152777777777782
0 0.6118177083333334 0.7621574074074075 0.03768750000000007 0.03878703703703713
0 0.7036145833333334 0.5946203703703704 0.02517708333333341 0.06477777777777781
0 0.5366197916666666 0.09722222222222222 0.030104166666666703 0.05400925925925924
0 0.371828125 0.4609351851851851 0.03955208333333336 0.040694444444444436
0 0.548828125 0.5763888888888888 0.028703125000000065 0.05555555555555555
0 0.327390625 0.24783333333333335 0.032838541666666644 0.05311111111111112
0 0.2443854166666667 0.4027777777777778 0.01998958333333333 0.06559259259259262
0 0.4475104166666667 0.4626759259259259 0.027223958333333322 0.0573981481481481
0 0.4943854166666667 0.6744814814814816 0.03768749999999995 0.039685185185185094
0 0.73828125 0.1231574074074074 0.01854166666666662 0.05536111111111112
0 0.8901354166666666 0.4138425925925926 0.03283854166666676 0.04416666666666671
0 0.8178697916666666 0.18837037037037035 0.019791666666666666 0.06037962962962961
0 0.68359375 0.7322037037037037 0.033140625000000055 0.038055555555555474
0 0.8515625 0.8255185185185184 0.02635416666666662 0.058703703703703786
0 0.5346666666666666 0.625 0.034182291666666725 0.045351851851851865
0 0.426515625 0.676212962962963 0.03390624999999995 0.04912962962962958
0 0.521484375 0.25781481481481483 0.03302083333333338 0.05496296296296298
0 0.8559583333333334 0.5217037037037038 0.02964583333333337 0.035722222222222155
0 0.900390625 0.4947962962962963 0.029984375000000084 0.0551481481481481
0 0.7563489583333334 0.07855555555555556 0.018234375000000115 0.058916666666666666
0 0.3745104166666666 0.09868518518518518 0.023239583333333275 0.06352777777777777
0 0.3046875 0.17556481481481484 0.026109375000000056 0.06005555555555557
0 0.5424791666666666 0.4453148148148149 0.024843749999999963 0.06369444444444447
0 0.378171875 0.4010462962962963 0.039796875000000044 0.049046296296296324
0 0.7109375 0.3361574074074074 0.01998958333333339 0.06233333333333338
0 0.383546875 0.34375 0.030276041666666722 0.06955555555555556
0 0.810546875 0.6106759259259259 0.026609375000000077 0.05392592592592593
0 0.8330104166666668 0.4409722222222222 0.025083333333333256 0.0654814814814815
0 0.7387708333333334 0.556425925925926 0.027739583333333446 0.06271296296296298
0 0.5522447916666666 0.2968796296296296 0.024140624999999954 0.06526851851851853
0 0.8525416666666668 0.14203703703703704 0.021578124999999913 0.05707407407407406
0 0.3576666666666667 0.42448148148148146 0.03860416666666661 0.03656481481481482
0 0.9326197916666668 0.42448148148148146 0.026458333333333427 0.06179629629629631
0 0.4018541666666666 0.26193518518518516 0.018723958333333356 0.06982407407407404
0 0.3630364583333333 0.5221388888888888 0.017578125 0.06488888888888882
0 0.888671875 0.713111111111111 0.023286458333333353 0.058592592592592564
0 0.2622083333333333 0.3611111111111111 0.03210416666666666 0.04885185185185184
0 0.5649427083333334 0.8142407407407407 0.024703124999999916 0.06412962962962962
0 0.8500989583333334 0.19780555555555554 0.02263020833333324 0.06412962962962962
0 0.37011979166666664 0.6766481481481481 0.022109375000000025 0.06798148148148155
0 0.8237291666666666 0.33181481481481484 0.031984374999999926 0.05870370370370368
0 0.578125 0.19878703703703704 0.032411458333333344 0.053712962962962955
0 0.147828125 0.7486944444444444 0.03671354166666667 0.04950925925925929
0 0.9448229166666666 0.3400648148148148 0.020291666666666687 0.058481481481481454
0 0.7275416666666668 0.33463888888888893 0.02052083333333338 0.06076851851851851
0 0.3647447916666666 0.15700925925925927 0.024703125000000034 0.05935185185185187
0 0.560546875 0.14539814814814814 0.03283854166666676 0.049962962962962945
0 0.14172395833333334 0.1912962962962963 0.032411458333333344 0.05240740740740743
0 0.951171875 0.4913240740740741 0.03423958333333322 0.05496296296296292
0 0.75390625 0.8776018518518518 0.027437499999999913 0.06369444444444441
0 0.841796875 0.40712037037037035 0.037109375 0.05064814814814819
0 0.67578125 0.11925 0.020765624999999944 0.06119444444444443
0 0.7788072916666666 0.20789814814814814 0.019088541666666715 0.062231481481481464
0 0.5415052083333334 0.5451388888888888 0.03515625 0.03976851851851856
0 0.431640625 0.09705555555555555 0.019010416666666665 0.06851851851851852
0 0.5444322916666666 0.7539074074074075 0.02017187500000001 0.06401851851851861
0 0.401609375 0.8967037037037038 0.02844270833333328 0.05962037037037046
0 0.8686510416666666 0.3038240740740741 0.03390624999999995 0.03916666666666663
0 0.8002916666666666 0.82075 0.03781249999999995 0.03662037037037033
0 0.20886458333333333 0.477 0.030380208333333356 0.04180555555555559
0 0.4860833333333333 0.15158333333333335 0.01964062500000002 0.06737962962962961
0 0.186890625 0.7278611111111112 0.03582812499999998 0.03559259259259264
0 0.18152083333333333 0.26193518518518516 0.033265625 0.0625
0 0.8481458333333334 0.7691018518518519 0.022677083333333313 0.05576851851851854
0 0.5869166666666668 0.7144074074074074 0.02049479166666662 0.05007407407407401
0 0.3435052083333333 0.5065092592592593 0.021406249999999953 0.07346296296296294
0 0.828125 0.2330740740740741 0.022109374999999907 0.06320370370370372
0 0.22106770833333333 0.7881944444444444 0.037687500000000006 0.043425925925926014
0 0.771484375 0.6922777777777778 0.026916666666666582 0.04961111111111104
0 0.416015625 0.57075 0.033083333333333326 0.03361111111111107
0 0.568359375 0.4242592592592592 0.017104166666666743 0.06087037037037038
0 0.8071302083333334 0.2495648148148148 0.023999999999999962 0.0635277777777778
0 0.9829114583333334 0.4995648148148148 0.027588541666666563 0.057296296296296345
0 0.9267604166666668 0.8003518518518519 0.021744791666666666 0.06049074074074067
0 0.935546875 0.5073796296296297 0.030562499999999916 0.05783333333333337
0 0.22949479166666667 0.3496111111111111 0.03515625 0.04720370370370372
0 0.33301041666666664 0.2773425925925926 0.029250000000000043 0.05566666666666667
0 0.8168958333333334 0.11241666666666666 0.026854166666666637 0.05620370370370369
0 0.4802239583333333 0.8914907407407406 0.03390624999999995 0.05121296296296291
0 0.7387708333333334 0.2847222222222222 0.026609375000000077 0.05496296296296298
0 0.5864270833333334 0.8285555555555556 0.020250000000000056 0.06673148148148142
0 0.23156770833333334 0.4544259259259259 0.025328124999999996 0.0629351851851852
0 0.5610364583333334 0.4848055555555556 0.017911458333333265 0.06179629629629631
0 0.05261458333333333 0.42968518518518517 0.028593750000000005 0.06179629629629631
0 0.34765625 0.8914907407407406 0.030671875000000053 0.05642592592592598
0 0.14794791666666668 0.25607407407407407 0.03384375000000001 0.04335185185185187
0 0.9721666666666666 0.7178796296296296 0.029416666666666678 0.06575925925925924
0 0.5532239583333334 0.6527777777777778 0.03677604166666673 0.03684259259259256
0 0.9248072916666668 0.7152777777777778 0.023999999999999962 0.061907407407407314
0 0.7485364583333334 0.744361111111111 0.023958333333333335 0.06342592592592593
0 0.9033229166666668 0.2534722222222222 0.025619791666666693 0.057509259259259274
0 0.9223645833333334 0.26649074074074075 0.017911458333333265 0.06179629629629631
0 0.2517083333333333 0.6453981481481481 0.023374999999999996 0.06965740740740742
0 0.7900416666666668 0.90625 0.02947916666666662 0.04988888888888899
0 0.85546875 0.060870370370370366 0.03143229166666662 0.05112962962962963
0 0.9663072916666666 0.78125 0.021651041666666752 0.057398148148148156
0 0.9116197916666666 0.315537037037037 0.022463541666666722 0.0640185185185185
0 0.7153333333333334 0.20442592592592593 0.03494270833333341 0.04562962962962966
0 0.406984375 0.7430555555555556 0.019166666666666644 0.06965740740740742
0 0.15539583333333334 0.6948796296296297 0.034609375000000026 0.056962962962962944
0 0.4897447916666666 0.04326851851851852 0.02854687499999997 0.05452777777777778
0 0.765625 0.2899351851851852 0.026656249999999916 0.04676851851851851
0 0.28222916666666664 0.6636296296296297 0.037901041666666656 0.03399074074074077
0 0.5546875 0.2190740740740741 0.03500520833333335 0.041555555555555575
0 0.8286145833333334 0.05924074074074074 0.031369791666666674 0.05891666666666667
0 0.7705104166666668 0.6215277777777778 0.031020833333333307 0.05555555555555555
0 0.9135729166666666 0.16569444444444442 0.034421875000000074 0.05270370370370372
0 0.9194322916666666 0.5299444444444444 0.024140624999999954 0.05837962962962959
0 0.9555677083333334 0.2192962962962963 0.03277604166666658 0.061527777777777765
0 0.9360364583333334 0.15646296296296294 0.031083333333333248 0.06119444444444442
0 0.6508802083333334 0.8311666666666666 0.019562499999999972 0.06927777777777772
0 0.86328125 0.6992222222222222 0.028276041666666647 0.0614166666666666
0 0.315671875 0.0974351851851852 0.029145833333333353 0.05951851851851852
0 0.4165052083333334 0.5217037037037038 0.019380208333333353 0.058592592592592564
0 0.7275416666666668 0.24891666666666665 0.03454687499999996 0.04242592592592594
0 0.8930677083333334 0.10742592592592592 0.025328125000000055 0.06836111111111112
0 0.107421875 0.713111111111111 0.03643749999999999 0.05620370370370375
0 0.8540052083333334 0.10128703703703704 0.03726041666666665 0.03735185185185186
0 0.6333020833333334 0.05037037037037037 0.03460937499999991 0.046685185185185184
0 0.7661145833333334 0.8194444444444444 0.028593750000000046 0.060379629629629665
0 0.6484375 0.8993055555555556 0.017911458333333265 0.05837962962962959
0 0.4606927083333333 0.054120370370370374 0.018124999999999978 0.056861111111111105
0 0.7709947916666666 0.8854166666666666 0.021239583333333437 0.06813888888888882
0 0.708984375 0.6471388888888888 0.033322916666666674 0.03149074074074073
0 0.47558854166666664 0.0965185185185185 0.03540104166666668 0.044324074074074064
0 0.8642604166666668 0.7317685185185184 0.03277604166666658 0.044675925925925924
0 0.057708333333333334 0.551212962962963 0.04428125000000001 0.053712962962962955
0 0.03482291666666667 0.8159722222222222 0.03295833333333333 0.06684259259259265
0 0.8291041666666668 0.9097222222222222 0.0390625 0.03895370370370364
0 0.07977083333333333 0.14496296296296296 0.03372395833333333 0.04375925925925925
0 0.17423958333333334 0.3166296296296296 0.016291666666666652 0.051222222222222266
0 0.9809583333333334 0.8654537037037038 0.03726041666666665 0.04416666666666671
0 0.9282239583333334 0.7578148148148148 0.028869791666666582 0.041314814814814714
0 0.05603125 0.6731759259259259 0.025374999999999998 0.0614166666666666
0 0.45190625 0.8871574074074075 0.03234895833333328 0.05281481481481478
0 0.9702135416666666 0.08686111111111111 0.03277604166666658 0.050564814814814826
0 0.3828125 0.05075 0.017989583333333316 0.06673148148148147
0 0.9155260416666666 0.07075 0.03817708333333343 0.03198148148148147
0 0.025911458333333335 0.5008703703703704 0.030276041666666663 0.037055555555555536
0 0.7392604166666668 0.8541666666666666 0.027906249999999962 0.06331481481481492
0 0.7797864583333334 0.7578148148148148 0.02120833333333323 0.06152777777777782
0 0.33984375 0.39410185185185187 0.030624999999999975 0.03247222222222227
0 0.619140625 0.6953148148148148 0.019380208333333353 0.04038888888888879
0 0.9829114583333334 0.9305555555555556 0.028276041666666647 0.05935185185185177
0 0.13379166666666667 0.14203703703703704 0.03732291666666665 0.044592592592592614
0 0.2502447916666667 0.16774999999999998 0.02017187500000001 0.06662037037037036
0 0.3928229166666667 0.9696203703703704 0.025557291666666634 0.05805555555555549
0 0.5244166666666666 0.389537037037037 0.021333333333333294 0.04475925925925929
0 0.12597916666666667 0.08398148148148149 0.04016145833333334 0.03719444444444443
0 0.02685416666666667 0.869361111111111 0.03430208333333334 0.049425925925926026
0 0.2612291666666667 0.8628518518518519 0.026854166666666696 0.06152777777777782
0 0.1916510416666667 0.09407407407407407 0.02908333333333335 0.04114814814814815
0 0.30761979166666664 0.7934074074074075 0.04052604166666664 0.03431481481481476
0 0.03222916666666667 0.8967037037037038 0.03802604166666667 0.049962962962962994
0 0.5893541666666666 0.36784259259259255 0.018510416666666647 0.044592592592592566
0 0.23583854166666668 0.8255185185185184 0.03372395833333333 0.05045370370370371
0 0.5424791666666666 0.9392407407407407 0.03430208333333334 0.04543518518518513
0 0.023026041666666667 0.13389814814814816 0.03594791666666666 0.07221296296296296
0 0.1545416666666667 0.5668425925925926 0.026656249999999975 0.038712962962962914
0 0.449953125 0.9730925925925926 0.03582812499999998 0.0323333333333334
0 0.8369166666666668 0.7052962962962963 0.018510416666666647 0.028046296296296264
0 0.3588854166666666 0.974824074074074 0.031557291666666626 0.03749074074074054
0 0.96484375 0.8967037037037038 0.039124999999999945 0.03895370370370364
0 0.007723958333333333 0.40646296296296297 0.014671875000000001 0.03040740740740744
0 0.11816666666666667 0.049129629629629634 0.029817708333333335 0.04877777777777778
0 0.9951562500000001 0.5503518518518519 0.009687499999999953 0.041722222222222174
0 0.04193229166666667 0.2115925925925926 0.02241666666666666 0.040935185185185165
0 0.23669270833333333 0.4995648148148148 0.03775000000000001 0.04259259259259259
0 0.047697916666666666 0.9131944444444444 0.027375 0.06684259259259265
0 0.7641614583333334 0.9539907407407406 0.04068229166666673 0.06390740740740739
0 0.12866145833333334 0.573787037037037 0.029145833333333322 0.025388888888888957
0 0.4123541666666667 0.9730925925925926 0.028062500000000056 0.04492592592592591
0 0.5372812499999999 0.9710648148148148 0.03155729166666668 0.04424074074074093
0 0.8994166666666668 0.9409722222222222 0.03366145833333339 0.050564814814814826
0 0.99453125 0.4388888888888889 0.0109375 0.02962962962962963
0 0.6469739583333334 0.9765648148148148 0.023729166666666638 0.04443518518518498
0 0.9026041666666667 0.9791666666666666 0.029166666666666667 0.041666666666666664
0 0.249265625 0.7647592592592594 0.020645833333333325 0.04014814814814806
0 0.009375 0.9505185185185184 0.01833854166666667 0.07194444444444438
0 0.87109375 0.9756944444444444 0.024656250000000077 0.04451851851851845
0 0.080078125 0.9789537037037037 0.03942708333333333 0.04208333333333317
0 0.9765625 0.9774351851851852 0.03802604166666678 0.037055555555555536
0 0.318359375 0.9774351851851852 0.03781249999999995 0.03452777777777775
0 0.767578125 0.012555555555555556 0.015776041666666647 0.02451851851851852
0 0.6806666666666668 0.9053796296296296 0.017182291666666554 0.028268518518518495
0 0.10394270833333333 0.9513888888888888 0.036989583333333326 0.051916666666666715
0 0.24963541666666667 0.525175925925926 0.018723958333333356 0.04391666666666673
0 0.492 0.20285185185185187 0.034916666666666644 0.034796296296296284
0 0.49649479166666666 0.12051851851851851 0.028885416666666684 0.05578703703703704
0 0.5317395833333334 0.03805555555555556 0.012624999999999945 0.025
0 0.5307760416666666 0.14950925925925926 0.03328124999999999 0.04722222222222222
0 0.6068854166666667 0.21567592592592594 0.02430208333333326 0.06004629629629632
0 0.6401666666666667 0.20192592592592593 0.03891145833333335 0.046796296296296315
0 0.6428645833333333 0.2416111111111111 0.028744791666666696 0.059962962962962954
0 0.6063854166666667 0.28511111111111115 0.032942708333333334 0.06185185185185181
0 0.6305208333333333 0.3365092592592593 0.030796875000000057 0.03850000000000004
0 0.6312864583333333 0.30060185185185184 0.034713541666666715 0.05327777777777774
0 0.6689791666666667 0.2845185185185185 0.03695833333333335 0.04425925925925922
0 0.6922083333333333 0.2501851851851852 0.03203645833333345 0.04077777777777777
0 0.6403802083333333 0.12250925925925926 0.018906250000000093 0.057907407407407414
0 0.6610312500000001 0.14118518518518516 0.022489583333333247 0.0647037037037037
0 0.6865729166666666 0.1628703703703704 0.030130208333333287 0.062074074074074094
0 0.7710364583333333 0.24691666666666667 0.0225833333333334 0.03831481481481481
0 0.609796875 0.3798888888888889 0.023729166666666638 0.06524074074074078
0 0.6867656249999999 0.30064814814814816 0.016088541666666602 0.0334907407407407
0 0.47765625 0.9379166666666667 0.033994791666666656 0.026879629629629708
0 0.48946354166666667 0.962212962962963 0.039427083333333356 0.028046296296296264
0 0.505859375 0.9401018518518518 0.03423958333333334 0.05150925925925936
0 0.9350572916666666 0.9661481481481482 0.03283854166666676 0.0139999999999999
0 0.9912708333333333 0.5041018518518519 0.016421875000000103 0.03265740740740739
0 0.2580572916666667 0.9639814814814814 0.024885416666666653 0.013111111111110976
0 0.10174479166666667 0.9875 0.03228645833333334 0.025
0 0.19013020833333333 0.3136203703703703 0.016234374999999978 0.05643518518518523
0 0.3498541666666667 0.10037037037037037 0.012192708333333377 0.022703703703703712
0 0.4157708333333333 0.10112037037037036 0.013791666666666676 0.024333333333333335
0 0.9961822916666667 0.7987037037037037 0.00763020833333338 0.0676111111111111
0 0.6979375 0.9716574074074075 0.02506770833333339 0.021083333333333315
0 0.004427083333333333 0.18843518518518518 0.00884895833333333 0.055879629629629654
0 0.9892604166666668 0.008138888888888888 0.016843750000000077 0.01626851851851852