0 0.418229 0.381944 0.025000 0.060185
0 0.634635 0.458796 0.025521 0.062037
0 0.628646 0.532407 0.026042 0.062963
0 0.474740 0.139352 0.021354 0.069444
0 0.168229 0.236574 0.020833 0.069444
0 0.636979 0.137963 0.031250 0.053704
0 0.697917 0.501852 0.023958 0.064815
0 0.490885 0.429630 0.026562 0.061111
0 0.591927 0.630093 0.028646 0.056481
0 0.782813 0.450000 0.033333 0.051852
0 0.524740 0.073148 0.020313 0.068519
0 0.390885 0.208333 0.023438 0.064815
0 0.953385 0.417130 0.033854 0.049074
0 0.369271 0.377315 0.038542 0.036111
0 0.913021 0.182870 0.018750 0.069444
0 0.774740 0.287500 0.019271 0.063889
0 0.410156 0.124074 0.025521 0.068519
0 0.817708 0.434259 0.025000 0.064815
0 0.505729 0.337037 0.035417 0.055556
0 0.544792 0.253241 0.022917 0.065741
0 0.734635 0.213889 0.029687 0.057407
0 0.746615 0.639815 0.030729 0.051852
0 0.802604 0.328704 0.021875 0.064815
0 0.790625 0.311574 0.020833 0.060185
0 0.624219 0.065278 0.019271 0.060185
0 0.708333 0.263426 0.030208 0.054630
0 0.450000 0.196296 0.019792 0.064815
0 0.485417 0.561111 0.028125 0.059259
0 0.170052 0.343981 0.035937 0.065741
0 0.275781 0.154167 0.025521 0.069444
0 0.757812 0.234259 0.022917 0.062963
0 0.436198 0.592130 0.022396 0.062037
0 0.278385 0.382407 0.031771 0.053704
0 0.689844 0.534259 0.034896 0.053704
0 0.545312 0.331019 0.019792 0.067593
0 0.352865 0.552315 0.031771 0.052778
0 0.802083 0.158333 0.021875 0.066667
0 0.580208 0.256019 0.030208 0.056481
0 0.855208 0.518519 0.030208 0.037037
0 0.586719 0.308333 0.030729 0.059259
0 0.370573 0.072685 0.025521 0.065741
0 0.631510 0.377778 0.019271 0.062963
0 0.577865 0.770370 0.032813 0.050000
0 0.675521 0.639352 0.022917 0.060185
0 0.778646 0.117593 0.023958 0.059259
0 0.724479 0.564352 0.021875 0.069444
0 0.384635 0.123148 0.029687 0.059259
0 0.811979 0.381481 0.029167 0.062963
0 0.368750 0.475000 0.027083 0.061111
0 0.367969 0.633796 0.020313 0.065741
0 0.521354 0.137963 0.021875 0.064815
0 0.799219 0.612963 0.033854 0.044444
0 0.498958 0.124537 0.022917 0.067593
0 0.412240 0.313426 0.028646 0.063889
0 0.823958 0.271759 0.022917 0.069444
0 0.852344 0.162500 0.030729 0.050926
0 0.202865 0.122685 0.033854 0.050926
0 0.483073 0.471296 0.030729 0.048148
0 0.673177 0.138889 0.030729 0.055556
0 0.283333 0.643056 0.031250 0.062037
0 0.353385 0.418981 0.038021 0.034259
0 0.874740 0.363426 0.019271 0.065741
0 0.853385 0.206481 0.031771 0.055556
0 0.404687 0.260648 0.032292 0.047222
0 0.911979 0.592130 0.019792 0.065741
0 0.402344 0.535648 0.022396 0.063889
0 0.436198 0.144444 0.031771 0.053704
0 0.920052 0.351389 0.034896 0.054630
0 0.679427 0.254167 0.028646 0.058333
0 0.581771 0.492593 0.033333 0.033333
0 0.889323 0.559722 0.027604 0.054630
0 0.473177 0.067593 0.032813 0.046296
0 0.136198 0.282407 0.038021 0.038889
0 0.335677 0.164352 0.033854 0.063889
0 0.308073 0.486574 0.021354 0.065741
0 0.874740 0.430556 0.026562 0.068519
0 0.257552 0.122685 0.023438 0.069444
0 0.946354 0.530093 0.019792 0.063889
0 0.641406 0.637037 0.029687 0.046296
0 0.203125 0.288426 0.031250 0.056481
0 0.309375 0.639352 0.026042 0.063889
0 0.739062 0.323148 0.022917 0.062963
0 0.603646 0.429167 0.027083 0.060185
0 0.657813 0.600000 0.027083 0.059259
0 0.190885 0.259722 0.033854 0.058333
0 0.277344 0.087963 0.029687 0.057407
0 0.608073 0.355093 0.019271 0.067593
0 0.496354 0.200463 0.033333 0.049074
0 0.932292 0.686111 0.019792 0.064815
0 0.807813 0.504630 0.038542 0.033333
0 0.838542 0.887500 0.031250 0.056481
0 0.896875 0.690278 0.033333 0.045370
0 0.696094 0.371759 0.034896 0.034259
0 0.316146 0.293981 0.034375 0.058333
0 0.623177 0.115741 0.031771 0.040741
0 0.714583 0.815741 0.034375 0.038889
0 0.410938 0.647222 0.036458 0.050000
0 0.692708 0.676389 0.019792 0.062037
0 0.658073 0.704630 0.018229 0.062963
0 0.921875 0.280556 0.023958 0.061111
0 0.861198 0.350000 0.022396 0.066667
0 0.196615 0.205093 0.039062 0.039815
0 0.567187 0.672222 0.026042 0.070370
0 0.694010 0.148148 0.019271 0.061111
0 0.654167 0.034722 0.021875 0.056481
0 0.855990 0.093056 0.024479 0.060185
0 0.340365 0.076389 0.035937 0.047222
0 0.800000 0.681019 0.023958 0.063889
0 0.873437 0.269444 0.019792 0.055556
0 0.828906 0.907407 0.030729 0.053704
0 0.812240 0.815741 0.024479 0.059259
0 0.743490 0.696759 0.032813 0.052778
0 0.522656 0.807870 0.036979 0.045370
0 0.478906 0.038426 0.036979 0.037963
0 0.174479 0.551852 0.023958 0.066667
0 0.479167 0.515741 0.036458 0.035185
0 0.480469 0.294907 0.035937 0.032407
0 0.679948 0.097222 0.033854 0.038889
0 0.955208 0.145833 0.025000 0.062037
0 0.250000 0.648148 0.022917 0.066667
0 0.899219 0.289815 0.027604 0.061111
0 0.347396 0.485648 0.023958 0.075000
0 0.846094 0.822685 0.034896 0.036111
0 0.206250 0.337500 0.026042 0.054630
0 0.421875 0.689815 0.023958 0.070370
0 0.752604 0.740741 0.039583 0.048148
0 0.310937 0.557870 0.034375 0.045370
0 0.190104 0.586111 0.032292 0.072222
0 0.909635 0.856944 0.026562 0.056481
0 0.544271 0.481481 0.034375 0.035185
0 0.971875 0.284722 0.036458 0.049074
0 0.345052 0.596759 0.033854 0.036111
0 0.392708 0.618056 0.020833 0.060185
0 0.448437 0.512500 0.027083 0.047222
0 0.954948 0.752315 0.035937 0.032407
0 0.784896 0.859722 0.036458 0.034259
0 0.438021 0.261574 0.022917 0.045370
0 0.774740 0.720370 0.023438 0.055556
0 0.733073 0.754167 0.032813 0.045370
0 0.570573 0.032407 0.035937 0.044444
0 0.749740 0.847222 0.034896 0.048148
0 0.871094 0.066667 0.019271 0.070370
0 0.442188 0.741667 0.022917 0.066667
0 0.750781 0.792593 0.038021 0.035185
0 0.479167 0.217593 0.036458 0.038889
0 0.889844 0.493519 0.026562 0.059259
0 0.735938 0.272222 0.030208 0.042593
0 0.686198 0.830093 0.024479 0.058333
0 0.828646 0.733333 0.028125 0.046296
0 0.966406 0.609722 0.041146 0.056481
0 0.237500 0.096296 0.038542 0.042593
0 0.571094 0.429167 0.028646 0.058333
0 0.341667 0.030093 0.039583 0.047222
0 0.155990 0.469907 0.041146 0.039815
0 0.795573 0.228704 0.025521 0.042593
0 0.195833 0.671296 0.036458 0.042593
0 0.815625 0.939815 0.034375 0.048148
0 0.902083 0.526852 0.036458 0.042593
0 0.839063 0.373148 0.032292 0.038889
0 0.856771 0.746759 0.033333 0.034259
0 0.575521 0.203241 0.016667 0.047222
0 0.790885 0.894444 0.039062 0.037037
0 0.982812 0.818519 0.034375 0.037037
0 0.951562 0.872685 0.030208 0.049074
0 0.237500 0.581019 0.039583 0.050926
0 0.966406 0.848148 0.033854 0.042593
0 0.833073 0.101852 0.038021 0.038889
0 0.721875 0.026389 0.028125 0.050926
0 0.505990 0.016204 0.035937 0.030556
0 0.900000 0.759722 0.020833 0.058333
0 0.527083 0.858333 0.035417 0.037037
0 0.499740 0.891204 0.024479 0.069444
0 0.486458 0.798148 0.036458 0.061111
0 0.125000 0.505556 0.022917 0.057407
0 0.012240 0.565741 0.023438 0.055556
0 0.975781 0.137500 0.028646 0.062037
0 0.012240 0.440741 0.023438 0.055556
0 0.125260 0.450463 0.025521 0.060185
0 0.140885 0.660648 0.028646 0.062037
0 0.261979 0.235185 0.037500 0.055556
0 0.221615 0.383796 0.022396 0.047222
0 0.631771 0.884259 0.037500 0.046296
0 0.469792 0.867130 0.022917 0.060185
0 0.658854 0.866667 0.033333 0.038889
0 0.559115 0.816204 0.033854 0.039815
0 0.322656 0.699537 0.025521 0.060185
0 0.589583 0.718056 0.027083 0.043519
0 0.988021 0.486574 0.022917 0.041667
0 0.877604 0.755556 0.028125 0.046296
0 0.326823 0.017130 0.033854 0.032407
0 0.151042 0.693981 0.021875 0.071296
0 0.304948 0.074074 0.034896 0.044444
0 0.153125 0.896296 0.040625 0.057407
0 0.125781 0.059722 0.036979 0.050926
0 0.059115 0.263426 0.036979 0.036111
0 0.633854 0.758333 0.020833 0.040741
0 0.766927 0.947685 0.035937 0.054630
0 0.792708 0.943981 0.029167 0.052778
0 0.994792 0.308796 0.010417 0.062037
0 0.014844 0.177778 0.028646 0.035185
0 0.974219 0.931019 0.034896 0.039815
0 0.346875 0.109259 0.017708 0.042593
0 0.082812 0.078704 0.019792 0.074074
0 0.918229 0.932407 0.031250 0.027778
0 0.887240 0.909259 0.027604 0.057407
0 0.310677 0.843056 0.021354 0.073148
0 0.623698 0.011111 0.028646 0.020370
0 0.053646 0.769907 0.042708 0.060185
0 0.025781 0.230093 0.023438 0.043519
0 0.046094 0.663426 0.030729 0.067593
0 0.010937 0.276852 0.020833 0.040741
0 0.201042 0.899537 0.044792 0.036111
0 0.719010 0.925000 0.030729 0.059259
0 0.187500 0.796759 0.043750 0.056481
0 0.663802 0.334259 0.017188 0.029630
0 0.904687 0.900463 0.031250 0.036111
0 0.309115 0.112037 0.019271 0.037037
0 0.234635 0.822222 0.032813 0.057407
0 0.770573 0.012037 0.023438 0.022222
0 0.256510 0.783333 0.032813 0.068519
0 0.473438 0.668519 0.019792 0.037037
0 0.778125 0.551852 0.016667 0.040741
0 0.564063 0.931481 0.035417 0.035185
0 0.559375 0.880093 0.021875 0.047222
0 0.247396 0.918981 0.033333 0.062037
0 0.957292 0.975926 0.036458 0.033333
0 0.121354 0.926389 0.035417 0.034259
0 0.505469 0.933333 0.024479 0.038889
0 0.237500 0.943981 0.021875 0.065741
0 0.182812 0.857407 0.025000 0.048148
0 0.117188 0.883333 0.028125 0.068519
0 0.159896 0.950926 0.025000 0.072222
0 0.371094 0.941204 0.025521 0.062037
0 0.189583 0.952778 0.036458 0.055556
0 0.322135 0.929167 0.035937 0.050926
0 0.354948 0.978704 0.032813 0.042593
0 0.515104 0.415278 0.035417 0.041667
0 0.515104 0.465278 0.028125 0.063889
0 0.533854 0.389815 0.028125 0.057407
0 0.554948 0.400000 0.026562 0.068519
0 0.530990 0.268519 0.024479 0.051852
0 0.066927 0.007870 0.017188 0.013889
0 0.265885 0.970833 0.027604 0.045370
0 0.134635 0.979167 0.031771 0.041667
0 0.396875 0.874074 0.028125 0.035185
0 0.578906 0.965278 0.036979 0.047222
0 0.679948 0.905093 0.013021 0.025000
0 0.395833 0.900926 0.018750 0.035185
0 0.762240 0.817593 0.041146 0.033333
0 0.912500 0.473611 0.017708 0.034259
0 0.988802 0.181019 0.021354 0.032407
0 0.775260 0.188889 0.030729 0.059259
0 0.653906 0.083796 0.023438 0.063889
0 0.536719 0.015741 0.022396 0.029630
0 0.584896 0.436574 0.025000 0.060185
0 0.375781 0.012963 0.025521 0.024074
0 0.989062 0.874537 0.020833 0.058333
0 0.396094 0.901389 0.019271 0.036111
