0 0.615104 0.368056 0.026042 0.056481
0 0.594531 0.313426 0.023438 0.063889
0 0.681510 0.544444 0.023438 0.061111
0 0.565104 0.643056 0.025000 0.060185
0 0.648698 0.407407 0.026562 0.061111
0 0.555208 0.475000 0.030208 0.053704
0 0.620833 0.428704 0.028125 0.051852
0 0.655990 0.504630 0.020313 0.064815
0 0.460677 0.119444 0.027604 0.066667
0 0.874219 0.662963 0.031771 0.055556
0 0.914583 0.554630 0.029167 0.064815
0 0.874219 0.360648 0.028646 0.058333
0 0.624740 0.576852 0.032813 0.051852
0 0.504687 0.265278 0.033333 0.043519
0 0.605208 0.801389 0.031250 0.052778
0 0.679427 0.460185 0.034896 0.038889
0 0.247917 0.645833 0.022917 0.067593
0 0.342969 0.786574 0.034896 0.054630
0 0.371875 0.507870 0.025000 0.063889
0 0.881510 0.511111 0.035937 0.046296
0 0.301042 0.613426 0.023958 0.067593
0 0.541667 0.303241 0.028125 0.054630
0 0.845833 0.726852 0.029167 0.064815
0 0.951302 0.686574 0.033854 0.049074
0 0.380990 0.848611 0.030729 0.050926
0 0.590104 0.612500 0.033333 0.045370
0 0.358073 0.556019 0.033854 0.058333
0 0.697917 0.418519 0.033333 0.046296
0 0.833073 0.485185 0.027604 0.064815
0 0.708333 0.518519 0.023958 0.068519
0 0.233594 0.255093 0.030729 0.058333
0 0.496875 0.106944 0.027083 0.060185
0 0.359635 0.599537 0.035937 0.043519
0 0.184115 0.178704 0.026562 0.062963
0 0.612500 0.180093 0.017708 0.060185
0 0.784896 0.224074 0.018750 0.064815
0 0.754167 0.406481 0.038542 0.044444
0 0.398698 0.202778 0.018229 0.074074
0 0.860677 0.146296 0.020313 0.057407
0 0.621615 0.476389 0.021354 0.060185
0 0.308073 0.435185 0.028646 0.062963
0 0.626823 0.325000 0.019271 0.066667
0 0.368229 0.157870 0.020833 0.063889
0 0.293490 0.468981 0.034896 0.052778
0 0.181510 0.384722 0.027604 0.065741
0 0.752604 0.606944 0.019792 0.063889
0 0.707812 0.278704 0.021875 0.059259
0 0.755990 0.200000 0.029687 0.051852
0 0.821354 0.455093 0.027083 0.056481
0 0.846875 0.824537 0.031250 0.045370
0 0.802344 0.215741 0.019271 0.061111
0 0.251042 0.160648 0.023958 0.067593
0 0.276562 0.555556 0.019792 0.061111
0 0.688281 0.091667 0.020313 0.057407
0 0.549740 0.165278 0.022396 0.065741
0 0.380208 0.049537 0.022917 0.067593
0 0.246094 0.366204 0.030729 0.056481
0 0.405990 0.523148 0.023438 0.070370
0 0.602865 0.068056 0.019271 0.063889
0 0.807292 0.809259 0.021875 0.061111
0 0.943490 0.556944 0.035937 0.043519
0 0.526042 0.079630 0.019792 0.066667
0 0.458073 0.325463 0.034896 0.039815
0 0.925000 0.388889 0.021875 0.057407
0 0.964063 0.420833 0.022917 0.060185
0 0.453125 0.601852 0.033333 0.055556
0 0.220833 0.857870 0.034375 0.050926
0 0.217708 0.654630 0.025000 0.061111
0 0.725521 0.793056 0.029167 0.047222
0 0.487760 0.175000 0.023438 0.070370
0 0.372396 0.214352 0.036458 0.039815
0 0.846875 0.595833 0.036458 0.043519
0 0.517708 0.520370 0.025000 0.061111
0 0.685677 0.195833 0.027604 0.058333
0 0.673438 0.375463 0.032292 0.043519
0 0.541667 0.088889 0.020833 0.064815
0 0.795052 0.627315 0.029687 0.056481
0 0.353646 0.434259 0.021875 0.068519
0 0.831771 0.391204 0.036458 0.037963
0 0.801823 0.092593 0.024479 0.062963
0 0.427344 0.132870 0.017188 0.067593
0 0.891667 0.599074 0.034375 0.055556
0 0.134115 0.306944 0.032813 0.054630
0 0.483073 0.443981 0.032813 0.047222
0 0.165625 0.221759 0.027083 0.069444
0 0.759896 0.066667 0.017708 0.061111
0 0.204687 0.388426 0.036458 0.049074
0 0.356250 0.082870 0.035417 0.050926
0 0.748437 0.754630 0.025000 0.061111
0 0.658854 0.226389 0.030208 0.054630
0 0.776563 0.614815 0.018750 0.061111
0 0.724479 0.638426 0.031250 0.037963
0 0.769271 0.495370 0.021875 0.068519
0 0.196094 0.708796 0.029687 0.065741
0 0.384896 0.157870 0.018750 0.067593
0 0.660417 0.066204 0.022917 0.060185
0 0.522656 0.592593 0.031771 0.050000
0 0.489323 0.520370 0.025521 0.062963
0 0.441146 0.233796 0.026042 0.058333
0 0.841146 0.170370 0.032292 0.057407
0 0.970573 0.536111 0.023438 0.062963
0 0.526302 0.768981 0.023438 0.071296
0 0.509115 0.038889 0.027604 0.057407
0 0.716667 0.100463 0.035417 0.039815
0 0.344792 0.333796 0.037500 0.037963
0 0.952865 0.497222 0.033854 0.038889
0 0.793229 0.757870 0.039583 0.039815
0 0.263281 0.202778 0.034896 0.055556
0 0.323437 0.657870 0.041667 0.041667
0 0.334896 0.297685 0.032292 0.045370
0 0.445573 0.767593 0.022396 0.066667
0 0.271094 0.645833 0.023438 0.069444
0 0.835156 0.274537 0.032813 0.037963
0 0.470833 0.497222 0.032292 0.038889
0 0.501823 0.472222 0.036979 0.042593
0 0.766927 0.807407 0.024479 0.062963
0 0.787500 0.495370 0.017708 0.066667
0 0.939063 0.639815 0.030208 0.044444
0 0.082292 0.573148 0.032292 0.062963
0 0.967969 0.735185 0.032813 0.051852
0 0.921094 0.736111 0.034896 0.038889
0 0.888802 0.410185 0.032813 0.046296
0 0.906510 0.771759 0.031771 0.043519
0 0.734115 0.547685 0.020313 0.069444
0 0.889323 0.796759 0.020313 0.063889
0 0.260417 0.846759 0.034375 0.054630
0 0.763802 0.445833 0.032813 0.034259
0 0.957812 0.324537 0.028125 0.058333
0 0.772656 0.709259 0.034896 0.037037
0 0.759896 0.891667 0.025000 0.055556
0 0.930208 0.769444 0.029167 0.038889
0 0.216927 0.339352 0.034896 0.043519
0 0.154688 0.697685 0.036458 0.058333
0 0.741406 0.841204 0.019271 0.058333
0 0.852604 0.059722 0.036458 0.047222
0 0.825000 0.895370 0.034375 0.053704
0 0.922656 0.162037 0.021354 0.062963
0 0.697396 0.604167 0.019792 0.065741
0 0.402865 0.029167 0.022396 0.054630
0 0.988021 0.373611 0.022917 0.060185
0 0.140104 0.752315 0.021875 0.067593
0 0.342187 0.384722 0.027083 0.047222
0 0.316146 0.045833 0.039583 0.043519
0 0.319792 0.091667 0.038542 0.042593
0 0.917708 0.618981 0.034375 0.060185
0 0.084635 0.721759 0.035937 0.043519
0 0.980729 0.321296 0.031250 0.044444
0 0.237760 0.479167 0.024479 0.071296
0 0.613542 0.742130 0.035417 0.041667
0 0.261979 0.799074 0.033333 0.059259
0 0.137500 0.460648 0.031250 0.056481
0 0.158333 0.762037 0.022917 0.068519
0 0.613021 0.875000 0.029167 0.057407
0 0.263281 0.379630 0.019271 0.051852
0 0.333594 0.452778 0.019271 0.053704
0 0.041146 0.674074 0.034375 0.059259
0 0.930469 0.300000 0.033854 0.053704
0 0.954427 0.470370 0.034896 0.038889
0 0.521615 0.703241 0.032813 0.036111
0 0.100521 0.467130 0.029167 0.067593
0 0.068229 0.288889 0.027083 0.055556
0 0.780469 0.328704 0.040104 0.040741
0 0.764062 0.747222 0.022917 0.062963
0 0.980469 0.175000 0.032813 0.046296
0 0.474479 0.820833 0.034375 0.052778
0 0.854688 0.097222 0.037500 0.033333
0 0.763542 0.288426 0.027083 0.047222
0 0.097396 0.347685 0.030208 0.062037
0 0.137500 0.539352 0.023958 0.062037
0 0.501302 0.794444 0.029687 0.057407
0 0.874740 0.306944 0.023438 0.045370
0 0.179427 0.109722 0.035937 0.058333
0 0.495312 0.852315 0.021875 0.062037
0 0.074219 0.880093 0.033854 0.056481
0 0.369010 0.913889 0.031771 0.053704
0 0.119792 0.057870 0.031250 0.058333
0 0.891406 0.036111 0.017188 0.068519
0 0.961198 0.843519 0.031771 0.051852
0 0.143750 0.081944 0.034375 0.045370
0 0.020833 0.391204 0.038542 0.039815
0 0.985417 0.758333 0.028125 0.059259
0 0.244010 0.762500 0.041146 0.054630
0 0.017188 0.324537 0.033333 0.039815
0 0.232552 0.819444 0.032813 0.050000
0 0.106771 0.089815 0.023958 0.062963
0 0.939583 0.847222 0.032292 0.057407
0 0.231250 0.889352 0.035417 0.039815
0 0.658333 0.908333 0.026042 0.064815
0 0.814583 0.935185 0.029167 0.055556
0 0.130208 0.581019 0.027083 0.041667
0 0.075781 0.106019 0.036979 0.041667
0 0.577865 0.722222 0.027604 0.037037
0 0.439323 0.091667 0.019271 0.046296
0 0.456771 0.893056 0.029167 0.050926
0 0.252865 0.892593 0.043229 0.044444
0 0.978385 0.903241 0.024479 0.065741
0 0.524740 0.388889 0.020313 0.042593
0 0.989844 0.500463 0.019271 0.065741
0 0.253125 0.919907 0.027083 0.047222
0 0.994792 0.242130 0.010417 0.039815
0 0.648177 0.866204 0.040104 0.039815
0 0.989583 0.428241 0.020833 0.049074
0 0.589063 0.367130 0.017708 0.041667
0 0.483333 0.920833 0.036458 0.039815
0 0.187760 0.323611 0.018229 0.036111
0 0.767448 0.014352 0.017188 0.026852
0 0.289844 0.934722 0.034896 0.043519
0 0.548958 0.238889 0.017708 0.037037
0 0.480729 0.950926 0.036458 0.042593
0 0.778906 0.933796 0.031771 0.039815
0 0.682031 0.932407 0.022396 0.068519
0 0.014583 0.018981 0.028125 0.036111
0 0.582812 0.942593 0.017708 0.070370
0 0.982031 0.850463 0.033854 0.054630
0 0.464583 0.553704 0.019792 0.040741
0 0.894271 0.133796 0.017708 0.036111
0 0.608594 0.919444 0.039062 0.042593
0 0.158333 0.943981 0.036458 0.054630
0 0.400521 0.958796 0.018750 0.062037
0 0.996094 0.154167 0.007812 0.037963
0 0.011198 0.282407 0.021354 0.031481
0 0.060677 0.975926 0.043229 0.037037
0 0.249740 0.524537 0.018229 0.039815
0 0.096354 0.008333 0.038542 0.014815
0 0.035417 0.345833 0.018750 0.030556
0 0.764062 0.947222 0.042708 0.059259
0 0.451302 0.961111 0.036979 0.053704
0 0.619010 0.953704 0.033854 0.044444
0 0.357552 0.969907 0.034896 0.050926
0 0.305729 0.968519 0.037500 0.055556
0 0.159635 0.979167 0.022396 0.041667
0 0.005469 0.662500 0.009896 0.037963
0 0.039583 0.211111 0.025000 0.044444
0 0.210417 0.970833 0.031250 0.045370
0 0.463021 0.726852 0.014583 0.025926
0 0.863021 0.969907 0.030208 0.060185
0 0.113542 0.964815 0.016667 0.014815
0 0.085677 0.965741 0.027604 0.016667
0 0.421094 0.954630 0.027604 0.025926
0 0.889844 0.975463 0.025521 0.045370
0 0.498698 0.969907 0.035937 0.058333
0 0.558854 0.883333 0.030208 0.053704
0 0.550260 0.115278 0.035937 0.039815
0 0.504427 0.023611 0.019271 0.032407
0 0.640104 0.113889 0.021875 0.061111
0 0.649219 0.151852 0.020313 0.079630
0 0.648958 0.307870 0.021875 0.069444
0 0.682552 0.301852 0.025521 0.087037
0 0.641927 0.252778 0.026562 0.070370
0 0.729948 0.175463 0.030729 0.054630
0 0.695833 0.154630 0.031250 0.033333
0 0.666927 0.177778 0.018229 0.064815
0 0.672917 0.124537 0.030208 0.054630
0 0.740365 0.008333 0.013021 0.014815
0 0.753646 0.254167 0.018750 0.026852
0 0.775521 0.674074 0.038542 0.035185
0 0.799479 0.700463 0.027083 0.063889
0 0.553646 0.211111 0.016667 0.029630
0 0.958073 0.623611 0.040104 0.049074
0 0.989583 0.971759 0.020833 0.034259
0 0.932813 0.342593 0.025000 0.062963
