0 0.620313 0.415741 0.027083 0.059259
0 0.564583 0.384722 0.030208 0.052778
0 0.644271 0.555093 0.028125 0.056481
0 0.521094 0.130093 0.018229 0.065741
0 0.378906 0.164815 0.027604 0.064815
0 0.588281 0.592593 0.034896 0.050000
0 0.437240 0.761111 0.030729 0.053704
0 0.795573 0.431481 0.029687 0.061111
0 0.538802 0.092130 0.022396 0.063889
0 0.553646 0.324537 0.035417 0.043519
0 0.629948 0.332870 0.025521 0.058333
0 0.743490 0.412500 0.033854 0.054630
0 0.929427 0.581019 0.029687 0.056481
0 0.404427 0.565741 0.028646 0.051852
0 0.882031 0.532407 0.023438 0.064815
0 0.665885 0.305556 0.027604 0.053704
0 0.579427 0.255556 0.024479 0.061111
0 0.856771 0.411111 0.030208 0.053704
0 0.762500 0.498148 0.023958 0.057407
0 0.707292 0.359259 0.031250 0.055556
0 0.239063 0.412037 0.019792 0.062963
0 0.909896 0.557407 0.023958 0.062963
0 0.440625 0.165278 0.020833 0.067593
0 0.556250 0.166667 0.020833 0.068519
0 0.907292 0.486574 0.025000 0.065741
0 0.504167 0.543056 0.018750 0.065741
0 0.372917 0.649537 0.034375 0.043519
0 0.280729 0.552315 0.025000 0.065741
0 0.318750 0.452778 0.023958 0.057407
0 0.690104 0.423148 0.032292 0.048148
0 0.355469 0.404630 0.039062 0.051852
0 0.525781 0.668056 0.034896 0.041667
0 0.640365 0.482407 0.019271 0.062963
0 0.687760 0.605556 0.022396 0.064815
0 0.629687 0.262963 0.026042 0.059259
0 0.487760 0.190741 0.025521 0.068519
0 0.813281 0.574537 0.022396 0.065741
0 0.460677 0.244444 0.024479 0.059259
0 0.460417 0.303704 0.033333 0.038889
0 0.386198 0.847222 0.032813 0.050000
0 0.283854 0.382870 0.036458 0.049074
0 0.717969 0.278704 0.022396 0.061111
0 0.403125 0.455556 0.034375 0.040741
0 0.244531 0.552778 0.024479 0.064815
0 0.546094 0.200463 0.029687 0.049074
0 0.415365 0.078704 0.036979 0.050000
0 0.530208 0.587963 0.038542 0.035185
0 0.504427 0.313889 0.021354 0.059259
0 0.594010 0.663426 0.023438 0.065741
0 0.436979 0.345370 0.019792 0.062963
0 0.728385 0.567593 0.025521 0.061111
0 0.462760 0.186574 0.021354 0.065741
0 0.356250 0.297222 0.031250 0.055556
0 0.172135 0.309722 0.026562 0.060185
0 0.698438 0.706944 0.034375 0.049074
0 0.705990 0.591667 0.022396 0.061111
0 0.882552 0.272685 0.029687 0.043519
0 0.461458 0.467130 0.021875 0.049074
0 0.831250 0.369907 0.038542 0.039815
0 0.538281 0.711111 0.038021 0.035185
0 0.485156 0.340278 0.018229 0.063889
0 0.422917 0.312963 0.019792 0.066667
0 0.166146 0.444444 0.027083 0.068519
0 0.885938 0.464815 0.025000 0.057407
0 0.602344 0.118981 0.031771 0.045370
0 0.355990 0.841667 0.030729 0.057407
0 0.546615 0.648148 0.029687 0.051852
0 0.398177 0.710648 0.019271 0.063889
0 0.382552 0.054167 0.022396 0.069444
0 0.824479 0.450926 0.018750 0.064815
0 0.786719 0.687037 0.025521 0.057407
0 0.323177 0.615741 0.025521 0.050000
0 0.435677 0.228241 0.035937 0.043519
0 0.586458 0.829167 0.037500 0.039815
0 0.242188 0.726852 0.035417 0.037037
0 0.802604 0.845833 0.035417 0.050926
0 0.248177 0.643981 0.025521 0.065741
0 0.197396 0.504630 0.036458 0.040741
0 0.345313 0.045370 0.023958 0.070370
0 0.953906 0.499074 0.034896 0.051852
0 0.947396 0.363889 0.025000 0.059259
0 0.463021 0.110648 0.037500 0.047222
0 0.371615 0.912500 0.030729 0.056481
0 0.909896 0.322222 0.025000 0.062963
0 0.129948 0.467593 0.023438 0.068519
0 0.602344 0.058333 0.034896 0.051852
0 0.642708 0.183333 0.033333 0.046296
0 0.752344 0.631944 0.022396 0.058333
0 0.719531 0.086574 0.033854 0.049074
0 0.917188 0.856019 0.028125 0.056481
0 0.739323 0.123148 0.020313 0.053704
0 0.463021 0.847222 0.029167 0.062963
0 0.882031 0.435185 0.024479 0.064815
0 0.377083 0.720370 0.022917 0.062963
0 0.368750 0.208796 0.039583 0.039815
0 0.661198 0.475926 0.018229 0.059259
0 0.486979 0.487963 0.018750 0.066667
0 0.203646 0.317130 0.019792 0.065741
0 0.905990 0.243519 0.022396 0.059259
0 0.673958 0.769907 0.019792 0.065741
0 0.668750 0.867130 0.025000 0.062037
0 0.428385 0.705093 0.022396 0.065741
0 0.126823 0.581019 0.032813 0.050926
0 0.356771 0.457407 0.025000 0.061111
0 0.802865 0.631481 0.019271 0.064815
0 0.772135 0.113889 0.026562 0.064815
0 0.704948 0.651389 0.027604 0.056481
0 0.577865 0.717130 0.029687 0.049074
0 0.826823 0.070370 0.031771 0.059259
0 0.500781 0.408333 0.023438 0.064815
0 0.758333 0.807870 0.037500 0.039815
0 0.651302 0.832407 0.020313 0.066667
0 0.080990 0.509259 0.025521 0.064815
0 0.933854 0.710648 0.021875 0.063889
0 0.850781 0.828241 0.024479 0.056481
0 0.024479 0.761111 0.036458 0.061111
0 0.078646 0.850926 0.039583 0.053704
0 0.070573 0.406481 0.038021 0.046296
0 0.125260 0.331481 0.025521 0.066667
0 0.899219 0.615278 0.033854 0.034259
0 0.153385 0.692130 0.028646 0.062037
0 0.035417 0.624074 0.033333 0.053704
0 0.900781 0.776852 0.029687 0.061111
0 0.826302 0.246759 0.020313 0.067593
0 0.252083 0.354167 0.021875 0.056481
0 0.848958 0.208796 0.020833 0.065741
0 0.303646 0.079630 0.030208 0.061111
0 0.932031 0.637963 0.035937 0.038889
0 0.855208 0.143056 0.034375 0.041667
0 0.344271 0.503704 0.018750 0.070370
0 0.788281 0.221759 0.022396 0.056481
0 0.055208 0.526389 0.027083 0.063889
0 0.758594 0.734259 0.035937 0.035185
0 0.986198 0.475000 0.026562 0.042593
0 0.041927 0.728704 0.028646 0.064815
0 0.165625 0.923148 0.031250 0.053704
0 0.953385 0.177315 0.031771 0.045370
0 0.925000 0.351389 0.023958 0.050926
0 0.196354 0.667130 0.025000 0.047222
0 0.964583 0.686574 0.032292 0.045370
0 0.817708 0.720833 0.039583 0.032407
0 0.344792 0.933796 0.031250 0.052778
0 0.879427 0.755556 0.031771 0.048148
0 0.249740 0.165741 0.022396 0.074074
0 0.869271 0.058333 0.026042 0.061111
0 0.699479 0.746296 0.036458 0.035185
0 0.263281 0.104167 0.035937 0.052778
0 0.202604 0.625463 0.041667 0.034259
0 0.525260 0.874537 0.028646 0.065741
0 0.920573 0.775926 0.022396 0.053704
0 0.784896 0.887037 0.039583 0.037037
0 0.884375 0.166204 0.029167 0.058333
0 0.920052 0.170833 0.036979 0.039815
0 0.740885 0.030556 0.025521 0.057407
0 0.425521 0.496759 0.029167 0.039815
0 0.717448 0.796296 0.022396 0.053704
0 0.042448 0.839815 0.038021 0.038889
0 0.820573 0.189352 0.040104 0.043519
0 0.756250 0.768981 0.034375 0.036111
0 0.986458 0.187037 0.025000 0.062963
0 0.066406 0.170833 0.026562 0.062037
0 0.867969 0.102778 0.038021 0.033333
0 0.057292 0.240741 0.022917 0.064815
0 0.019792 0.443519 0.030208 0.062963
0 0.842187 0.893519 0.028125 0.059259
0 0.965625 0.753241 0.025000 0.093519
0 0.413281 0.184722 0.034896 0.047222
0 0.116406 0.832870 0.024479 0.065741
0 0.114844 0.689815 0.022396 0.051852
0 0.276302 0.166667 0.031771 0.070370
0 0.700260 0.804167 0.023438 0.056481
0 0.660417 0.697222 0.022917 0.044444
0 0.988021 0.825926 0.023958 0.053704
0 0.766406 0.287037 0.027604 0.046296
0 0.676562 0.083796 0.048958 0.058333
0 0.051042 0.335648 0.044792 0.047222
0 0.810677 0.025463 0.033854 0.049074
0 0.020833 0.261111 0.039583 0.035185
0 0.108854 0.882407 0.038542 0.053704
0 0.856250 0.741204 0.032292 0.043519
0 0.092448 0.198148 0.030729 0.059259
0 0.965625 0.847685 0.027083 0.060185
0 0.258594 0.821759 0.028646 0.063889
0 0.229427 0.479630 0.031771 0.037037
0 0.831250 0.869444 0.028125 0.055556
0 0.898698 0.368519 0.029687 0.037037
0 0.192188 0.938889 0.034375 0.050000
0 0.975781 0.298148 0.021354 0.057407
0 0.524219 0.017593 0.039062 0.033333
0 0.672656 0.018519 0.032813 0.035185
0 0.691146 0.878241 0.020833 0.063889
0 0.451042 0.893056 0.031250 0.043519
0 0.768750 0.246759 0.026042 0.041667
0 0.036979 0.903241 0.032292 0.050926
0 0.011979 0.576852 0.022917 0.040741
0 0.596875 0.919444 0.016667 0.066667
0 0.936458 0.920833 0.027083 0.062037
0 0.012500 0.096296 0.023958 0.064815
0 0.219271 0.065741 0.041667 0.040741
0 0.234375 0.827778 0.032292 0.051852
0 0.469271 0.025000 0.020833 0.048148
0 0.589063 0.363889 0.017708 0.040741
0 0.865365 0.916667 0.031771 0.046296
0 0.981510 0.079167 0.031771 0.032407
0 0.009635 0.794907 0.018229 0.060185
0 0.959115 0.881481 0.035937 0.048148
0 0.751823 0.937963 0.022396 0.064815
0 0.323437 0.893519 0.022917 0.053704
0 0.983594 0.891667 0.026562 0.057407
0 0.130990 0.109259 0.024479 0.027778
0 0.012240 0.922222 0.021354 0.066667
0 0.300260 0.941667 0.028646 0.051852
0 0.920573 0.971759 0.044271 0.054630
0 0.710938 0.920370 0.023958 0.057407
0 0.010417 0.872685 0.019792 0.050926
0 0.795833 0.933796 0.039583 0.036111
0 0.496354 0.914815 0.037500 0.037037
0 0.876823 0.943056 0.030729 0.050926
0 0.382292 0.559722 0.019792 0.032407
0 0.468750 0.046759 0.039583 0.087963
0 0.341146 0.970370 0.048958 0.051852
0 0.841406 0.957870 0.030729 0.063889
0 0.010156 0.027315 0.019271 0.037963
0 0.584635 0.961574 0.019271 0.065741
0 0.988542 0.441204 0.019792 0.037963
0 0.463542 0.726389 0.014583 0.026852
0 0.397396 0.957870 0.030208 0.060185
0 0.311979 0.917130 0.046875 0.095370
0 0.793490 0.976852 0.038021 0.035185
0 0.979167 0.972685 0.041667 0.045370
0 0.577344 0.904167 0.042188 0.039815
0 0.299479 0.988889 0.028125 0.022222
0 0.551823 0.966204 0.022396 0.052778
0 0.917188 0.923148 0.028125 0.048148
0 0.219792 0.973148 0.031250 0.040741
0 0.239844 0.968056 0.024479 0.017593
0 0.098177 0.974074 0.026562 0.035185
0 0.247917 0.765278 0.018750 0.023148
0 0.200521 0.970833 0.031250 0.039815
0 0.487240 0.981944 0.031771 0.036111
0 0.570573 0.950000 0.022396 0.066667
0 0.241667 0.321759 0.037500 0.050926
0 0.410417 0.150463 0.033333 0.034259
0 0.412760 0.097222 0.020313 0.027778
0 0.348958 0.100463 0.018750 0.026852
0 0.728906 0.620833 0.027604 0.052778
0 0.784635 0.631019 0.021354 0.060185
0 0.641667 0.235648 0.030208 0.060185
0 0.666146 0.129167 0.039583 0.039815
0 0.639323 0.126852 0.020313 0.068519
0 0.677083 0.261111 0.021875 0.059259
0 0.689063 0.304167 0.014583 0.032407
0 0.661719 0.236574 0.022396 0.065741
0 0.880208 0.367130 0.025000 0.062037
0 0.994271 0.308333 0.010417 0.029630
0 0.874740 0.670370 0.029687 0.061111
0 0.904948 0.664815 0.025521 0.059259
0 0.882031 0.709259 0.025521 0.050000
0 0.988281 0.686111 0.023438 0.033333
0 0.996354 0.725926 0.007292 0.037037
0 0.929948 0.007870 0.026562 0.013889
0 0.992969 0.119444 0.014063 0.025926
0 0.991667 0.559259 0.015625 0.059259
