0 0.503125 0.621759 0.022917 0.067593
0 0.644271 0.478704 0.025000 0.061111
0 0.897396 0.495833 0.033333 0.054630
0 0.497135 0.361574 0.030729 0.050926
0 0.466406 0.543056 0.027604 0.056481
0 0.360938 0.500926 0.023958 0.061111
0 0.630208 0.183796 0.017708 0.067593
0 0.706250 0.459259 0.021875 0.062963
0 0.597396 0.657407 0.035417 0.059259
0 0.660937 0.412037 0.022917 0.064815
0 0.587500 0.208333 0.020833 0.070370
0 0.863021 0.228704 0.020833 0.064815
0 0.704948 0.686574 0.024479 0.054630
0 0.871354 0.306019 0.029167 0.062037
0 0.704948 0.541667 0.027604 0.055556
0 0.547135 0.433796 0.033854 0.047222
0 0.679427 0.497685 0.021354 0.065741
0 0.477604 0.693056 0.034375 0.049074
0 0.652604 0.176852 0.018750 0.066667
0 0.712760 0.081944 0.019271 0.063889
0 0.538802 0.508796 0.024479 0.056481
0 0.784375 0.344444 0.021875 0.062963
0 0.754687 0.169444 0.025000 0.057407
0 0.960677 0.506944 0.030729 0.058333
0 0.326823 0.454167 0.018229 0.063889
0 0.603646 0.081019 0.026042 0.065741
0 0.689583 0.385185 0.035417 0.040741
0 0.314583 0.617593 0.032292 0.057407
0 0.640885 0.240741 0.027604 0.053704
0 0.370573 0.615741 0.033854 0.050000
0 0.733594 0.125000 0.021354 0.055556
0 0.797656 0.643519 0.024479 0.055556
0 0.547917 0.378704 0.018750 0.061111
0 0.771875 0.612963 0.038542 0.042593
0 0.829167 0.555556 0.039583 0.042593
0 0.800521 0.094444 0.021875 0.064815
0 0.556250 0.479630 0.017708 0.064815
0 0.894531 0.685185 0.030729 0.046296
0 0.409375 0.554630 0.033333 0.050000
0 0.460156 0.328704 0.031771 0.050000
0 0.491927 0.513426 0.021354 0.063889
0 0.529427 0.237500 0.033854 0.047222
0 0.829167 0.688426 0.037500 0.045370
0 0.916146 0.639352 0.027083 0.062037
0 0.456250 0.189352 0.022917 0.062037
0 0.616927 0.368519 0.035937 0.046296
0 0.251042 0.646296 0.023958 0.068519
0 0.353385 0.087963 0.023438 0.062963
0 0.697917 0.609259 0.019792 0.066667
0 0.623698 0.580556 0.039062 0.050000
0 0.735677 0.547222 0.019271 0.066667
0 0.389062 0.515278 0.026042 0.067593
0 0.789323 0.543056 0.034896 0.049074
0 0.345573 0.233796 0.028646 0.058333
0 0.459115 0.502315 0.032813 0.037963
0 0.822135 0.077315 0.024479 0.063889
0 0.435937 0.167593 0.028125 0.059259
0 0.805990 0.204630 0.024479 0.057407
0 0.917188 0.524074 0.031250 0.050000
0 0.395573 0.211574 0.029687 0.065741
0 0.717969 0.290278 0.030729 0.045370
0 0.591406 0.272222 0.030729 0.059259
0 0.755208 0.303704 0.031250 0.059259
0 0.359115 0.562500 0.030729 0.050926
0 0.898958 0.737500 0.027083 0.056481
0 0.728646 0.197222 0.028125 0.062963
0 0.657031 0.768056 0.026562 0.062037
0 0.575781 0.313426 0.033854 0.045370
0 0.536458 0.091204 0.031250 0.052778
0 0.546094 0.170370 0.036979 0.040741
0 0.665365 0.258796 0.032813 0.050926
0 0.878646 0.549537 0.021875 0.065741
0 0.914323 0.325000 0.022396 0.062963
0 0.414844 0.274537 0.029687 0.056481
0 0.668750 0.336111 0.023958 0.059259
0 0.734115 0.667130 0.017188 0.060185
0 0.911719 0.432407 0.019271 0.064815
0 0.768229 0.489352 0.026042 0.069444
0 0.797656 0.269444 0.021354 0.061111
0 0.403125 0.613889 0.021875 0.062963
0 0.389844 0.424537 0.028646 0.063889
0 0.688802 0.090741 0.032813 0.048148
0 0.287500 0.572222 0.035417 0.046296
0 0.524219 0.650926 0.019271 0.064815
0 0.463021 0.257407 0.034375 0.051852
0 0.707292 0.177778 0.033333 0.046296
0 0.362760 0.414815 0.019271 0.061111
0 0.227344 0.417593 0.017188 0.066667
0 0.383854 0.576852 0.022917 0.064815
0 0.333333 0.304630 0.034375 0.048148
0 0.453906 0.061574 0.027604 0.054630
0 0.847917 0.831481 0.021875 0.064815
0 0.939583 0.432407 0.026042 0.061111
0 0.909635 0.834259 0.026562 0.055556
0 0.744010 0.051389 0.032813 0.052778
0 0.692708 0.340278 0.027083 0.045370
0 0.745833 0.748148 0.022917 0.062963
0 0.371354 0.835648 0.031250 0.063889
0 0.646094 0.303241 0.031771 0.039815
0 0.876302 0.370370 0.031771 0.050000
0 0.959375 0.388889 0.028125 0.059259
0 0.511458 0.518981 0.018750 0.058333
0 0.631510 0.075463 0.031771 0.045370
0 0.678906 0.217130 0.033854 0.043519
0 0.871354 0.345370 0.035417 0.048148
0 0.721094 0.586111 0.034896 0.037037
0 0.082812 0.350926 0.031250 0.061111
0 0.381250 0.045833 0.018750 0.065741
0 0.365104 0.156481 0.018750 0.055556
0 0.744271 0.253241 0.030208 0.043519
0 0.650521 0.706944 0.032292 0.050926
0 0.854167 0.059722 0.032292 0.047222
0 0.546615 0.049537 0.030729 0.052778
0 0.573438 0.681019 0.019792 0.069444
0 0.120313 0.469444 0.034375 0.051852
0 0.214583 0.576389 0.035417 0.047222
0 0.889844 0.287500 0.031771 0.058333
0 0.841406 0.767130 0.024479 0.060185
0 0.191667 0.527315 0.034375 0.047222
0 0.926042 0.382870 0.027083 0.056481
0 0.983073 0.383796 0.032813 0.060185
0 0.911458 0.777315 0.020833 0.062037
0 0.495312 0.157870 0.036458 0.049074
0 0.520052 0.130093 0.035937 0.043519
0 0.986719 0.763889 0.025521 0.057407
0 0.960677 0.776389 0.025521 0.063889
0 0.119792 0.330556 0.031250 0.064815
0 0.560937 0.837500 0.022917 0.056481
0 0.303906 0.710648 0.040104 0.037963
0 0.095833 0.592130 0.034375 0.047222
0 0.826562 0.744907 0.032292 0.047222
0 0.232292 0.487963 0.029167 0.050000
0 0.273698 0.678241 0.023438 0.069444
0 0.023698 0.645833 0.033854 0.054630
0 0.932292 0.795833 0.021875 0.060185
0 0.089583 0.450463 0.039583 0.049074
0 0.433073 0.125926 0.025521 0.064815
0 0.985156 0.558333 0.028646 0.061111
0 0.967448 0.335648 0.031771 0.049074
0 0.473958 0.101852 0.033333 0.046296
0 0.141406 0.577315 0.024479 0.060185
0 0.343229 0.155093 0.025000 0.063889
0 0.492969 0.808796 0.019271 0.063889
0 0.381510 0.101852 0.036979 0.046296
0 0.357552 0.202315 0.036979 0.039815
0 0.853125 0.100463 0.037500 0.036111
0 0.252083 0.159722 0.022917 0.069444
0 0.391927 0.784722 0.040104 0.054630
0 0.841146 0.463426 0.025000 0.063889
0 0.317448 0.103241 0.034896 0.052778
0 0.063542 0.676389 0.035417 0.050926
0 0.151823 0.361111 0.039062 0.044444
0 0.917188 0.168056 0.039583 0.039815
0 0.154688 0.695833 0.034375 0.054630
0 0.916667 0.210185 0.040625 0.033333
0 0.356250 0.884722 0.040625 0.047222
0 0.655469 0.828241 0.021354 0.067593
0 0.412240 0.026389 0.024479 0.050926
0 0.856250 0.461111 0.020833 0.061111
0 0.778385 0.753241 0.021354 0.063889
0 0.807031 0.902315 0.022396 0.063889
0 0.876042 0.843056 0.036458 0.043519
0 0.869792 0.790741 0.034375 0.040741
0 0.173698 0.186111 0.026562 0.072222
0 0.927865 0.751389 0.027604 0.045370
0 0.101562 0.258796 0.041667 0.052778
0 0.260156 0.854167 0.026562 0.060185
0 0.015625 0.230093 0.030208 0.054630
0 0.015625 0.290278 0.030208 0.050926
0 0.788281 0.900463 0.023438 0.062037
0 0.154427 0.466667 0.032813 0.070370
0 0.340365 0.393519 0.028646 0.033333
0 0.166146 0.794907 0.023958 0.063889
0 0.889062 0.413889 0.035417 0.042593
0 0.645312 0.022685 0.037500 0.043519
0 0.012500 0.363889 0.023958 0.059259
0 0.465365 0.017130 0.031771 0.032407
0 0.244792 0.384259 0.032292 0.050000
0 0.980208 0.693981 0.035417 0.037963
0 0.879427 0.020370 0.036979 0.029630
0 0.647656 0.891667 0.036979 0.048148
0 0.043750 0.172222 0.032292 0.033333
0 0.513021 0.897222 0.035417 0.044444
0 0.766667 0.285648 0.023958 0.045370
0 0.323177 0.919907 0.022396 0.054630
0 0.989323 0.429630 0.021354 0.040741
0 0.235417 0.826852 0.032292 0.053704
0 0.860677 0.147685 0.015104 0.039815
0 0.454167 0.890278 0.018750 0.050926
0 0.250000 0.525000 0.017708 0.038889
0 0.494271 0.947685 0.036458 0.052778
0 0.109375 0.064352 0.039583 0.037963
0 0.533854 0.948148 0.027083 0.053704
0 0.040104 0.211574 0.022917 0.043519
0 0.186458 0.321296 0.020833 0.040741
0 0.525521 0.388889 0.019792 0.044444
0 0.546615 0.920370 0.032813 0.037037
0 0.249219 0.756944 0.020313 0.045370
0 0.896094 0.133333 0.018229 0.031481
0 0.072135 0.591204 0.020313 0.037963
0 0.400260 0.943981 0.033854 0.036111
0 0.473438 0.931944 0.026042 0.058333
0 0.767188 0.013889 0.017708 0.025926
0 0.446615 0.589815 0.016146 0.035185
0 0.513021 0.925463 0.031250 0.045370
0 0.763281 0.951852 0.033854 0.050000
0 0.669271 0.927315 0.031250 0.039815
0 0.433854 0.961111 0.031250 0.055556
0 0.007552 0.421759 0.014063 0.037963
0 0.035417 0.982870 0.035417 0.032407
0 0.067708 0.902315 0.023958 0.052778
0 0.836979 0.939815 0.035417 0.050000
0 0.589063 0.366667 0.018750 0.044444
0 0.463802 0.725926 0.011979 0.027778
0 0.088542 0.985185 0.037500 0.029630
0 0.644531 0.976852 0.034896 0.035185
0 0.945052 0.873611 0.018229 0.036111
0 0.135417 0.960185 0.040625 0.051852
0 0.343750 0.975926 0.030208 0.040741
0 0.225260 0.975926 0.035937 0.035185
0 0.694271 0.972685 0.035417 0.041667
0 0.195052 0.962037 0.040104 0.055556
0 0.609115 0.968519 0.031771 0.016667
0 0.317188 0.977778 0.032292 0.040741
0 0.535677 0.975463 0.023438 0.041667
0 0.008854 0.934259 0.016667 0.051852
0 0.011198 0.868056 0.021354 0.054630
0 0.238021 0.351389 0.032292 0.036111
0 0.261198 0.358333 0.020313 0.048148
0 0.457813 0.134722 0.019792 0.041667
0 0.166667 0.458796 0.021875 0.075000
0 0.943750 0.962037 0.027083 0.062963
0 0.923958 0.949074 0.036458 0.057407
0 0.985938 0.975000 0.022917 0.014815
0 0.642188 0.119907 0.021875 0.052778
0 0.658594 0.089815 0.020313 0.064815
0 0.671875 0.141667 0.020833 0.066667
0 0.772656 0.245833 0.017188 0.039815
0 0.688802 0.305556 0.015104 0.037037
0 0.607812 0.010648 0.013542 0.019444
0 0.081771 0.955093 0.042708 0.050926
0 0.992708 0.346296 0.014583 0.031481
