0 0.363281 0.539815 0.031771 0.055556
0 0.603385 0.557870 0.030729 0.052778
0 0.345833 0.687963 0.029167 0.051852
0 0.415365 0.409722 0.031771 0.056481
0 0.566146 0.455093 0.022917 0.065741
0 0.330990 0.531481 0.021354 0.064815
0 0.611719 0.504630 0.024479 0.061111
0 0.594792 0.426389 0.029167 0.058333
0 0.408333 0.728704 0.028125 0.057407
0 0.443229 0.341667 0.031250 0.048148
0 0.378125 0.789352 0.027083 0.067593
0 0.507031 0.327315 0.030729 0.050926
0 0.484375 0.352315 0.017708 0.062037
0 0.213021 0.435185 0.028125 0.057407
0 0.303125 0.775463 0.030208 0.062037
0 0.507552 0.081481 0.023438 0.062963
0 0.642448 0.560648 0.035937 0.034259
0 0.559896 0.361111 0.019792 0.061111
0 0.322656 0.453704 0.021354 0.066667
0 0.611979 0.285648 0.021875 0.056481
0 0.629167 0.327315 0.022917 0.058333
0 0.501302 0.663426 0.033854 0.045370
0 0.581250 0.492130 0.031250 0.050926
0 0.265104 0.455093 0.031250 0.058333
0 0.500781 0.552315 0.020313 0.067593
0 0.500781 0.409722 0.021354 0.065741
0 0.415104 0.462500 0.020833 0.062037
0 0.694010 0.701852 0.020313 0.061111
0 0.526563 0.413889 0.035417 0.048148
0 0.932292 0.581481 0.019792 0.061111
0 0.666406 0.318519 0.017188 0.062963
0 0.429167 0.567593 0.034375 0.037037
0 0.103385 0.565278 0.034896 0.049074
0 0.775781 0.766667 0.029687 0.042593
0 0.850260 0.825000 0.024479 0.057407
0 0.178385 0.569907 0.034896 0.045370
0 0.563542 0.241204 0.018750 0.065741
0 0.335677 0.372685 0.023438 0.069444
0 0.547917 0.201389 0.029167 0.049074
0 0.752604 0.628704 0.026042 0.062963
0 0.852865 0.143519 0.020313 0.059259
0 0.577344 0.170833 0.031771 0.054630
0 0.497135 0.226389 0.032813 0.041667
0 0.953906 0.499537 0.033854 0.052778
0 0.354687 0.619907 0.034375 0.056481
0 0.465625 0.776852 0.034375 0.040741
0 0.204687 0.318519 0.020833 0.066667
0 0.828385 0.758796 0.026562 0.056481
0 0.760417 0.502778 0.027083 0.053704
0 0.879687 0.368056 0.022917 0.062037
0 0.789323 0.548611 0.033854 0.043519
0 0.686719 0.618981 0.022396 0.060185
0 0.870573 0.558796 0.029687 0.058333
0 0.185417 0.372685 0.020833 0.065741
0 0.889323 0.663889 0.026562 0.059259
0 0.963802 0.332407 0.020313 0.066667
0 0.691146 0.468981 0.031250 0.062037
0 0.929427 0.287037 0.021354 0.062963
0 0.886979 0.824074 0.019792 0.057407
0 0.594010 0.663889 0.020313 0.064815
0 0.365365 0.848611 0.035937 0.047222
0 0.820573 0.187037 0.019271 0.062963
0 0.716927 0.279167 0.019271 0.062037
0 0.923958 0.783333 0.020833 0.061111
0 0.726302 0.462963 0.034896 0.040741
0 0.633854 0.477315 0.016667 0.063889
0 0.862500 0.783333 0.026042 0.059259
0 0.750260 0.796296 0.034896 0.035185
0 0.851562 0.657870 0.023958 0.060185
0 0.539323 0.089815 0.028646 0.059259
0 0.904427 0.115741 0.024479 0.050000
0 0.719010 0.684722 0.019271 0.062037
0 0.347656 0.743519 0.030729 0.035185
0 0.115625 0.641204 0.036458 0.045370
0 0.194010 0.636111 0.032813 0.048148
0 0.166667 0.446296 0.018750 0.068519
0 0.345573 0.500000 0.019271 0.070370
0 0.727344 0.567130 0.025521 0.063889
0 0.704427 0.593519 0.021354 0.062963
0 0.685677 0.267593 0.032813 0.050000
0 0.457031 0.473148 0.029687 0.040741
0 0.744792 0.837963 0.036458 0.035185
0 0.694531 0.425463 0.030729 0.056481
0 0.302344 0.418056 0.035937 0.039815
0 0.744010 0.881481 0.034896 0.037037
0 0.886458 0.753241 0.027083 0.060185
0 0.748958 0.235648 0.032292 0.052778
0 0.660417 0.250000 0.020833 0.066667
0 0.258333 0.832407 0.022917 0.070370
0 0.344271 0.043519 0.023958 0.066667
0 0.965885 0.779630 0.023438 0.061111
0 0.665625 0.457870 0.016667 0.062037
0 0.908333 0.320833 0.021875 0.062037
0 0.364323 0.478704 0.021354 0.064815
0 0.836198 0.592130 0.023438 0.069444
0 0.603125 0.042130 0.023958 0.063889
0 0.739323 0.122685 0.021354 0.050926
0 0.090625 0.780556 0.034375 0.053704
0 0.938021 0.350463 0.034375 0.049074
0 0.907031 0.487037 0.021354 0.064815
0 0.832292 0.896759 0.033333 0.049074
0 0.456250 0.740741 0.025000 0.066667
0 0.910417 0.239815 0.029167 0.061111
0 0.798958 0.283796 0.020833 0.063889
0 0.786198 0.597222 0.035937 0.040741
0 0.494271 0.857407 0.037500 0.040741
0 0.660417 0.864352 0.032292 0.039815
0 0.220573 0.743056 0.021354 0.063889
0 0.779167 0.695370 0.032292 0.033333
0 0.403125 0.262500 0.017708 0.067593
0 0.869792 0.716204 0.028125 0.058333
0 0.191406 0.522685 0.023438 0.069444
0 0.746875 0.738426 0.030208 0.041667
0 0.718490 0.731944 0.032813 0.039815
0 0.722396 0.609259 0.026042 0.050000
0 0.181771 0.228704 0.036458 0.040741
0 0.310417 0.256019 0.035417 0.047222
0 0.422656 0.162500 0.032813 0.045370
0 0.928385 0.449537 0.038021 0.041667
0 0.846354 0.086574 0.027083 0.058333
0 0.470052 0.068056 0.027604 0.049074
0 0.392969 0.214352 0.038021 0.043519
0 0.866927 0.293981 0.035937 0.039815
0 0.218490 0.854630 0.039062 0.040741
0 0.887500 0.445370 0.019792 0.066667
0 0.083073 0.631481 0.030729 0.061111
0 0.827344 0.068981 0.030729 0.058333
0 0.426302 0.222222 0.030729 0.055556
0 0.202604 0.672685 0.034375 0.037963
0 0.848437 0.452315 0.025000 0.058333
0 0.504687 0.154630 0.034375 0.050000
0 0.650260 0.828241 0.021354 0.067593
0 0.835156 0.276389 0.024479 0.058333
0 0.153385 0.691204 0.028646 0.060185
0 0.806771 0.038889 0.020833 0.066667
0 0.250521 0.165278 0.021875 0.069444
0 0.248698 0.645370 0.025521 0.066667
0 0.381771 0.054167 0.019792 0.067593
0 0.850260 0.725000 0.024479 0.059259
0 0.040625 0.818981 0.038542 0.049074
0 0.483594 0.490278 0.018229 0.067593
0 0.095833 0.216667 0.040625 0.040741
0 0.327083 0.880556 0.020833 0.068519
0 0.946615 0.739352 0.038021 0.037963
0 0.722917 0.764815 0.033333 0.031481
0 0.844271 0.204630 0.032292 0.038889
0 0.931771 0.687037 0.032292 0.059259
0 0.438021 0.203704 0.031250 0.040741
0 0.870313 0.889352 0.037500 0.039815
0 0.395573 0.143981 0.032813 0.039815
0 0.025521 0.730556 0.043750 0.035185
0 0.460677 0.838889 0.035937 0.040741
0 0.056510 0.590278 0.044271 0.036111
0 0.965625 0.673611 0.033333 0.047222
0 0.695052 0.863426 0.019271 0.056481
0 0.302604 0.078241 0.029167 0.058333
0 0.956510 0.170370 0.038021 0.038889
0 0.038542 0.444444 0.028125 0.059259
0 0.687240 0.140278 0.035937 0.041667
0 0.812240 0.257870 0.024479 0.060185
0 0.976302 0.711574 0.030729 0.039815
0 0.414323 0.910648 0.031771 0.049074
0 0.866406 0.061574 0.026562 0.056481
0 0.015625 0.482870 0.030208 0.034259
0 0.166146 0.105093 0.040625 0.043519
0 0.454688 0.171759 0.016667 0.050926
0 0.797135 0.917130 0.031771 0.047222
0 0.022396 0.618056 0.042708 0.045370
0 0.438281 0.024537 0.017188 0.043519
0 0.240104 0.379167 0.023958 0.052778
0 0.766927 0.286574 0.028646 0.047222
0 0.970573 0.213889 0.042188 0.042593
0 0.730729 0.035648 0.035417 0.034259
0 0.234115 0.825926 0.031771 0.048148
0 0.732552 0.069444 0.035937 0.042593
0 0.601562 0.887963 0.027083 0.064815
0 0.986198 0.663426 0.026562 0.056481
0 0.380990 0.177778 0.040104 0.038889
0 0.866406 0.105556 0.036979 0.035185
0 0.683333 0.894444 0.019792 0.059259
0 0.073177 0.501389 0.027604 0.043519
0 0.031771 0.060648 0.034375 0.056481
0 0.937760 0.863889 0.036979 0.044444
0 0.075781 0.141204 0.041146 0.043519
0 0.202604 0.093056 0.039583 0.045370
0 0.799219 0.487500 0.029687 0.036111
0 0.577865 0.715741 0.028646 0.050000
0 0.470573 0.022222 0.019271 0.042593
0 0.027344 0.356944 0.038021 0.037963
0 0.132292 0.381019 0.026042 0.047222
0 0.012760 0.102778 0.023438 0.068519
0 0.530990 0.937963 0.026562 0.059259
0 0.710156 0.877315 0.023438 0.041667
0 0.658333 0.696759 0.021875 0.045370
0 0.230469 0.474537 0.025521 0.026852
0 0.989062 0.743519 0.021875 0.055556
0 0.936458 0.024537 0.027083 0.047222
0 0.453125 0.890278 0.033333 0.045370
0 0.074479 0.683796 0.022917 0.041667
0 0.130990 0.039815 0.047396 0.035185
0 0.232031 0.361111 0.021354 0.048148
0 0.026302 0.417130 0.036979 0.058333
0 0.980729 0.185648 0.028125 0.037963
0 0.995833 0.556944 0.008333 0.050926
0 0.011458 0.186574 0.021875 0.049074
0 0.590625 0.012963 0.023958 0.024074
0 0.038542 0.023148 0.022917 0.044444
0 0.889583 0.021759 0.038542 0.039815
0 0.985938 0.870833 0.027083 0.049074
0 0.985417 0.439352 0.017708 0.028704
0 0.502865 0.918056 0.033854 0.037963
0 0.589063 0.363889 0.017708 0.038889
0 0.825521 0.947685 0.037500 0.036111
0 0.431250 0.943056 0.036458 0.039815
0 0.505990 0.888426 0.033854 0.045370
0 0.137760 0.018519 0.038021 0.035185
0 0.546615 0.918519 0.027604 0.044444
0 0.232813 0.927315 0.036458 0.037963
0 0.880208 0.927315 0.028125 0.054630
0 0.820573 0.968981 0.040104 0.037963
0 0.380729 0.553241 0.023958 0.043519
0 0.987240 0.025926 0.023438 0.050000
0 0.262240 0.921296 0.038021 0.042593
0 0.714583 0.937037 0.023958 0.053704
0 0.502344 0.955556 0.036979 0.042593
0 0.943750 0.913426 0.037500 0.041667
0 0.864062 0.962037 0.041667 0.053704
0 0.013021 0.855093 0.025000 0.071296
0 0.113802 0.981019 0.035937 0.032407
0 0.120052 0.940278 0.030729 0.050926
0 0.789323 0.980556 0.030729 0.037037
0 0.553385 0.962500 0.027604 0.058333
0 0.421875 0.974537 0.038542 0.045370
0 0.058333 0.970370 0.040625 0.027778
0 0.518229 0.976852 0.033333 0.044444
0 0.414844 0.100463 0.013021 0.025000
0 0.007812 0.013426 0.014583 0.025000
0 0.731250 0.011574 0.015625 0.021296
0 0.022396 0.962037 0.041667 0.050000
0 0.168490 0.964352 0.040104 0.058333
0 0.210677 0.973611 0.035937 0.036111
0 0.601823 0.219444 0.043229 0.050000
0 0.508594 0.015741 0.016146 0.029630
0 0.327604 0.976852 0.045833 0.046296
0 0.266146 0.964815 0.040625 0.053704
0 0.294792 0.974537 0.022917 0.028704
0 0.638542 0.126389 0.019792 0.067593
0 0.656250 0.121296 0.015625 0.055556
0 0.667188 0.095370 0.031250 0.055556
0 0.641406 0.243981 0.021354 0.062037
0 0.653385 0.170370 0.043229 0.053704
0 0.700521 0.187500 0.037500 0.054630
0 0.675000 0.203704 0.039583 0.057407
0 0.770833 0.246759 0.019792 0.049074
0 0.751042 0.943519 0.034375 0.055556
0 0.716146 0.975926 0.020833 0.037037
0 0.531771 0.035648 0.016667 0.023148
0 0.525781 0.135648 0.021354 0.073148
0 0.247656 0.765741 0.019271 0.029630
0 0.989062 0.975926 0.019792 0.029630
