0 0.652604 0.457870 0.030208 0.058333
0 0.417969 0.244907 0.030729 0.060185
0 0.569010 0.307870 0.025521 0.062037
0 0.658594 0.176389 0.028646 0.062037
0 0.469792 0.610648 0.031250 0.060185
0 0.415104 0.186111 0.030208 0.057407
0 0.656771 0.697222 0.027083 0.059259
0 0.554948 0.472685 0.030729 0.050926
0 0.704688 0.137037 0.023958 0.062963
0 0.467187 0.463426 0.038542 0.037963
0 0.464062 0.093056 0.027083 0.063889
0 0.577865 0.414352 0.031771 0.058333
0 0.266146 0.240741 0.028125 0.064815
0 0.832292 0.483333 0.029167 0.062963
0 0.313281 0.425463 0.032813 0.058333
0 0.688802 0.191204 0.030729 0.062037
0 0.269792 0.497685 0.034375 0.058333
0 0.488281 0.135648 0.020313 0.065741
0 0.522656 0.238889 0.018229 0.066667
0 0.642188 0.240278 0.025000 0.065741
0 0.698958 0.329630 0.020833 0.062963
0 0.339323 0.522685 0.021354 0.065741
0 0.632552 0.391204 0.023438 0.065741
0 0.612500 0.531481 0.034375 0.037037
0 0.370052 0.227778 0.031771 0.059259
0 0.511458 0.176389 0.031250 0.054630
0 0.627083 0.093519 0.032292 0.055556
0 0.900781 0.466204 0.034896 0.039815
0 0.441406 0.266667 0.019271 0.072222
0 0.765365 0.225463 0.019271 0.067593
0 0.295833 0.468519 0.021875 0.070370
0 0.532552 0.106944 0.018229 0.065741
0 0.601823 0.063426 0.018229 0.065741
0 0.244010 0.647222 0.028646 0.064815
0 0.270833 0.551389 0.037500 0.047222
0 0.741406 0.700000 0.028646 0.048148
0 0.809896 0.445833 0.026042 0.058333
0 0.341927 0.198148 0.032813 0.062963
0 0.644792 0.758333 0.031250 0.055556
0 0.572396 0.666204 0.025000 0.054630
0 0.662760 0.068519 0.030729 0.057407
0 0.506510 0.705556 0.031771 0.055556
0 0.522656 0.604167 0.021354 0.060185
0 0.602083 0.262963 0.019792 0.062963
0 0.877344 0.507870 0.038021 0.036111
0 0.667708 0.410185 0.031250 0.042593
0 0.502083 0.807407 0.025000 0.066667
0 0.380469 0.049074 0.023438 0.068519
0 0.316667 0.752778 0.038542 0.048148
0 0.372135 0.156481 0.020313 0.062963
0 0.671094 0.311574 0.036979 0.052778
0 0.532031 0.647685 0.024479 0.062037
0 0.692448 0.267130 0.036979 0.052778
0 0.821615 0.567593 0.034896 0.042593
0 0.190625 0.706481 0.034375 0.057407
0 0.783854 0.325926 0.033333 0.057407
0 0.736198 0.224074 0.027604 0.055556
0 0.590625 0.812963 0.033333 0.050000
0 0.287760 0.367130 0.032813 0.054630
0 0.591146 0.613889 0.035417 0.042593
0 0.677604 0.129630 0.032292 0.057407
0 0.381771 0.508796 0.021875 0.071296
0 0.400781 0.716667 0.031771 0.051852
0 0.948958 0.485648 0.026042 0.056481
0 0.868490 0.212963 0.020313 0.068519
0 0.875781 0.359722 0.023438 0.058333
0 0.374740 0.395370 0.019271 0.070370
0 0.894531 0.327315 0.024479 0.063889
0 0.411458 0.545370 0.021875 0.072222
0 0.489063 0.520833 0.023958 0.063889
0 0.360938 0.757870 0.040625 0.052778
0 0.831771 0.707870 0.034375 0.037963
0 0.720052 0.274074 0.024479 0.055556
0 0.321094 0.089815 0.033854 0.059259
0 0.448437 0.523611 0.034375 0.034259
0 0.328646 0.681019 0.023958 0.071296
0 0.878125 0.771759 0.028125 0.060185
0 0.328906 0.344907 0.024479 0.067593
0 0.563021 0.809259 0.025000 0.066667
0 0.846875 0.825463 0.031250 0.047222
0 0.801042 0.092593 0.022917 0.066667
0 0.534635 0.194444 0.032813 0.055556
0 0.285677 0.194907 0.036979 0.039815
0 0.703385 0.700926 0.020313 0.064815
0 0.353906 0.438426 0.018229 0.063889
0 0.142708 0.379630 0.032292 0.064815
0 0.684896 0.811111 0.034375 0.035185
0 0.434115 0.762500 0.031771 0.039815
0 0.840104 0.610648 0.037500 0.032407
0 0.811719 0.406944 0.036979 0.043519
0 0.825000 0.792593 0.036458 0.048148
0 0.643750 0.306019 0.016667 0.060185
0 0.710677 0.513889 0.020313 0.066667
0 0.827865 0.216204 0.033854 0.052778
0 0.879427 0.639352 0.038021 0.036111
0 0.845573 0.752315 0.020313 0.065741
0 0.492708 0.327778 0.026042 0.068519
0 0.963281 0.424537 0.024479 0.060185
0 0.293490 0.248148 0.033854 0.044444
0 0.827344 0.325926 0.033854 0.057407
0 0.591927 0.768981 0.034896 0.037963
0 0.666667 0.892130 0.028125 0.054630
0 0.607552 0.408796 0.027604 0.056481
0 0.215885 0.351852 0.036979 0.053704
0 0.358594 0.888426 0.027604 0.058333
0 0.251042 0.158796 0.021875 0.069444
0 0.798698 0.220833 0.018229 0.062037
0 0.716146 0.852778 0.023958 0.059259
0 0.729948 0.106481 0.036979 0.042593
0 0.556250 0.637963 0.020833 0.059259
0 0.296875 0.620833 0.018750 0.071296
0 0.334115 0.250000 0.033854 0.048148
0 0.417448 0.120833 0.019271 0.063889
0 0.294010 0.867130 0.039062 0.047222
0 0.592969 0.165278 0.034896 0.054630
0 0.358333 0.504630 0.019792 0.066667
0 0.752604 0.847222 0.037500 0.037037
0 0.697396 0.603704 0.020833 0.064815
0 0.855469 0.328704 0.025521 0.061111
0 0.247396 0.364815 0.033333 0.053704
0 0.365104 0.553704 0.029167 0.059259
0 0.976823 0.737037 0.032813 0.057407
0 0.336458 0.457407 0.021875 0.064815
0 0.954948 0.722222 0.027604 0.059259
0 0.928385 0.338426 0.024479 0.063889
0 0.560677 0.131481 0.032813 0.055556
0 0.785417 0.678704 0.031250 0.057407
0 0.835156 0.278241 0.036979 0.034259
0 0.751302 0.762500 0.020313 0.060185
0 0.861458 0.396759 0.027083 0.067593
0 0.521354 0.764815 0.035417 0.035185
0 0.333073 0.623611 0.021354 0.063889
0 0.153125 0.692593 0.036458 0.050000
0 0.889323 0.839352 0.022396 0.063889
0 0.736198 0.549537 0.020313 0.071296
0 0.271094 0.647222 0.020313 0.068519
0 0.912760 0.706481 0.032813 0.042593
0 0.736979 0.664352 0.034375 0.037963
0 0.848698 0.058333 0.033854 0.044444
0 0.738021 0.150000 0.036458 0.035185
0 0.746875 0.073611 0.038542 0.037963
0 0.346354 0.116204 0.019792 0.058333
0 0.543750 0.827778 0.019792 0.062963
0 0.777604 0.615278 0.021875 0.054630
0 0.986979 0.346759 0.026042 0.062037
0 0.914323 0.559722 0.033854 0.062037
0 0.242188 0.881944 0.034375 0.056481
0 0.691927 0.855093 0.039062 0.036111
0 0.237500 0.475926 0.025000 0.070370
0 0.768750 0.741667 0.018750 0.070370
0 0.816406 0.038426 0.026562 0.049074
0 0.231510 0.071759 0.033854 0.041667
0 0.205469 0.795833 0.038021 0.045370
0 0.765365 0.289352 0.027604 0.047222
0 0.173698 0.418981 0.036979 0.037963
0 0.216146 0.663889 0.025000 0.057407
0 0.255208 0.864352 0.030208 0.060185
0 0.941667 0.383796 0.034375 0.034259
0 0.922656 0.163889 0.021354 0.064815
0 0.325260 0.044444 0.038021 0.040741
0 0.949479 0.810185 0.023958 0.066667
0 0.406510 0.062963 0.035937 0.048148
0 0.982812 0.402315 0.028125 0.058333
0 0.855208 0.095833 0.038542 0.036111
0 0.202083 0.845370 0.041667 0.053704
0 0.578385 0.723148 0.029687 0.038889
0 0.022396 0.460648 0.030208 0.063889
0 0.586198 0.370833 0.021354 0.052778
0 0.888802 0.410648 0.032813 0.045370
0 0.907552 0.891667 0.036979 0.050000
0 0.101823 0.464352 0.025521 0.067593
0 0.919271 0.747222 0.034375 0.038889
0 0.074219 0.880556 0.035937 0.057407
0 0.201042 0.075926 0.031250 0.048148
0 0.123177 0.537963 0.034896 0.062963
0 0.012760 0.623148 0.023438 0.061111
0 0.818750 0.892593 0.035417 0.033333
0 0.144010 0.299537 0.040104 0.036111
0 0.056510 0.505556 0.028646 0.064815
0 0.821875 0.861574 0.040625 0.034259
0 0.987500 0.538889 0.022917 0.055556
0 0.984635 0.456944 0.025521 0.058333
0 0.079948 0.376389 0.040104 0.056481
0 0.730208 0.925926 0.022917 0.062963
0 0.770833 0.493519 0.023958 0.070370
0 0.416667 0.890741 0.026042 0.053704
0 0.009375 0.698611 0.017708 0.065741
0 0.874219 0.305556 0.022396 0.046296
0 0.931510 0.766667 0.032813 0.033333
0 0.964583 0.030556 0.032292 0.051852
0 0.233594 0.818056 0.029687 0.047222
0 0.988281 0.764815 0.023438 0.057407
0 0.895573 0.027778 0.024479 0.053704
0 0.332292 0.292130 0.031250 0.039815
0 0.189062 0.531481 0.029167 0.057407
0 0.800260 0.941204 0.026562 0.062037
0 0.754687 0.952778 0.025000 0.068519
0 0.942708 0.871296 0.037500 0.038889
0 0.960156 0.330556 0.032813 0.070370
0 0.435156 0.017130 0.024479 0.032407
0 0.372917 0.592130 0.021875 0.050926
0 0.458333 0.891204 0.026042 0.049074
0 0.065625 0.220833 0.037500 0.060185
0 0.977344 0.874074 0.034896 0.042593
0 0.950781 0.850463 0.034896 0.036111
0 0.010677 0.362963 0.020313 0.044444
0 0.551042 0.237037 0.025000 0.044444
0 0.204948 0.918056 0.029687 0.062037
0 0.070833 0.314352 0.025000 0.045370
0 0.222656 0.019907 0.021354 0.037963
0 0.853646 0.916204 0.028125 0.041667
0 0.994010 0.064352 0.011979 0.056481
0 0.305208 0.930093 0.020833 0.065741
0 0.130469 0.580556 0.026562 0.042593
0 0.783854 0.963889 0.029167 0.066667
0 0.524219 0.388889 0.020313 0.044444
0 0.653646 0.947685 0.019792 0.065741
0 0.331771 0.921296 0.038542 0.046296
0 0.763021 0.013889 0.014583 0.025926
0 0.896354 0.127778 0.017708 0.038889
0 0.111198 0.046759 0.040104 0.034259
0 0.012760 0.877778 0.024479 0.066667
0 0.053125 0.130556 0.029167 0.072222
0 0.633073 0.614352 0.027604 0.045370
0 0.024479 0.243519 0.042708 0.042593
0 0.704948 0.976852 0.036979 0.033333
0 0.186719 0.320833 0.017188 0.036111
0 0.084635 0.968519 0.032813 0.022222
0 0.128125 0.948611 0.038542 0.069444
0 0.310937 0.979630 0.034375 0.037037
0 0.498698 0.975463 0.034896 0.041667
0 0.533854 0.937037 0.039583 0.061111
0 0.554948 0.929167 0.044271 0.054630
0 0.025260 0.011111 0.036979 0.020370
0 0.346615 0.977778 0.036979 0.035185
0 0.410156 0.956944 0.040104 0.063889
0 0.573958 0.963889 0.026042 0.053704
0 0.034375 0.346759 0.018750 0.030556
0 0.530990 0.037037 0.013021 0.025926
0 0.282031 0.968981 0.042188 0.062037
0 0.174219 0.973611 0.055729 0.052778
0 0.071875 0.591204 0.016667 0.026852
0 0.809635 0.978704 0.030729 0.037037
0 0.922135 0.970833 0.016146 0.021296
0 0.463021 0.553241 0.022917 0.041667
0 0.990885 0.690278 0.018229 0.037963
0 0.805208 0.657870 0.038542 0.045370
0 0.805729 0.616667 0.036458 0.037037
0 0.443490 0.581019 0.019271 0.036111
0 0.554427 0.161111 0.025521 0.061111
0 0.556771 0.208333 0.014583 0.024074
0 0.394531 0.011574 0.029687 0.021296
0 0.383854 0.554167 0.019792 0.050926
0 0.248438 0.525000 0.016667 0.040741
0 0.641406 0.123148 0.021354 0.066667
0 0.602344 0.140741 0.025521 0.031481
0 0.864323 0.158333 0.017188 0.042593
0 0.577604 0.879630 0.022917 0.042593
0 0.551823 0.871759 0.020313 0.030556
0 0.607292 0.358796 0.026042 0.056481
0 0.702604 0.008796 0.017708 0.015741
0 0.039844 0.214352 0.021354 0.052778
