0 0.430208 0.389815 0.027083 0.062963
0 0.389583 0.538889 0.025000 0.062963
0 0.422396 0.158333 0.026042 0.057407
0 0.440104 0.328241 0.029167 0.058333
0 0.387500 0.458796 0.034375 0.054630
0 0.705729 0.234722 0.025000 0.056481
0 0.658854 0.220833 0.026042 0.054630
0 0.748177 0.384722 0.029687 0.058333
0 0.686198 0.498148 0.031771 0.035185
0 0.810417 0.348611 0.033333 0.047222
0 0.534115 0.376389 0.025521 0.062037
0 0.470052 0.347685 0.032813 0.052778
0 0.278385 0.744907 0.034896 0.054630
0 0.546094 0.193981 0.030729 0.052778
0 0.522656 0.080093 0.019271 0.071296
0 0.369271 0.383333 0.025000 0.062963
0 0.460417 0.053241 0.026042 0.063889
0 0.480990 0.634722 0.027604 0.067593
0 0.388802 0.102315 0.026562 0.065741
0 0.636979 0.138426 0.027083 0.056481
0 0.800521 0.421296 0.030208 0.059259
0 0.371875 0.500000 0.022917 0.064815
0 0.586719 0.266667 0.026562 0.051852
0 0.414323 0.087500 0.029687 0.058333
0 0.675521 0.141204 0.029167 0.060185
0 0.236458 0.732870 0.040625 0.047222
0 0.346875 0.687037 0.021875 0.066667
0 0.476302 0.547222 0.035937 0.038889
0 0.873437 0.362037 0.019792 0.064815
0 0.438802 0.800000 0.033854 0.050000
0 0.695052 0.109722 0.023438 0.056481
0 0.386458 0.227778 0.033333 0.048148
0 0.940104 0.281019 0.019792 0.067593
0 0.560677 0.303704 0.016146 0.066667
0 0.825000 0.129167 0.018750 0.071296
0 0.348958 0.488889 0.022917 0.075926
0 0.892188 0.334722 0.019792 0.065741
0 0.369271 0.268519 0.037500 0.037037
0 0.710156 0.412037 0.033854 0.044444
0 0.665104 0.566204 0.029167 0.047222
0 0.691927 0.676852 0.020313 0.062963
0 0.795312 0.157407 0.017708 0.064815
0 0.739583 0.233796 0.028125 0.058333
0 0.739062 0.457407 0.023958 0.059259
0 0.786198 0.291667 0.020313 0.066667
0 0.722396 0.133796 0.032292 0.049074
0 0.416406 0.709259 0.022396 0.064815
0 0.668750 0.057407 0.017708 0.061111
0 0.561198 0.067593 0.028646 0.068519
0 0.145573 0.778704 0.034896 0.057407
0 0.866927 0.483333 0.026562 0.061111
0 0.385937 0.409722 0.031250 0.056481
0 0.656510 0.402778 0.031771 0.059259
0 0.376563 0.062963 0.031250 0.057407
0 0.428125 0.669907 0.030208 0.049074
0 0.490104 0.230556 0.035417 0.035185
0 0.694271 0.582870 0.036458 0.032407
0 0.685417 0.723611 0.019792 0.062037
0 0.597396 0.589815 0.031250 0.040741
0 0.658854 0.277778 0.021875 0.051852
0 0.408594 0.268056 0.036979 0.043519
0 0.877865 0.610185 0.029687 0.053704
0 0.827344 0.504630 0.022396 0.061111
0 0.648698 0.324074 0.036979 0.042593
0 0.820833 0.252778 0.032292 0.038889
0 0.351042 0.752315 0.033333 0.037963
0 0.532813 0.625000 0.027083 0.059259
0 0.583333 0.496759 0.022917 0.060185
0 0.914323 0.640278 0.023438 0.052778
0 0.701823 0.311111 0.033854 0.037037
0 0.742448 0.588889 0.024479 0.048148
0 0.763542 0.455093 0.025000 0.065741
0 0.526563 0.473611 0.023958 0.062037
0 0.719010 0.054167 0.018229 0.065741
0 0.803906 0.489352 0.031771 0.050926
0 0.270573 0.159722 0.032813 0.062037
0 0.125781 0.819907 0.034896 0.049074
0 0.251563 0.509722 0.040625 0.043519
0 0.459896 0.144907 0.018750 0.062037
0 0.541667 0.104630 0.018750 0.059259
0 0.537760 0.785648 0.022396 0.065741
0 0.381771 0.156019 0.037500 0.039815
0 0.967969 0.543981 0.029687 0.056481
0 0.097396 0.686574 0.037500 0.054630
0 0.722917 0.567593 0.018750 0.059259
0 0.449479 0.566204 0.038542 0.034259
0 0.805990 0.086111 0.027604 0.050000
0 0.539323 0.655093 0.022396 0.063889
0 0.589063 0.159722 0.028125 0.045370
0 0.022396 0.538889 0.035417 0.053704
0 0.667708 0.633796 0.032292 0.043519
0 0.619271 0.190741 0.035417 0.042593
0 0.081771 0.537963 0.041667 0.040741
0 0.334635 0.591667 0.029687 0.061111
0 0.754167 0.506481 0.036458 0.037037
0 0.908073 0.171296 0.021354 0.068519
0 0.623958 0.111574 0.031250 0.047222
0 0.107292 0.182870 0.036458 0.049074
0 0.773177 0.122685 0.033854 0.045370
0 0.648698 0.813426 0.018229 0.071296
0 0.467969 0.282870 0.030729 0.049074
0 0.565625 0.406481 0.023958 0.059259
0 0.161719 0.867593 0.033854 0.057407
0 0.602865 0.771296 0.034896 0.031481
0 0.703906 0.807870 0.031771 0.050926
0 0.895052 0.807870 0.023438 0.062037
0 0.935677 0.170370 0.021354 0.064815
0 0.953906 0.633796 0.036979 0.032407
0 0.442969 0.259722 0.020313 0.052778
0 0.318750 0.859722 0.037500 0.054630
0 0.323958 0.636574 0.036458 0.039815
0 0.065885 0.913889 0.033854 0.059259
0 0.093750 0.821296 0.025000 0.062963
0 0.891406 0.446296 0.036979 0.031481
0 0.919271 0.491667 0.032292 0.035185
0 0.438542 0.637037 0.038542 0.035185
0 0.961458 0.163426 0.028125 0.058333
0 0.184115 0.422222 0.038021 0.044444
0 0.207292 0.178241 0.031250 0.052778
0 0.500260 0.438889 0.034896 0.044444
0 0.159896 0.483796 0.041667 0.036111
0 0.286198 0.708796 0.040104 0.037963
0 0.490885 0.039815 0.035937 0.040741
0 0.743229 0.057870 0.027083 0.050926
0 0.763021 0.289815 0.031250 0.053704
0 0.701562 0.275000 0.034375 0.055556
0 0.853646 0.617593 0.023958 0.064815
0 0.955729 0.588426 0.032292 0.037963
0 0.099219 0.580556 0.024479 0.059259
0 0.130729 0.484259 0.023958 0.057407
0 0.509115 0.886574 0.028646 0.058333
0 0.347917 0.361111 0.035417 0.042593
0 0.529687 0.584259 0.033333 0.037037
0 0.886979 0.888426 0.023958 0.054630
0 0.250000 0.647222 0.023958 0.064815
0 0.146354 0.904167 0.034375 0.047222
0 0.839583 0.665741 0.032292 0.033333
0 0.041146 0.869907 0.030208 0.069444
0 0.043490 0.810648 0.038021 0.037963
0 0.868750 0.151389 0.031250 0.049074
0 0.684635 0.831019 0.021354 0.063889
0 0.864583 0.251389 0.039583 0.039815
0 0.777083 0.760185 0.037500 0.038889
0 0.748437 0.688426 0.027083 0.047222
0 0.765885 0.234259 0.020313 0.062963
0 0.852344 0.750000 0.024479 0.061111
0 0.089063 0.233333 0.037500 0.061111
0 0.015625 0.459259 0.030208 0.051852
0 0.775260 0.841667 0.034896 0.053704
0 0.975781 0.181481 0.033854 0.051852
0 0.932813 0.530556 0.023958 0.046296
0 0.721875 0.771296 0.034375 0.033333
0 0.572656 0.850000 0.028646 0.057407
0 0.013281 0.628704 0.025521 0.064815
0 0.491667 0.096759 0.031250 0.049074
0 0.600781 0.880093 0.026562 0.056481
0 0.421615 0.199074 0.033854 0.035185
0 0.168750 0.234259 0.027083 0.072222
0 0.979688 0.400926 0.036458 0.033333
0 0.756771 0.727315 0.033333 0.030556
0 0.792708 0.214352 0.038542 0.036111
0 0.222917 0.234722 0.028125 0.050926
0 0.974479 0.365278 0.030208 0.049074
0 0.939323 0.836111 0.036979 0.044444
0 0.666667 0.829630 0.016667 0.070370
0 0.514323 0.421759 0.038021 0.036111
0 0.871875 0.778241 0.029167 0.054630
0 0.872396 0.852315 0.037500 0.036111
0 0.355729 0.885185 0.026042 0.062963
0 0.842448 0.851389 0.023438 0.058333
0 0.767708 0.056944 0.033333 0.045370
0 0.940625 0.037963 0.022917 0.066667
0 0.235156 0.100463 0.031771 0.060185
0 0.915885 0.252315 0.021354 0.050926
0 0.871354 0.066204 0.018750 0.069444
0 0.452083 0.217130 0.036458 0.034259
0 0.708854 0.921296 0.033333 0.042593
0 0.575260 0.200926 0.019271 0.046296
0 0.897135 0.038426 0.033854 0.041667
0 0.616927 0.865741 0.020313 0.061111
0 0.227344 0.340278 0.041146 0.036111
0 0.110677 0.633333 0.034896 0.035185
0 0.594010 0.731019 0.030729 0.043519
0 0.023438 0.321296 0.038542 0.048148
0 0.642708 0.908333 0.030208 0.038889
0 0.169010 0.372222 0.023438 0.075926
0 0.803385 0.670370 0.032813 0.053704
0 0.986458 0.640278 0.025000 0.052778
0 0.926042 0.931019 0.031250 0.052778
0 0.193750 0.790278 0.025000 0.067593
0 0.154688 0.694444 0.025000 0.062963
0 0.194271 0.493981 0.025000 0.060185
0 0.531510 0.866204 0.025521 0.058333
0 0.786719 0.704630 0.021354 0.059259
0 0.064844 0.256019 0.030729 0.060185
0 0.852604 0.021296 0.030208 0.040741
0 0.953906 0.937037 0.032813 0.042593
0 0.466146 0.879630 0.019792 0.070370
0 0.110937 0.049074 0.027083 0.057407
0 0.389583 0.019444 0.039583 0.037037
0 0.172917 0.950926 0.039583 0.068519
0 0.781510 0.019444 0.017188 0.037037
0 0.825521 0.897222 0.032292 0.042593
0 0.348438 0.321296 0.037500 0.053704
0 0.082552 0.106019 0.029687 0.063889
0 0.744792 0.921296 0.032292 0.042593
0 0.013281 0.872685 0.025521 0.058333
0 0.508073 0.958796 0.040104 0.047222
0 0.233594 0.824537 0.030729 0.052778
0 0.219531 0.941667 0.033854 0.053704
0 0.141146 0.077315 0.027083 0.054630
0 0.994010 0.253704 0.010937 0.051852
0 0.986458 0.040278 0.025000 0.047222
0 0.923438 0.975926 0.033333 0.033333
0 0.183073 0.860185 0.024479 0.040741
0 0.297396 0.489352 0.015625 0.041667
0 0.616667 0.939815 0.033333 0.035185
0 0.532031 0.906944 0.026562 0.034259
0 0.396615 0.874537 0.030729 0.036111
0 0.308854 0.127315 0.021875 0.052778
0 0.533854 0.979630 0.032292 0.037037
0 0.735417 0.016204 0.021875 0.030556
0 0.386979 0.697685 0.018750 0.039815
0 0.990625 0.876852 0.018750 0.042593
0 0.713281 0.967593 0.055729 0.050000
0 0.312240 0.976852 0.047396 0.035185
0 0.233594 0.974074 0.040104 0.033333
0 0.646615 0.012037 0.016146 0.022222
0 0.031771 0.236111 0.026042 0.038889
0 0.503646 0.984722 0.023958 0.030556
0 0.040365 0.205093 0.020313 0.036111
0 0.813802 0.972685 0.024479 0.039815
0 0.071615 0.964815 0.035937 0.062963
0 0.354167 0.976389 0.036458 0.045370
0 0.045052 0.966667 0.032813 0.055556
0 0.378646 0.966667 0.025000 0.057407
0 0.481510 0.492130 0.040104 0.030556
0 0.518229 0.503241 0.036458 0.043519
0 0.554948 0.482870 0.034896 0.037963
0 0.550781 0.521759 0.034896 0.032407
0 0.560937 0.547685 0.036458 0.034259
0 0.603646 0.560648 0.031250 0.041667
0 0.616406 0.530093 0.040104 0.036111
0 0.985677 0.973148 0.027604 0.020370
0 0.477865 0.975000 0.017188 0.025926
0 0.512240 0.930556 0.015104 0.037037
0 0.932031 0.886574 0.015104 0.015741
0 0.941927 0.870370 0.029687 0.035185
0 0.616406 0.073611 0.032813 0.047222
0 0.652604 0.081481 0.021875 0.061111
0 0.719531 0.685185 0.027604 0.055556
0 0.758594 0.634259 0.038021 0.031481
0 0.760938 0.593981 0.016667 0.062037
0 0.767188 0.678704 0.016667 0.064815
0 0.720573 0.489815 0.020313 0.042593
