0 0.637500 0.514815 0.029167 0.051852
0 0.723698 0.787500 0.026562 0.056481
0 0.687240 0.381481 0.026562 0.061111
0 0.878646 0.681481 0.029167 0.057407
0 0.589063 0.653704 0.023958 0.061111
0 0.746354 0.606944 0.027083 0.056481
0 0.444792 0.667593 0.023958 0.057407
0 0.806510 0.538889 0.029687 0.057407
0 0.606250 0.382407 0.031250 0.057407
0 0.370312 0.808333 0.026042 0.066667
0 0.888542 0.840278 0.033333 0.043519
0 0.520312 0.601852 0.025000 0.064815
0 0.289062 0.701852 0.029167 0.061111
0 0.176042 0.654630 0.030208 0.066667
0 0.551042 0.302778 0.017708 0.068519
0 0.801562 0.428704 0.028125 0.061111
0 0.601823 0.799074 0.028646 0.051852
0 0.454167 0.541667 0.022917 0.059259
0 0.341146 0.661574 0.031250 0.050926
0 0.829167 0.458796 0.021875 0.063889
0 0.646094 0.670833 0.026562 0.062037
0 0.508073 0.277778 0.029687 0.044444
0 0.722396 0.653241 0.028125 0.054630
0 0.382031 0.229630 0.020313 0.066667
0 0.650000 0.749074 0.036458 0.042593
0 0.666146 0.539815 0.021875 0.061111
0 0.484375 0.488889 0.029167 0.059259
0 0.247396 0.643056 0.022917 0.069444
0 0.724479 0.566667 0.020833 0.062963
0 0.787240 0.363426 0.032813 0.041667
0 0.906510 0.469444 0.019271 0.070370
0 0.649740 0.810185 0.021354 0.066667
0 0.391406 0.378704 0.029687 0.061111
0 0.649479 0.231019 0.018750 0.058333
0 0.676042 0.225463 0.018750 0.063889
0 0.575260 0.258333 0.023438 0.061111
0 0.214062 0.766204 0.027083 0.067593
0 0.545312 0.843981 0.031250 0.045370
0 0.440625 0.853241 0.023958 0.065741
0 0.855729 0.731481 0.030208 0.050000
0 0.401302 0.452778 0.025521 0.061111
0 0.852865 0.799537 0.031771 0.043519
0 0.834635 0.641204 0.028646 0.060185
0 0.455208 0.143981 0.037500 0.045370
0 0.612500 0.126852 0.021875 0.055556
0 0.924479 0.830556 0.035417 0.033333
0 0.428125 0.426852 0.022917 0.064815
0 0.370573 0.381481 0.020313 0.064815
0 0.213542 0.618056 0.030208 0.058333
0 0.487240 0.786111 0.033854 0.037037
0 0.253125 0.694907 0.038542 0.041667
0 0.694271 0.536111 0.025000 0.055556
0 0.576823 0.461574 0.034896 0.034259
0 0.967969 0.534722 0.024479 0.065741
0 0.399219 0.235185 0.018229 0.064815
0 0.400521 0.709259 0.019792 0.068519
0 0.476823 0.061111 0.017188 0.066667
0 0.747917 0.738889 0.036458 0.044444
0 0.492969 0.428704 0.035937 0.046296
0 0.792708 0.280556 0.022917 0.061111
0 0.419010 0.184259 0.032813 0.046296
0 0.964063 0.295833 0.028125 0.056481
0 0.698958 0.584259 0.035417 0.033333
0 0.869792 0.487963 0.037500 0.046296
0 0.211198 0.185648 0.034896 0.050926
0 0.703906 0.295833 0.020313 0.060185
0 0.652604 0.087500 0.021875 0.060185
0 0.593490 0.324537 0.035937 0.039815
0 0.139323 0.631019 0.040104 0.050926
0 0.513542 0.668056 0.022917 0.067593
0 0.460156 0.262963 0.017188 0.064815
0 0.172656 0.235185 0.030729 0.064815
0 0.826823 0.702315 0.035937 0.041667
0 0.609635 0.429167 0.033854 0.043519
0 0.669792 0.850463 0.021875 0.065741
0 0.846875 0.442130 0.022917 0.060185
0 0.695052 0.224074 0.021354 0.061111
0 0.488021 0.307407 0.017708 0.064815
0 0.941667 0.216204 0.026042 0.062037
0 0.676562 0.149537 0.029167 0.052778
0 0.412500 0.281019 0.021875 0.069444
0 0.567187 0.318519 0.018750 0.066667
0 0.924219 0.688889 0.035937 0.033333
0 0.937240 0.285648 0.025521 0.060185
0 0.378906 0.557870 0.020313 0.063889
0 0.734635 0.297685 0.038021 0.036111
0 0.350781 0.284722 0.041146 0.039815
0 0.594010 0.152778 0.032813 0.048148
0 0.601302 0.268981 0.032813 0.050926
0 0.341667 0.055093 0.035417 0.056481
0 0.371094 0.625926 0.034896 0.033333
0 0.625781 0.457870 0.021354 0.052778
0 0.173958 0.315741 0.031250 0.064815
0 0.953385 0.771759 0.033854 0.056481
0 0.622656 0.193056 0.017188 0.056481
0 0.730729 0.689352 0.038542 0.039815
0 0.517188 0.420370 0.035417 0.038889
0 0.937760 0.631481 0.040104 0.050000
0 0.792708 0.475463 0.029167 0.050926
0 0.215885 0.717130 0.041146 0.034259
0 0.308333 0.385648 0.032292 0.049074
0 0.630208 0.881481 0.030208 0.059259
0 0.284375 0.791667 0.039583 0.044444
0 0.567187 0.746759 0.031250 0.058333
0 0.921615 0.773148 0.024479 0.053704
0 0.496094 0.112963 0.033854 0.050000
0 0.725260 0.180093 0.026562 0.056481
0 0.477083 0.894444 0.023958 0.057407
0 0.801562 0.155093 0.022917 0.058333
0 0.883594 0.890278 0.034896 0.036111
0 0.519271 0.073148 0.018750 0.068519
0 0.257552 0.233796 0.039062 0.045370
0 0.894792 0.222222 0.030208 0.061111
0 0.695573 0.786574 0.023438 0.067593
0 0.889583 0.605093 0.038542 0.036111
0 0.285677 0.150926 0.029687 0.051852
0 0.906510 0.315278 0.032813 0.058333
0 0.239844 0.292593 0.038021 0.035185
0 0.193229 0.259722 0.029167 0.062037
0 0.154167 0.693519 0.026042 0.062963
0 0.783333 0.676852 0.028125 0.057407
0 0.445833 0.215741 0.031250 0.042593
0 0.459635 0.061111 0.020313 0.057407
0 0.559375 0.672222 0.020833 0.064815
0 0.682552 0.328241 0.034896 0.047222
0 0.661979 0.904630 0.037500 0.040741
0 0.509635 0.511574 0.025521 0.052778
0 0.883333 0.273611 0.020833 0.065741
0 0.871354 0.065278 0.019792 0.067593
0 0.254427 0.175463 0.023438 0.063889
0 0.691667 0.669907 0.026042 0.063889
0 0.850260 0.340741 0.039062 0.040741
0 0.882292 0.367130 0.017708 0.063889
0 0.988542 0.401852 0.021875 0.059259
0 0.892708 0.567593 0.037500 0.037037
0 0.159115 0.528704 0.038021 0.037037
0 0.269531 0.110185 0.024479 0.062963
0 0.599479 0.876389 0.027083 0.056481
0 0.895312 0.343981 0.027083 0.056481
0 0.438281 0.900463 0.033854 0.041667
0 0.800000 0.822222 0.034375 0.031481
0 0.538281 0.719444 0.036979 0.037037
0 0.123698 0.795370 0.033854 0.064815
0 0.887500 0.086111 0.021875 0.061111
0 0.988281 0.594907 0.021354 0.062037
0 0.475781 0.215278 0.018229 0.056481
0 0.847917 0.258796 0.032292 0.036111
0 0.174479 0.126852 0.033333 0.066667
0 0.495573 0.620370 0.032813 0.038889
0 0.378646 0.053704 0.025000 0.061111
0 0.552083 0.215741 0.021875 0.048148
0 0.348958 0.484259 0.021875 0.070370
0 0.461719 0.875463 0.021354 0.063889
0 0.638542 0.135648 0.034375 0.047222
0 0.239844 0.099537 0.038021 0.050926
0 0.916146 0.566667 0.022917 0.074074
0 0.772396 0.296296 0.034375 0.051852
0 0.205469 0.484722 0.034896 0.041667
0 0.738021 0.225926 0.032292 0.046296
0 0.589583 0.916204 0.031250 0.049074
0 0.986979 0.528704 0.020833 0.059259
0 0.207031 0.851389 0.045312 0.037963
0 0.098177 0.821296 0.031771 0.064815
0 0.822917 0.136111 0.030208 0.061111
0 0.153385 0.486574 0.044271 0.036111
0 0.827344 0.932870 0.031771 0.052778
0 0.855208 0.133796 0.036458 0.047222
0 0.763802 0.695833 0.038021 0.049074
0 0.785937 0.033796 0.019792 0.065741
0 0.580729 0.715278 0.022917 0.047222
0 0.021354 0.755093 0.037500 0.063889
0 0.363281 0.025926 0.033854 0.050000
0 0.900781 0.051389 0.021354 0.067593
0 0.009635 0.363426 0.018229 0.058333
0 0.311719 0.609259 0.018229 0.064815
0 0.234896 0.824074 0.034375 0.046296
0 0.185938 0.443519 0.027083 0.055556
0 0.055729 0.475463 0.045833 0.043519
0 0.545573 0.778241 0.033854 0.065741
0 0.398698 0.050463 0.030729 0.054630
0 0.043229 0.415278 0.032292 0.071296
0 0.554948 0.494907 0.019271 0.049074
0 0.984635 0.834722 0.025521 0.062037
0 0.821875 0.862037 0.047917 0.046296
0 0.808854 0.075463 0.021875 0.052778
0 0.838542 0.843519 0.032292 0.044444
0 0.026042 0.259259 0.023958 0.061111
0 0.353906 0.930093 0.024479 0.065741
0 0.083333 0.109259 0.026042 0.072222
0 0.932031 0.535185 0.018229 0.042593
0 0.111198 0.104630 0.030729 0.066667
0 0.588802 0.367130 0.019271 0.047222
0 0.389583 0.961111 0.032292 0.050000
0 0.719792 0.039815 0.021875 0.061111
0 0.581250 0.965741 0.037500 0.057407
0 0.980729 0.051389 0.021875 0.062037
0 0.160156 0.879167 0.031771 0.063889
0 0.240104 0.445833 0.020833 0.067593
0 0.132812 0.460648 0.029167 0.062037
0 0.020313 0.153704 0.037500 0.033333
0 0.520052 0.906019 0.032813 0.060185
0 0.009115 0.212963 0.017188 0.029630
0 0.768229 0.250000 0.025000 0.042593
0 0.163281 0.937037 0.031771 0.040741
0 0.418229 0.020833 0.027083 0.039815
0 0.988281 0.335648 0.021354 0.045370
0 0.447135 0.972685 0.035937 0.026852
0 0.394271 0.875926 0.027083 0.035185
0 0.634375 0.956019 0.030208 0.069444
0 0.634115 0.608333 0.022396 0.035185
0 0.706510 0.076852 0.023438 0.044444
0 0.029687 0.481481 0.028125 0.051852
0 0.354427 0.981481 0.035937 0.035185
0 0.945052 0.960648 0.030729 0.062037
0 0.669010 0.965741 0.030729 0.051852
0 0.983594 0.961574 0.032813 0.054630
0 0.832812 0.978241 0.022917 0.043519
0 0.033333 0.067130 0.043750 0.037963
0 0.310417 0.968981 0.032292 0.017593
0 0.173437 0.967593 0.029167 0.059259
0 0.097396 0.928241 0.033333 0.041667
0 0.886458 0.972685 0.027083 0.032407
0 0.698438 0.970833 0.037500 0.049074
0 0.640104 0.012037 0.013542 0.022222
0 0.061198 0.936574 0.035937 0.049074
0 0.507031 0.974074 0.025521 0.050000
0 0.529687 0.250463 0.029167 0.047222
0 0.486198 0.249537 0.015104 0.032407
0 0.012240 0.468056 0.022396 0.037963
0 0.576042 0.200463 0.017708 0.045370
0 0.601823 0.229167 0.034896 0.041667
0 0.650260 0.157407 0.022396 0.051852
0 0.605469 0.847222 0.021354 0.046296
0 0.626302 0.831481 0.035937 0.048148
0 0.667188 0.488426 0.033333 0.043519
0 0.586979 0.885648 0.027083 0.041667
0 0.626823 0.104630 0.026562 0.029630
0 0.993229 0.263889 0.013542 0.024074
