0 0.304948 0.635648 0.029687 0.054630
0 0.777083 0.864815 0.025000 0.061111
0 0.364844 0.745370 0.033854 0.059259
0 0.321354 0.737500 0.032292 0.049074
0 0.405208 0.629167 0.032292 0.062037
0 0.359635 0.694907 0.023438 0.063889
0 0.661458 0.850000 0.028125 0.050000
0 0.682292 0.388426 0.029167 0.052778
0 0.675521 0.134722 0.028125 0.062037
0 0.437500 0.553241 0.032292 0.049074
0 0.817448 0.464815 0.023438 0.057407
0 0.742708 0.693981 0.031250 0.052778
0 0.764844 0.626852 0.027604 0.061111
0 0.591927 0.834259 0.033854 0.044444
0 0.484115 0.473611 0.029687 0.049074
0 0.352344 0.611111 0.031771 0.055556
0 0.901042 0.622222 0.021875 0.064815
0 0.323958 0.487963 0.023958 0.068519
0 0.268750 0.529630 0.019792 0.061111
0 0.687760 0.516667 0.027604 0.059259
0 0.692708 0.676389 0.021875 0.065741
0 0.510417 0.365741 0.034375 0.044444
0 0.688281 0.606944 0.032813 0.045370
0 0.579688 0.433796 0.032292 0.049074
0 0.771094 0.762500 0.030729 0.049074
0 0.683854 0.454630 0.035417 0.040741
0 0.882812 0.757407 0.031250 0.048148
0 0.738542 0.781944 0.032292 0.050926
0 0.509115 0.786111 0.026562 0.061111
0 0.341406 0.833333 0.039062 0.042593
0 0.284635 0.248148 0.026562 0.062963
0 0.089063 0.662963 0.037500 0.044444
0 0.788281 0.450926 0.028646 0.046296
0 0.658333 0.422685 0.022917 0.056481
0 0.877083 0.644444 0.026042 0.062963
0 0.761458 0.487963 0.026042 0.048148
0 0.684896 0.831944 0.022917 0.062037
0 0.491927 0.428241 0.027604 0.060185
0 0.450781 0.320833 0.028646 0.060185
0 0.658073 0.783333 0.019271 0.062963
0 0.654167 0.084722 0.020833 0.062037
0 0.829167 0.244907 0.025000 0.058333
0 0.308333 0.417593 0.033333 0.064815
0 0.664844 0.566667 0.021354 0.064815
0 0.356510 0.184259 0.020313 0.064815
0 0.890885 0.714815 0.031771 0.042593
0 0.962500 0.585648 0.020833 0.060185
0 0.532292 0.529167 0.022917 0.063889
0 0.113281 0.521759 0.038021 0.043519
0 0.543229 0.413889 0.025000 0.053704
0 0.340104 0.254167 0.029167 0.056481
0 0.725260 0.563889 0.019271 0.062963
0 0.645573 0.304630 0.030729 0.057407
0 0.384896 0.205556 0.020833 0.064815
0 0.446354 0.243519 0.036458 0.038889
0 0.226042 0.660648 0.026042 0.069444
0 0.923177 0.282870 0.021354 0.062037
0 0.169531 0.638889 0.028646 0.062963
0 0.403125 0.261574 0.031250 0.047222
0 0.776042 0.133796 0.029167 0.062037
0 0.504687 0.226389 0.016667 0.063889
0 0.560937 0.291204 0.023958 0.062037
0 0.928385 0.516667 0.039062 0.044444
0 0.881510 0.916204 0.025521 0.056481
0 0.697656 0.317593 0.030729 0.033333
0 0.831771 0.537500 0.034375 0.049074
0 0.888021 0.499537 0.031250 0.056481
0 0.519792 0.203704 0.017708 0.068519
0 0.523958 0.074074 0.020833 0.064815
0 0.345313 0.480093 0.020833 0.069444
0 0.536198 0.638889 0.033854 0.048148
0 0.733073 0.264352 0.020313 0.056481
0 0.955729 0.440741 0.022917 0.068519
0 0.373698 0.477315 0.025521 0.063889
0 0.947135 0.765741 0.018229 0.066667
0 0.141927 0.228704 0.025521 0.066667
0 0.782031 0.090278 0.029687 0.062037
0 0.715104 0.798611 0.036458 0.034259
0 0.802604 0.734259 0.030208 0.044444
0 0.808333 0.240278 0.020833 0.062037
0 0.746875 0.218981 0.032292 0.058333
0 0.555990 0.476389 0.028646 0.052778
0 0.575521 0.730093 0.020833 0.060185
0 0.859115 0.490278 0.020313 0.060185
0 0.876563 0.809259 0.032292 0.051852
0 0.606771 0.415741 0.033333 0.040741
0 0.799479 0.675463 0.019792 0.058333
0 0.944531 0.488889 0.033854 0.042593
0 0.153646 0.514815 0.026042 0.066667
0 0.562760 0.368981 0.035937 0.045370
0 0.823958 0.169907 0.020833 0.063889
0 0.423177 0.193056 0.038021 0.036111
0 0.402344 0.558796 0.017188 0.060185
0 0.125781 0.563426 0.030729 0.047222
0 0.757031 0.275463 0.035937 0.039815
0 0.622656 0.116204 0.035937 0.043519
0 0.315104 0.206019 0.030208 0.056481
0 0.249479 0.647685 0.022917 0.065741
0 0.207292 0.187963 0.033333 0.055556
0 0.874479 0.244907 0.028125 0.056481
0 0.497656 0.060648 0.026562 0.067593
0 0.376563 0.566204 0.027083 0.056481
0 0.483594 0.534722 0.020313 0.062037
0 0.975781 0.462500 0.022396 0.063889
0 0.584896 0.871296 0.031250 0.050000
0 0.643229 0.037037 0.019792 0.059259
0 0.858073 0.107407 0.031771 0.055556
0 0.804167 0.625463 0.033333 0.050926
0 0.847396 0.757870 0.031250 0.041667
0 0.617708 0.732870 0.019792 0.063889
0 0.842187 0.840278 0.020833 0.062037
0 0.145573 0.434722 0.039062 0.039815
0 0.793490 0.585648 0.032813 0.039815
0 0.707292 0.213426 0.034375 0.039815
0 0.935677 0.795370 0.022396 0.062963
0 0.134896 0.731481 0.039583 0.038889
0 0.633854 0.632870 0.025000 0.075000
0 0.844010 0.368981 0.028646 0.062037
0 0.470052 0.110648 0.038021 0.047222
0 0.918750 0.788426 0.022917 0.062037
0 0.036719 0.713889 0.034896 0.066667
0 0.413542 0.313426 0.029167 0.063889
0 0.138802 0.290741 0.029687 0.068519
0 0.290365 0.489352 0.028646 0.043519
0 0.850521 0.168981 0.032292 0.049074
0 0.429167 0.095833 0.027083 0.060185
0 0.911719 0.380556 0.039062 0.042593
0 0.881250 0.439352 0.034375 0.043519
0 0.250000 0.232870 0.036458 0.052778
0 0.818490 0.080556 0.023438 0.062963
0 0.873958 0.363426 0.018750 0.062037
0 0.853646 0.887963 0.038542 0.037037
0 0.773438 0.175926 0.031250 0.057407
0 0.947396 0.395370 0.025000 0.061111
0 0.148438 0.688426 0.025000 0.067593
0 0.246615 0.329167 0.041146 0.049074
0 0.810937 0.807870 0.018750 0.058333
0 0.147135 0.468056 0.040104 0.036111
0 0.510677 0.482407 0.019271 0.062963
0 0.769531 0.328241 0.031771 0.063889
0 0.879687 0.868981 0.033333 0.049074
0 0.395052 0.091204 0.023438 0.062037
0 0.088021 0.737963 0.039583 0.059259
0 0.298958 0.050000 0.029167 0.055556
0 0.515365 0.420370 0.035937 0.035185
0 0.867708 0.932870 0.028125 0.054630
0 0.477344 0.211574 0.032813 0.037963
0 0.900260 0.289815 0.025521 0.059259
0 0.797656 0.163426 0.020313 0.065741
0 0.371875 0.081019 0.029167 0.062037
0 0.919271 0.220833 0.039583 0.036111
0 0.317188 0.140278 0.032292 0.062037
0 0.857292 0.306481 0.027083 0.059259
0 0.208073 0.807870 0.022396 0.063889
0 0.353385 0.551852 0.027604 0.061111
0 0.145313 0.133333 0.037500 0.053704
0 0.153906 0.085648 0.027604 0.065741
0 0.610156 0.056944 0.035937 0.037963
0 0.344010 0.081944 0.022396 0.056481
0 0.282292 0.081481 0.028125 0.048148
0 0.371094 0.592130 0.032813 0.043519
0 0.100000 0.112037 0.019792 0.066667
0 0.511458 0.120370 0.035417 0.046296
0 0.707292 0.547222 0.018750 0.055556
0 0.881510 0.309259 0.022396 0.059259
0 0.119792 0.475926 0.030208 0.055556
0 0.506510 0.893056 0.024479 0.071296
0 0.574479 0.201852 0.017708 0.044444
0 0.081771 0.075926 0.018750 0.070370
0 0.871615 0.064815 0.019271 0.066667
0 0.140625 0.052315 0.032292 0.060185
0 0.347917 0.033796 0.038542 0.036111
0 0.278125 0.880093 0.022917 0.067593
0 0.017448 0.656481 0.033854 0.048148
0 0.761979 0.924074 0.036458 0.040741
0 0.905990 0.864815 0.035937 0.040741
0 0.167708 0.231944 0.023958 0.069444
0 0.238802 0.105556 0.036979 0.050000
0 0.040885 0.168519 0.021354 0.066667
0 0.235417 0.821759 0.034375 0.050926
0 0.990365 0.486574 0.019271 0.047222
0 0.835677 0.303704 0.030729 0.037037
0 0.990104 0.353704 0.019792 0.050000
0 0.020313 0.505556 0.038542 0.050000
0 0.535417 0.024537 0.030208 0.047222
0 0.110677 0.861574 0.034896 0.037963
0 0.634896 0.754167 0.021875 0.054630
0 0.187240 0.258333 0.035937 0.048148
0 0.211458 0.895370 0.035417 0.048148
0 0.023958 0.254630 0.028125 0.046296
0 0.470313 0.877315 0.021875 0.067593
0 0.721354 0.023148 0.033333 0.044444
0 0.246875 0.028241 0.023958 0.054630
0 0.728385 0.935185 0.035937 0.037037
0 0.240885 0.862963 0.040104 0.048148
0 0.471094 0.016204 0.038021 0.030556
0 0.490885 0.675000 0.020313 0.048148
0 0.991927 0.721296 0.016146 0.044444
0 0.183594 0.858796 0.024479 0.041667
0 0.811198 0.949074 0.031771 0.050000
0 0.550521 0.948148 0.034375 0.062963
0 0.838281 0.704167 0.017188 0.026852
0 0.772135 0.952315 0.033854 0.034259
0 0.927083 0.934259 0.025000 0.064815
0 0.811198 0.975926 0.025521 0.046296
0 0.919792 0.896296 0.033333 0.038889
0 0.220833 0.392130 0.020833 0.030556
0 0.592969 0.721759 0.023438 0.034259
0 0.765365 0.975000 0.035937 0.037037
0 0.638542 0.941204 0.031250 0.045370
0 0.395573 0.873611 0.028646 0.036111
0 0.370833 0.969907 0.027083 0.060185
0 0.986458 0.931019 0.022917 0.052778
0 0.038281 0.925926 0.031771 0.062963
0 0.063281 0.010185 0.021354 0.018519
0 0.427083 0.947222 0.033333 0.057407
0 0.689583 0.975000 0.035417 0.037037
0 0.846094 0.970833 0.038021 0.047222
0 0.984635 0.870370 0.030729 0.048148
0 0.971094 0.966667 0.048438 0.048148
0 0.995052 0.079167 0.009896 0.041667
0 0.234635 0.938889 0.039062 0.064815
0 0.137760 0.977778 0.028646 0.040741
0 0.157292 0.946759 0.038542 0.049074
0 0.317969 0.960185 0.029687 0.075926
0 0.352344 0.976852 0.034896 0.044444
0 0.592187 0.975926 0.052083 0.046296
0 0.583333 0.948611 0.033333 0.050926
0 0.578125 0.911111 0.041667 0.033333
0 0.249479 0.272222 0.027083 0.037037
0 0.311458 0.113426 0.029167 0.062037
0 0.437760 0.268056 0.024479 0.032407
0 0.374740 0.010648 0.020313 0.019444
0 0.414583 0.011574 0.028125 0.021296
0 0.511979 0.013426 0.018750 0.025000
0 0.496094 0.012037 0.015104 0.022222
0 0.689583 0.006481 0.020833 0.011111
0 0.990625 0.160185 0.018750 0.033333
0 0.620313 0.371759 0.038542 0.050926
0 0.645833 0.347222 0.030208 0.072222
0 0.663281 0.331481 0.021354 0.027778
0 0.584635 0.337500 0.025521 0.063889
0 0.610156 0.314352 0.024479 0.063889
0 0.775521 0.544907 0.019792 0.032407
0 0.584635 0.258333 0.033854 0.051852
0 0.634375 0.248611 0.030208 0.056481
0 0.625781 0.220370 0.031771 0.051852
0 0.601823 0.206019 0.029687 0.054630
0 0.639844 0.177778 0.033854 0.046296
0 0.669271 0.187037 0.031250 0.062963
0 0.604427 0.157870 0.034896 0.047222
0 0.639583 0.133796 0.035417 0.050926
0 0.055208 0.995370 0.032292 0.009259
0 0.863281 0.823611 0.038021 0.058333
0 0.577865 0.457870 0.018229 0.037963
0 0.934115 0.975000 0.024479 0.031481
0 0.990885 0.972222 0.016146 0.040741
