0 0.330810546875 0.404296875 0.032470703125 0.05075412326388889
0 0.21240234375 0.3908420138888889 0.0254669189453125 0.06559244791666667
0 0.66357421875 0.5716145833333334 0.0268096923828125 0.0556640625
0 0.69873046875 0.5525173611111112 0.0206451416015625 0.06450737847222222
0 0.4345703125 0.6067708333333334 0.0294189453125 0.05555555555555555
0 0.1422119140625 0.4509548611111111 0.0221099853515625 0.06982421875
0 0.470703125 0.6319444444444444 0.03338623046875 0.049886067708333336
0 0.6513671875 0.8098958333333334 0.0280609130859375 0.05750868055555555
0 0.186279296875 0.2797309027777778 0.0231475830078125 0.06586371527777778
0 0.1934814453125 0.4292534722222222 0.038116455078125 0.04275173611111111
0 0.93505859375 0.4644097222222222 0.025909423828125 0.0636935763888889
0 0.26318359375 0.3305121527777778 0.0262603759765625 0.06179470486111111
0 0.333984375 0.20789930555555555 0.026702880859375 0.06076388888888889
0 0.30517578125 0.3259548611111111 0.030914306640625 0.05422634548611111
0 0.7109375 0.6866319444444444 0.0236053466796875 0.053412543402777776
0 0.365478515625 0.7005208333333334 0.0283355712890625 0.06293402777777778
0 0.71484375 0.7886284722222222 0.02838134765625 0.05433485243055555
0 0.69677734375 0.8463541666666666 0.0252685546875 0.05750868055555555
0 0.464599609375 0.8255208333333334 0.03533935546875 0.05848524305555555
0 0.4091796875 0.7508680555555556 0.033721923828125 0.0498046875
0 0.3486328125 0.3140190972222222 0.0212860107421875 0.06391059027777778
0 0.93701171875 0.6276041666666666 0.0241851806640625 0.06016710069444445
0 0.23779296875 0.4574652777777778 0.0221099853515625 0.06526692708333333
0 0.95263671875 0.5199652777777778 0.0305023193359375 0.060872395833333336
0 0.705078125 0.4709201388888889 0.029876708984375 0.049967447916666664
0 0.30224609375 0.4431423611111111 0.023193359375 0.07427300347222222
0 0.181396484375 0.390625 0.037261962890625 0.043267144097222224
0 0.302978515625 0.3671875 0.034759521484375 0.04649522569444445
0 0.406005859375 0.7109375 0.036773681640625 0.043755425347222224
0 0.7861328125 0.7669270833333334 0.036773681640625 0.037841796875
0 0.185302734375 0.4592013888888889 0.045013427734375 0.04031032986111111
0 0.64794921875 0.2345920138888889 0.0197906494140625 0.059516059027777776
0 0.6474609375 0.6302083333333334 0.0261993408203125 0.07470703125
0 0.74853515625 0.6150173611111112 0.02508544921875 0.054850260416666664
0 0.66943359375 0.8771701388888888 0.025665283203125 0.0636935763888889
0 0.489990234375 0.7877604166666666 0.0328369140625 0.05674913194444445
0 0.38525390625 0.4947916666666667 0.0391845703125 0.039632161458333336
0 0.2568359375 0.17686631944444445 0.0211181640625 0.06787109375
0 0.88623046875 0.6219618055555556 0.026702880859375 0.057942708333333336
0 0.81396484375 0.5112847222222222 0.0280609130859375 0.06309678819444445
0 0.833984375 0.7803819444444444 0.0322265625 0.04847547743055555
0 0.68701171875 0.7612847222222222 0.0274810791015625 0.057074652777777776
0 0.57958984375 0.208984375 0.0217437744140625 0.05653211805555555
0 0.17041015625 0.5407986111111112 0.036346435546875 0.054633246527777776
0 0.1622314453125 0.3365885416666667 0.02880859375 0.0705837673611111
0 0.75439453125 0.8120659722222222 0.034881591796875 0.033365885416666664
0 0.5810546875 0.8276909722222222 0.03216552734375 0.051513671875
0 0.382568359375 0.5594618055555556 0.017242431640625 0.06597222222222222
0 0.364501953125 0.6284722222222222 0.02655029296875 0.06076388888888889
0 0.34423828125 0.5928819444444444 0.0265045166015625 0.061197916666666664
0 0.52294921875 0.337890625 0.022674560546875 0.06391059027777778
0 0.98046875 0.6098090277777778 0.0345458984375 0.060492621527777776
0 0.54638671875 0.3624131944444444 0.0310821533203125 0.044921875
0 0.84326171875 0.8402777777777778 0.0260009765625 0.05750868055555555
0 0.861328125 0.8012152777777778 0.0216522216796875 0.06005859375
0 0.6845703125 0.8012152777777778 0.0274810791015625 0.0537109375
0 0.2381591796875 0.3841145833333333 0.0185394287109375 0.0632052951388889
0 0.52001953125 0.6519097222222222 0.033538818359375 0.04014756944444445
0 0.90185546875 0.3793402777777778 0.020965576171875 0.06222873263888889
0 0.66650390625 0.5004340277777778 0.01953125 0.061089409722222224
0 0.8720703125 0.4900173611111111 0.03753662109375 0.043999565972222224
0 0.257568359375 0.4409722222222222 0.021697998046875 0.061089409722222224
0 0.74365234375 0.8606770833333334 0.034698486328125 0.043158637152777776
0 0.5087890625 0.1418185763888889 0.018341064453125 0.06412760416666667
0 0.60546875 0.4691840277777778 0.034698486328125 0.039252387152777776
0 0.68408203125 0.15592447916666666 0.0284881591796875 0.06005859375
0 0.89892578125 0.8333333333333334 0.03448486328125 0.04367404513888889
0 0.87646484375 0.78515625 0.0211639404296875 0.05984157986111111
0 0.72021484375 0.5646701388888888 0.018646240234375 0.06309678819444445
0 0.267333984375 0.6102430555555556 0.0224151611328125 0.06825086805555555
0 0.37841796875 0.054524739583333336 0.0236968994140625 0.06510416666666667
0 0.8037109375 0.4275173611111111 0.033477783203125 0.047309027777777776
0 0.83056640625 0.5729166666666666 0.0328369140625 0.0498046875
0 0.55029296875 0.2994791666666667 0.0204925537109375 0.06825086805555555
0 0.77587890625 0.4717881944444444 0.0293121337890625 0.040690104166666664
0 0.2476806640625 0.6475694444444444 0.0253753662109375 0.06439887152777778
0 0.90869140625 0.4587673611111111 0.01861572265625 0.06722005208333333
0 0.76220703125 0.6853298611111112 0.020599365234375 0.058051215277777776
0 0.87255859375 0.7252604166666666 0.0276336669921875 0.06141493055555555
0 0.341552734375 0.1281467013888889 0.033843994140625 0.05433485243055555
0 0.77490234375 0.3914930555555556 0.034820556640625 0.043755425347222224
0 0.8310546875 0.5295138888888888 0.03240966796875 0.0537109375
0 0.366455078125 0.4505208333333333 0.0390625 0.053412543402777776
0 0.64599609375 0.06380208333333333 0.0225067138671875 0.06510416666666667
0 0.50341796875 0.4138454861111111 0.0177764892578125 0.06548394097222222
0 0.5732421875 0.1372612847222222 0.0180511474609375 0.06510416666666667
0 0.26806640625 0.22330729166666666 0.03643798828125 0.05514865451388889
0 0.47021484375 0.0615234375 0.0224609375 0.05984157986111111
0 0.5244140625 0.6067708333333334 0.025665283203125 0.06548394097222222
0 0.6171875 0.8385416666666666 0.0323486328125 0.045979817708333336
0 0.309326171875 0.6263020833333334 0.03533935546875 0.05514865451388889
0 0.69970703125 0.6002604166666666 0.035400390625 0.037353515625
0 0.371337890625 0.8077256944444444 0.0248870849609375 0.06342230902777778
0 0.75634765625 0.9010416666666666 0.03125 0.039469401041666664
0 0.68896484375 0.6805555555555556 0.0203399658203125 0.0661349826388889
0 0.43212890625 0.0891384548611111 0.0240936279296875 0.05995008680555555
0 0.55029296875 0.7938368055555556 0.033538818359375 0.04014756944444445
0 0.6201171875 0.208984375 0.01678466796875 0.05859375
0 0.1268310546875 0.7048611111111112 0.03277587890625 0.06537543402777778
0 0.1480712890625 0.2860243055555556 0.03948974609375 0.04307725694444445
0 0.66845703125 0.1142578125 0.029876708984375 0.04676649305555555
0 0.60986328125 0.4171006944444444 0.03662109375 0.034993489583333336
0 0.62744140625 0.2632378472222222 0.03240966796875 0.055474175347222224
0 0.41455078125 0.10704210069444445 0.0216522216796875 0.06439887152777778
0 0.783203125 0.7061631944444444 0.0192413330078125 0.06380208333333333
0 0.921875 0.2897135416666667 0.0220794677734375 0.0632052951388889
0 0.673828125 0.2966579861111111 0.0305023193359375 0.054633246527777776
0 0.47802734375 0.2163628472222222 0.0170440673828125 0.058919270833333336
0 0.89599609375 0.8780381944444444 0.0246124267578125 0.06488715277777778
0 0.93115234375 0.5598958333333334 0.0203399658203125 0.058268229166666664
0 0.8720703125 0.18836805555555555 0.0197601318359375 0.05848524305555555
0 0.8388671875 0.3439670138888889 0.020416259765625 0.059733072916666664
0 0.87646484375 0.9053819444444444 0.027587890625 0.05577256944444445
0 0.61083984375 0.5091145833333334 0.0360107421875 0.037760416666666664
0 0.38134765625 0.2309027777777778 0.01763916015625 0.06852213541666667
0 0.8984375 0.2378472222222222 0.0191192626953125 0.06684027777777778
0 0.1927490234375 0.34375 0.04046630859375 0.037055121527777776
0 0.52197265625 0.0807834201388889 0.0215301513671875 0.06635199652777778
0 0.8154296875 0.2179904513888889 0.02288818359375 0.057183159722222224
0 0.09515380859375 0.5473090277777778 0.034698486328125 0.05433485243055555
0 0.36572265625 0.2261284722222222 0.018157958984375 0.06537543402777778
0 0.50048828125 0.038275824652777776 0.026702880859375 0.060601128472222224
0 0.482421875 0.11414930555555555 0.0305023193359375 0.061089409722222224
0 0.413330078125 0.22981770833333334 0.036895751953125 0.034125434027777776
0 0.412109375 0.279296875 0.025665283203125 0.07112630208333333
0 0.48583984375 0.4917534722222222 0.03759765625 0.03968641493055555
0 0.853515625 0.4249131944444444 0.021820068359375 0.06331380208333333
0 0.64599609375 0.3211805555555556 0.0185089111328125 0.06212022569444445
0 0.60693359375 0.06624348958333333 0.03253173828125 0.049967447916666664
0 0.4208984375 0.1923828125 0.037384033203125 0.039632161458333336
0 0.2294921875 0.1372612847222222 0.038116455078125 0.03553602430555555
0 0.89501953125 0.5355902777777778 0.0225372314453125 0.06624348958333333
0 0.6025390625 0.2628038194444444 0.03131103515625 0.05211046006944445
0 0.1026611328125 0.5026041666666666 0.03790283203125 0.04052734375
0 0.054290771484375 0.5099826388888888 0.033905029296875 0.06461588541666667
0 0.73388671875 0.2912326388888889 0.03131103515625 0.04391818576388889
0 0.44775390625 0.03518337673611111 0.0279083251953125 0.05984157986111111
0 0.05224609375 0.5807291666666666 0.035064697265625 0.06027560763888889
0 0.353515625 0.4939236111111111 0.0187225341796875 0.06944444444444445
0 0.7138671875 0.9305555555555556 0.026153564453125 0.05075412326388889
0 0.748046875 0.3567708333333333 0.0379638671875 0.036078559027777776
0 0.87890625 0.3687065972222222 0.0225067138671875 0.060601128472222224
0 0.60546875 0.12337239583333333 0.03228759765625 0.05221896701388889
0 0.91552734375 0.7573784722222222 0.032470703125 0.054850260416666664
0 0.358642578125 0.0827365451388889 0.019866943359375 0.060872395833333336
0 0.1727294921875 0.22743055555555555 0.03912353515625 0.039632161458333336
0 0.86181640625 0.3493923611111111 0.0184783935546875 0.06412760416666667
0 0.465576171875 0.7513020833333334 0.0190887451171875 0.06684027777777778
0 0.80908203125 0.1606987847222222 0.0182952880859375 0.05881076388888889
0 0.76611328125 0.171875 0.0235595703125 0.060492621527777776
0 0.024566650390625 0.5651041666666666 0.034942626953125 0.06477864583333333
0 0.050506591796875 0.66015625 0.0278472900390625 0.07427300347222222
0 0.7841796875 0.3444010416666667 0.034759521484375 0.043755425347222224
0 0.9140625 0.5555555555555556 0.019500732421875 0.06282552083333333
0 0.34716796875 0.037923177083333336 0.03533935546875 0.051025390625
0 0.79296875 0.13780381944444445 0.0210418701171875 0.06477864583333333
0 0.966796875 0.3036024305555556 0.0310211181640625 0.05259874131944445
0 0.04345703125 0.4192708333333333 0.038909912109375 0.038492838541666664
0 0.11993408203125 0.2571614583333333 0.0230255126953125 0.0675998263888889
0 0.97705078125 0.3706597222222222 0.037811279296875 0.046956380208333336
0 0.73779296875 0.12076822916666667 0.021087646484375 0.04258897569444445
0 0.90771484375 0.13313802083333334 0.03521728515625 0.04307725694444445
0 0.5458984375 0.03908962673611111 0.03533935546875 0.048773871527777776
0 0.93896484375 0.7504340277777778 0.0211639404296875 0.059136284722222224
0 0.19775390625 0.5260416666666666 0.035614013671875 0.042670355902777776
0 0.51318359375 0.890625 0.03436279296875 0.05251736111111111
0 0.9697265625 0.8216145833333334 0.030853271484375 0.0827365451388889
0 0.78076171875 0.2202690972222222 0.036773681640625 0.03323025173611111
0 0.8486328125 0.20052083333333334 0.027435302734375 0.058919270833333336
0 0.671875 0.9262152777777778 0.0271759033203125 0.06353081597222222
0 0.2427978515625 0.09440104166666667 0.037750244140625 0.039849175347222224
0 0.8662109375 0.2615017361111111 0.033599853515625 0.05360243055555555
0 0.744140625 0.2515190972222222 0.03314208984375 0.04250759548611111
0 0.89013671875 0.0935329861111111 0.0311431884765625 0.05007595486111111
0 0.91064453125 0.6684027777777778 0.0244293212890625 0.03135850694444445
0 0.89794921875 0.9401041666666666 0.0411376953125 0.06005859375
0 0.435302734375 0.8767361111111112 0.0174407958984375 0.0686306423611111
0 0.6396484375 0.1633029513888889 0.03314208984375 0.03634982638888889
0 0.1571044921875 0.1286892361111111 0.040374755859375 0.04359266493055555
0 0.9296875 0.9296875 0.03302001953125 0.07508680555555555
0 0.84326171875 0.1457248263888889 0.03533935546875 0.042914496527777776
0 0.12420654296875 0.07725694444444445 0.037200927734375 0.03895399305555555
0 0.057708740234375 0.7855902777777778 0.03265380859375 0.06391059027777778
0 0.1087646484375 0.12706163194444445 0.035675048828125 0.04969618055555555
0 0.155517578125 0.6944444444444444 0.0240020751953125 0.06499565972222222
0 0.498779296875 0.2445746527777778 0.0227203369140625 0.05015733506944445
0 0.1746826171875 0.0823025173611111 0.0343017578125 0.057183159722222224
0 0.09857177734375 0.3663194444444444 0.0230255126953125 0.06624348958333333
0 0.458251953125 0.4522569444444444 0.0203399658203125 0.052001953125
0 0.87158203125 0.06450737847222222 0.0189361572265625 0.06797960069444445
0 0.89013671875 0.17220052083333334 0.023773193359375 0.042670355902777776
0 0.7265625 0.04299587673611111 0.0211181640625 0.06586371527777778
0 0.64501953125 0.9366319444444444 0.030792236328125 0.06776258680555555
0 0.9921875 0.6421296296296296 0.015625 0.062037037037037036
0 0.9677734375 0.8815104166666666 0.037261962890625 0.039008246527777776
0 0.00955963134765625 0.4943576388888889 0.0182647705078125 0.06890190972222222
0 0.040313720703125 0.8914930555555556 0.037384033203125 0.05870225694444445
0 0.08404541015625 0.1064453125 0.0245208740234375 0.07259114583333333
0 0.8115234375 0.6163194444444444 0.0258026123046875 0.04676649305555555
0 0.94287109375 0.8728298611111112 0.028167724609375 0.06993272569444445
0 0.58935546875 0.3661024305555556 0.01763916015625 0.04123263888888889
0 0.54052734375 0.232421875 0.0250396728515625 0.030409071180555556
0 0.578125 0.7139756944444444 0.0301055908203125 0.04831271701388889
0 0.00971221923828125 0.4236111111111111 0.01837158203125 0.06201171875
0 0.55029296875 0.4900173611111111 0.024658203125 0.05251736111111111
0 0.9903645833333333 0.8726851851851852 0.019270833333333334 0.058333333333333334
0 0.7861328125 0.034125434027777776 0.019195556640625 0.0675998263888889
0 0.45556640625 0.890625 0.0216217041015625 0.050835503472222224
0 0.019866943359375 0.2621527777777778 0.037750244140625 0.03125
0 0.3974609375 0.8888888888888888 0.039642333984375 0.05870225694444445
0 0.277587890625 0.9140625 0.0345458984375 0.049235026041666664
0 0.494140625 0.9201388888888888 0.029205322265625 0.04676649305555555
0 0.62353515625 0.9748263888888888 0.035003662109375 0.039306640625
0 0.051666259765625 0.9375 0.035614013671875 0.059027777777777776
0 0.2347412109375 0.8272569444444444 0.03265380859375 0.051812065972222224
0 0.51416015625 0.9583333333333334 0.0200653076171875 0.062337239583333336
0 0.0416259765625 0.20616319444444445 0.01953125 0.03420681423611111
0 0.00787353515625 0.7647569444444444 0.01519012451171875 0.04812282986111111
0 0.61279296875 0.9418402777777778 0.034759521484375 0.04163953993055555
0 0.44921875 0.9513888888888888 0.0257110595703125 0.06559244791666667
0 0.2381591796875 0.9262152777777778 0.0292510986328125 0.044759114583333336
0 0.56640625 0.4535590277777778 0.01490020751953125 0.035807291666666664
0 0.869140625 0.9791666666666666 0.0290374755859375 0.039469401041666664
0 0.67236328125 0.9730902777777778 0.028106689453125 0.0478515625
0 0.1114501953125 0.9756944444444444 0.0293121337890625 0.042182074652777776
0 0.07720947265625 0.9730902777777778 0.029144287109375 0.039388020833333336
0 0.7392578125 0.4596354166666667 0.01490020751953125 0.025987413194444444
0 0.16822916666666668 0.987037037037037 0.030208333333333334 0.025925925925925925
0 0.70859375 0.9805555555555555 0.021354166666666667 0.03888888888888889
0 0.14557291666666666 0.9800925925925926 0.024479166666666666 0.03981481481481482
0 0.96923828125 0.9765625 0.043365478515625 0.040608723958333336
0 0.41259765625 0.9696180555555556 0.0309600830078125 0.051432291666666664
0 0.6533203125 0.9739583333333334 0.0262603759765625 0.044596354166666664
0 0.20556640625 0.9600694444444444 0.03271484375 0.0675998263888889
0 0.25732421875 0.49609375 0.015777587890625 0.026801215277777776
0 0.0352783203125 0.3461371527777778 0.018096923828125 0.027628580729166668
0 0.472412109375 0.9644097222222222 0.0287017822265625 0.058159722222222224