0 0.6655260416666666 0.6302129629629629 0.027635416666666638 0.06223148148148151
0 0.7114270833333334 0.519962962962963 0.023072916666666762 0.05837962962962959
0 0.5659166666666666 0.568138888888889 0.023958333333333335 0.05891666666666677
0 0.7739270833333334 0.551212962962963 0.03228645833333322 0.049046296296296324
0 0.8544947916666668 0.4518240740740741 0.02780208333333339 0.05707407407407412
0 0.6796875 0.1860925925925926 0.018796875000000077 0.06597222222222222
0 0.8125 0.442712962962963 0.03253125000000002 0.049046296296296324
0 0.7387708333333334 0.11208333333333333 0.021776041666666638 0.06439814814814813
0 0.7236354166666668 0.2669259259259259 0.026552083333333344 0.060490740740740755
0 0.5356458333333334 0.4370648148148148 0.03302083333333338 0.049046296296296324
0 0.7021510416666668 0.1645 0.02017187500000001 0.06320370370370369
0 0.6977552083333334 0.3778240740740741 0.04031250000000005 0.05170370370370373
0 0.5869166666666668 0.6636296296296297 0.03390624999999995 0.03836111111111117
0 0.5322291666666666 0.6458333333333334 0.030333333333333337 0.0614166666666666
0 0.7705104166666668 0.4010462962962963 0.03726041666666665 0.038657407407407404
0 0.6713854166666666 0.06673148148148147 0.027635416666666638 0.06130555555555554
0 0.919921875 0.4496574074074074 0.03253125000000002 0.0503703703703704
0 0.6084010416666668 0.31033333333333335 0.03561458333333339 0.03871296296296302
0 0.48046875 0.7447962962962963 0.03372395833333333 0.05422222222222217
0 0.8486354166666668 0.5525185185185185 0.022505208333333353 0.06862962962962953
0 0.69140625 0.30750925925925926 0.03302083333333338 0.04793518518518517
0 0.6293958333333334 0.457462962962963 0.02263020833333324 0.06412962962962968
0 0.85546875 0.3535185185185185 0.022463541666666722 0.06130555555555559
0 0.5908229166666668 0.6141481481481481 0.03476041666666655 0.04416666666666671
0 0.8037135416666668 0.6223981481481482 0.0343020833333334 0.060055555555555466
0 0.666015625 0.6944444444444444 0.018265625000000084 0.05815740740740736
0 0.7275416666666668 0.6918425925925926 0.02033854166666676 0.05281481481481478
0 0.25097916666666664 0.1590740740740741 0.020369791666666675 0.06862962962962964
0 0.28246875 0.23827777777777776 0.02052083333333338 0.06700000000000002
0 0.83203125 0.4839444444444444 0.026963541666666656 0.06380555555555557
0 0.5444322916666666 0.32899074074074075 0.029249999999999984 0.04649074074074078
0 0.7836927083333334 0.32790740740740737 0.03540104166666656 0.05620370370370375
0 0.8022447916666666 0.09217592592592593 0.026151041666666687 0.06537962962962962
0 0.6391614583333334 0.5043425925925926 0.021651041666666752 0.06477777777777781
0 0.242796875 0.6484351851851852 0.029588541666666697 0.06450925925925932
0 0.939453125 0.8250833333333334 0.028104166666666687 0.0625
0 0.20276041666666667 0.43598148148148147 0.023026041666666684 0.0540092592592593
0 0.4086927083333334 0.41167592592592595 0.02954166666666668 0.05281481481481478
0 0.875 0.3572037037037037 0.027739583333333446 0.05870370370370368
0 0.603515625 0.8164074074074075 0.03372395833333333 0.04451851851851845
0 0.640625 0.756074074074074 0.03259374999999996 0.051027777777777686
0 0.481203125 0.6749166666666666 0.034609375000000026 0.05083333333333342
0 0.64453125 0.3038240740740741 0.017640624999999945 0.06190740740740742
0 0.67578125 0.12868518518518518 0.03125 0.05083333333333333
0 0.9150416666666668 0.5594629629629629 0.035218749999999945 0.059731481481481476
0 0.3420416666666667 0.75825 0.023072916666666644 0.05962037037037046
0 0.9077135416666666 0.2968796296296296 0.03228645833333322 0.04408333333333335
0 0.20605729166666667 0.5299444444444444 0.03476041666666667 0.0489351851851851
0 0.5556666666666668 0.4743888888888889 0.03010416666666676 0.04980555555555552
0 0.962890625 0.4236111111111111 0.02052083333333338 0.06624074074074071
0 0.2680677083333334 0.551212962962963 0.03540104166666668 0.0551481481481481
0 0.5947291666666668 0.434462962962963 0.019609375000000047 0.0651018518518518
0 0.1693125 0.3559074074074074 0.034609375000000026 0.06624074074074071
0 0.5234375 0.6028611111111112 0.020645833333333325 0.06380555555555563
0 0.92578125 0.34158333333333335 0.019682291666666647 0.0629351851851852
0 0.7954114583333334 0.8658888888888888 0.03143229166666662 0.04685185185185177
0 0.48926041666666664 0.5217037037037038 0.023557291666666678 0.0629351851851852
0 0.335203125 0.45746296296296296 0.02297916666666661 0.06098148148148149
0 0.3278802083333333 0.3342037037037037 0.023468749999999972 0.05962037037037036
0 0.91796875 0.7565092592592593 0.030562499999999916 0.04793518518518517
0 0.5556666666666668 0.7534722222222222 0.025864583333333257 0.060379629629629665
0 0.9287135416666668 0.6940092592592593 0.03114062499999998 0.046416666666666766
0 0.73046875 0.17317592592592593 0.03607291666666678 0.03887037037037039
0 0.8813489583333334 0.5078148148148148 0.03683333333333323 0.03198148148148145
0 0.4396979166666667 0.26237037037037036 0.018937499999999947 0.0623333333333333
0 0.5600572916666666 0.8046851851851852 0.028276041666666647 0.0625
0 0.921875 0.16536111111111113 0.019942708333333316 0.06488888888888887
0 0.5083020833333334 0.17252777777777778 0.03015104166666672 0.05132407407407408
0 0.8286145833333334 0.13075 0.026411458333333353 0.05718518518518518
0 0.8696302083333334 0.420787037037037 0.020598958333333427 0.06537962962962965
0 0.23816145833333333 0.4774351851851852 0.02442708333333332 0.0698240740740741
0 0.6977552083333334 0.6037314814814815 0.022031250000000096 0.06526851851851853
0 0.46777604166666664 0.27235185185185184 0.018984375000000022 0.06261111111111112
0 0.8032239583333334 0.2159259259259259 0.0184322916666666 0.060490740740740755
0 0.6625989583333334 0.4531296296296296 0.017776041666666725 0.06699999999999996
0 0.5961927083333334 0.8593796296296297 0.03460937499999991 0.059731481481481476
0 0.2890625 0.6549444444444444 0.02474999999999999 0.062333333333333275
0 0.2946770833333333 0.5846388888888888 0.03582812499999998 0.05951851851851849
0 0.9555677083333334 0.19237962962962965 0.0301510416666666 0.055259259259259265
0 0.2248541666666667 0.6566851851851853 0.029145833333333353 0.05913888888888879
0 0.2875989583333334 0.5191018518518519 0.027953125000000037 0.06439814814814811
0 0.609375 0.4194907407407408 0.01934895833333338 0.062009259259259285
0 0.219359375 0.3496111111111111 0.03277604166666664 0.059027777777777776
0 0.5981458333333334 0.1686203703703704 0.03179687500000009 0.0389537037037037
0 0.734375 0.5494814814814816 0.021239583333333437 0.07085185185185183
0 0.3540052083333334 0.4364166666666667 0.020020833333333363 0.06331481481481481
0 0.6591822916666668 0.8875833333333334 0.020963541666666665 0.055037037037037086
0 0.335203125 0.2910185185185185 0.032895833333333374 0.03805555555555558
0 0.140015625 0.5499166666666666 0.028062499999999997 0.06271296296296298
0 0.3706041666666666 0.3298611111111111 0.019239583333333362 0.06450925925925922
0 0.4858385416666666 0.3845462962962963 0.026109375000000056 0.06510185185185191
0 0.548828125 0.1803425925925926 0.020963541666666665 0.061416666666666654
0 0.4865729166666667 0.21300000000000002 0.022677083333333313 0.05870370370370371
0 0.35058854166666664 0.1854351851851852 0.018187500000000037 0.06488888888888887
0 0.7709947916666666 0.4943611111111111 0.02194270833333339 0.06775925925925932
0 0.525390625 0.2361111111111111 0.017911458333333328 0.0625
0 0.4790052083333334 0.9192685185185184 0.02606249999999998 0.05815740740740736
0 0.8701197916666668 0.8385462962962963 0.03384375000000001 0.04587037037037034
0 0.2595208333333333 0.7790833333333333 0.03216666666666666 0.04000925925925929
0 0.8002916666666666 0.26996296296296296 0.031083333333333248 0.048203703703703756
0 0.4028333333333334 0.7491296296296296 0.027906249999999962 0.06098148148148139
0 0.2641614583333333 0.4843796296296296 0.019911458333333312 0.06699999999999996
0 0.37109375 0.15451851851851853 0.028213541666666706 0.05037037037037035
0 0.900390625 0.3645833333333333 0.022843750000000065 0.06462037037037034
0 0.07134895833333334 0.35156481481481483 0.032958333333333326 0.05132407407407403
0 0.3959947916666666 0.5017407407407407 0.03366145833333339 0.04785185185185191
0 0.4379895833333334 0.5364629629629629 0.01854166666666662 0.065861111111111
0 0.8803697916666666 0.90625 0.03423958333333322 0.04758333333333343
0 0.7744166666666668 0.7035555555555556 0.030916666666666735 0.05951851851851849
0 0.4020989583333333 0.06673148148148147 0.0269166666666667 0.06190740740740742
0 0.23388541666666668 0.8203148148148148 0.03015104166666666 0.04155555555555566
0 0.30859375 0.9149351851851851 0.02854687499999997 0.05576851851851854
0 0.884765625 0.7456574074074074 0.030729166666666665 0.04459259259259267
0 0.7421875 0.875 0.03506250000000009 0.042750000000000066
0 0.73828125 0.818138888888889 0.027437499999999913 0.0588148148148148
0 0.7680677083333334 0.7426203703703703 0.0184322916666666 0.06500000000000004
0 0.2204583333333333 0.06722222222222221 0.02049479166666668 0.06168518518518519
0 0.943359375 0.38411111111111107 0.03423958333333322 0.03387962962962966
0 0.3645 0.5151944444444444 0.018124999999999978 0.05837962962962959
0 0.8505885416666668 0.24436111111111114 0.025557291666666752 0.06152777777777779
0 0.8793958333333334 0.2523888888888889 0.025270833333333322 0.06462037037037037
0 0.9877916666666666 0.3474351851851852 0.024093750000000115 0.0642870370370371
0 0.3005364583333333 0.16015740740740741 0.022291666666666644 0.06499999999999999
0 0.34082291666666664 0.8993055555555556 0.029588541666666638 0.05360185185185194
0 0.8251979166666668 0.3721759259259259 0.035276041666666674 0.036916666666666674
0 0.1623541666666667 0.8072962962962963 0.027223958333333322 0.06076851851851841
0 0.5029322916666666 0.2573796296296297 0.019760416666666693 0.06439814814814813
0 0.6435572916666668 0.059027777777777776 0.024520833333333294 0.06016666666666668
0 0.10284375 0.46744444444444444 0.022078124999999994 0.06700000000000002
0 0.271484375 0.3548148148148148 0.01945312499999998 0.057509259259259274
0 0.4594739583333334 0.886287037037037 0.018124999999999978 0.05525925925925932
0 0.2578125 0.7230925925925926 0.037109375 0.03586111111111113
0 0.12201041666666666 0.30187037037037034 0.025864583333333316 0.06613888888888894
0 0.8422864583333334 0.7673611111111112 0.0343020833333334 0.05462962962962963
0 0.4272447916666666 0.8923611111111112 0.03515625 0.04613888888888882
0 0.15417708333333333 0.6944444444444444 0.03616145833333337 0.051027777777777686
0 0.53515625 0.1231574074074074 0.018369791666666656 0.0702037037037037
0 0.8901354166666666 0.4127592592592592 0.03125 0.045111111111111137
0 0.2946770833333333 0.4800370370370371 0.019609375000000047 0.06597222222222222
0 0.5869166666666668 0.773 0.03390624999999995 0.043999999999999984
0 0.8500989583333334 0.05805555555555556 0.03469791666666661 0.04342592592592593
0 0.28784375 0.7573796296296297 0.037473958333333356 0.038712962962962914
0 0.7529322916666668 0.7647592592592594 0.017911458333333265 0.06049074074074067
0 0.2810052083333333 0.0932037037037037 0.03384375000000001 0.042509259259259254
0 0.26465104166666664 0.6510462962962963 0.021161458333333362 0.06500000000000004
0 0.3442395833333334 0.358287037037037 0.019682291666666647 0.06488888888888893
0 0.7788072916666666 0.6210925925925925 0.019609375000000047 0.06390740740740739
0 0.7959010416666668 0.6992222222222222 0.029875000000000065 0.0625
0 0.40746875 0.6115462962962963 0.03561458333333327 0.034990740740740704
0 0.4262708333333334 0.14312037037037037 0.016786458333333344 0.06462037037037038
0 0.8173854166666668 0.7881944444444444 0.03353645833333327 0.03954629629629633
0 0.3374010416666666 0.2447962962962963 0.03476041666666667 0.05037037037037035
0 0.5712916666666668 0.06331481481481481 0.03167708333333342 0.05707407407407407
0 0.3129895833333334 0.4411851851851852 0.02461458333333333 0.0629351851851852
0 0.2473125 0.36588888888888893 0.03338541666666668 0.04218518518518524
0 0.038968749999999996 0.8645833333333334 0.03671354166666667 0.04291666666666658
0 0.4553229166666667 0.5520833333333334 0.02297916666666661 0.05351851851851848
0 0.03796354166666667 0.38346296296296295 0.03527604166666666 0.05045370370370371
0 0.9526354166666666 0.74175 0.021531250000000075 0.05587962962962954
0 0.76171875 0.8463518518518518 0.02769270833333337 0.06076851851851862
0 0.2504895833333333 0.8654537037037038 0.02461458333333333 0.06575925925925924
0 0.7172864583333334 0.08864814814814814 0.03607291666666678 0.0342037037037037
0 0.4670416666666667 0.08637037037037038 0.029921875000000025 0.05121296296296297
0 0.91796875 0.886287037037037 0.03259374999999996 0.05015740740740748
0 0.8486354166666668 0.8776018518518518 0.02293229166666677 0.061907407407407314
0 0.853515625 0.6705740740740741 0.0343020833333334 0.03559259259259264
0 0.074890625 0.881074074074074 0.03582812500000001 0.051435185185185146
0 0.849609375 0.8316018518518519 0.03185937500000004 0.05150925925925936
0 0.36621354166666664 0.7712685185185185 0.023999999999999962 0.052407407407407326
0 0.6381822916666666 0.4108055555555556 0.03616145833333325 0.03740740740740739
0 0.3198229166666666 0.09185185185185185 0.023515625000000047 0.06282407407407407
0 0.8559583333333334 0.09619444444444444 0.03683333333333323 0.03827777777777778
0 0.17077604166666666 0.900175925925926 0.029588541666666638 0.05289814814814825
0 0.875 0.3077222222222222 0.02198958333333323 0.047037037037036995
0 0.412109375 0.6627592592592593 0.021088541666666672 0.06813888888888882
0 0.8359375 0.8159722222222222 0.0343020833333334 0.045111111111111137
0 0.03753645833333333 0.7209166666666667 0.04132291666666667 0.047388888888888946
0 0.4116197916666666 0.24436111111111114 0.03384375000000001 0.0402314814814815
0 0.97265625 0.7421851851851852 0.02769270833333337 0.03439814814814823
0 0.43261979166666664 0.9427129629629628 0.020796875000000034 0.06037962962962956
0 0.430421875 0.07166666666666667 0.018156249999999947 0.06439814814814816
0 0.22180208333333334 0.9296851851851852 0.03430208333333334 0.053416666666666716
0 0.8002916666666666 0.025685185185185182 0.025374999999999894 0.05132407407407407
0 0.2443854166666667 0.046685185185185184 0.02041666666666669 0.07031481481481482
0 0.382078125 0.042833333333333334 0.023286458333333353 0.06737962962962962
0 0.5400416666666668 0.07665740740740741 0.034822916666666676 0.04242592592592592
0 0.3735364583333334 0.5950555555555556 0.02908333333333329 0.04961111111111104
0 0.32934375 0.20757407407407408 0.03775000000000001 0.036972222222222226
0 0.22570833333333334 0.8793425925925926 0.029984375000000025 0.05382407407407418
0 0.4274895833333333 0.21224074074074073 0.028807291666666637 0.03798148148148146
0 0.410890625 0.5429722222222222 0.019500000000000028 0.07437962962962956
0 0.9008802083333334 0.03241666666666666 0.021531250000000075 0.05924074074074075
0 0.7651354166666666 0.2849351851851852 0.027437499999999913 0.04969444444444441
0 0.5620104166666666 0.8719629629629629 0.04931770833333336 0.049962962962962994
0 0.016463541666666668 0.7981759259259259 0.031614583333333335 0.03458333333333325
0 0.014333333333333335 0.6284722222222222 0.02790625 0.053712962962962955
0 0.184328125 0.3261759259259259 0.027223958333333322 0.038277777777777806
0 0.9887708333333334 0.21972222222222224 0.021651041666666752 0.056861111111111085
0 0.13134895833333332 0.5820277777777778 0.027739583333333328 0.043351851851851794
0 0.4135729166666666 0.9539907407407406 0.025375000000000016 0.0588148148148148
0 0.580078125 0.7230925925925926 0.031557291666666744 0.04218518518518514
0 0.8037135416666668 0.9279537037037038 0.025557291666666752 0.06342592592592593
0 0.16894791666666667 0.8598055555555556 0.03811458333333337 0.04847222222222214
0 0.5244166666666668 0.39105555555555555 0.01942187500000004 0.0456296296296296
0 0.9942708333333333 0.4583333333333333 0.011458333333333333 0.05740740740740741
0 0.6704114583333334 0.7929722222222222 0.03265624999999991 0.03719444444444451
0 0.9243177083333334 0.03149074074074074 0.0301510416666666 0.0585925925925926
0 0.04602083333333333 0.42230555555555555 0.026807291666666667 0.062009259259259285
0 0.015838541666666667 0.3114166666666667 0.030276041666666666 0.033796296296296297
0 0.5014635416666666 0.9765648148148148 0.03643750000000002 0.03328703703703687
0 0.9858385416666666 0.5872407407407407 0.02606249999999998 0.052000000000000074
0 0.06097395833333333 0.13682407407407407 0.040682291666666676 0.04758333333333332
0 0.91796875 0.9331574074074074 0.0343020833333334 0.04093518518518522
0 0.9760729166666666 0.8754351851851853 0.032041666666666656 0.04383333333333326
0 0.8969739583333334 0.13270370370370368 0.020140625000000037 0.04196296296296296
0 0.4514166666666667 0.6744814814814816 0.026656250000000034 0.05462962962962963
0 0.65234375 0.9383703703703704 0.023072916666666762 0.05015740740740748
0 0.8979479166666666 0.7204907407407407 0.02474999999999999 0.029157407407407417
0 0.3051770833333334 0.9782962962962962 0.03643750000000002 0.036074074074074106
0 0.13855208333333333 0.0974351851851852 0.04715104166666665 0.05037037037037038
0 0.6201197916666668 0.9461851851851851 0.03634895833333331 0.052000000000000074
0 0.177 0.9782962962962962 0.04031249999999999 0.03895370370370386
0 0.5556666666666668 0.9765648148148148 0.04995833333333337 0.042833333333333536
0 0.38403125 0.5577222222222222 0.016098958333333375 0.03526851851851844
0 0.21142708333333332 0.9782962962962962 0.03359895833333333 0.03895370370370386
0 0.077390625 0.023407407407407408 0.03732291666666667 0.038657407407407404
0 0.08404687500000001 0.96875 0.03149479166666668 0.021351851851851802
0 0.7631822916666666 0.9522592592592594 0.03548958333333327 0.03314814814814821
0 0.24072395833333332 0.974824074074074 0.019942708333333316 0.03174074074074092
0 0.07208333333333333 0.5837685185185185 0.022078124999999994 0.03740740740740749
0 0.69140625 0.912324074074074 0.03567708333333333 0.04218518518518514
0 0.46215625 0.973962962962963 0.03384375000000001 0.02837037037037025
0 0.9948385416666666 0.1567962962962963 0.010322916666666753 0.026083333333333347
0 0.008880208333333334 0.8615462962962963 0.01718229166666667 0.06380555555555563
0 0.7622083333333334 0.01088888888888889 0.016218749999999935 0.021592592592592594
0 0.007755208333333334 0.36718518518518517 0.01428125 0.049314814814814804
0 0.05603125 0.21332407407407405 0.04958854166666667 0.043074074074074056
0 0.9028333333333334 0.9678796296296296 0.020218750000000084 0.05642592592592598
0 0.8559583333333334 0.974824074074074 0.03896875000000009 0.0334166666666668
0 0.13403125 0.06130555555555555 0.02522395833333332 0.02826851851851852
0 0.9853541666666668 0.9114629629629629 0.029203125000000087 0.0382777777777777
0 0.8115260416666668 0.96875 0.03656249999999991 0.05007407407407401
0 0.53125 0.03754629629629629 0.014005208333333326 0.026898148148148147
0 0.5390625 0.8914907407407406 0.018401041666666628 0.03260185185185189
0 0.27465625 0.9713518518518518 0.017104166666666653 0.02489814814814803
0 0.5171927083333333 0.5326388888888889 0.020031250000000018 0.07879629629629621
0 0.009114583333333334 0.7143518518518519 0.018229166666666668 0.04722222222222222
0 0.5475885416666666 0.24578703703703703 0.018583333333333247 0.06441666666666669
0 0.6488489583333333 0.2501759259259259 0.018838541666666705 0.06465740740740741
0 0.6473125 0.17800000000000002 0.01807291666666657 0.07008333333333333
0 0.6430677083333334 0.11801851851851851 0.018098958333333335 0.055351851851851853
0 0.6179375 0.12337037037037038 0.03144270833333328 0.04682407407407407
0 0.612953125 0.07956481481481482 0.02418229166666658 0.05785185185185184
0 0.5839739583333333 0.37039814814814814 0.023062500000000104 0.05729629629629629
0 0.634234375 0.3660277777777778 0.030208333333333334 0.048537037037037
0 0.66453125 0.382 0.023135416666666703 0.07567592592592594
0 0.6990625 0.007277777777777778 0.014713541666666666 0.014555555555555556
0 0.823546875 0.7165833333333333 0.04005729166666659 0.06207407407407404
0 0.6061302083333333 0.7559907407407408 0.031078125000000036 0.06461111111111109
0 0.13379166666666667 0.9696203703703704 0.030442708333333342 0.022796296296296197
0 0.9873072916666668 0.974824074074074 0.023958333333333335 0.019231481481481464
0 0.8657239583333334 0.15212962962962964 0.012338541666666696 0.018712962962962945
0 0.042083333333333334 0.20898148148148146 0.022765625000000005 0.03643518518518521