0 0.567187 0.479630 0.028125 0.057407
0 0.612240 0.483796 0.030729 0.060185
0 0.590104 0.540741 0.023958 0.061111
0 0.674219 0.087037 0.023438 0.064815
0 0.650521 0.382407 0.031250 0.050000
0 0.546354 0.416204 0.031250 0.054630
0 0.744271 0.176389 0.021875 0.058333
0 0.706771 0.351852 0.027083 0.053704
0 0.515885 0.575463 0.032813 0.047222
0 0.533333 0.299537 0.031250 0.049074
0 0.554948 0.560648 0.029687 0.052778
0 0.770312 0.565278 0.036458 0.045370
0 0.563542 0.617130 0.035417 0.045370
0 0.726823 0.083333 0.020313 0.064815
0 0.621615 0.186111 0.028646 0.051852
0 0.584635 0.200463 0.019271 0.069444
0 0.728125 0.313426 0.026042 0.062037
0 0.524740 0.081944 0.018229 0.069444
0 0.745313 0.477778 0.032292 0.057407
0 0.447135 0.706019 0.030729 0.056481
0 0.823438 0.412963 0.033333 0.057407
0 0.475521 0.375926 0.023958 0.062963
0 0.773698 0.347222 0.032813 0.051852
0 0.448958 0.367593 0.017708 0.068519
0 0.798438 0.340278 0.021875 0.062037
0 0.485156 0.437963 0.024479 0.062963
0 0.564063 0.283796 0.021875 0.062037
0 0.925000 0.450000 0.026042 0.059259
0 0.702344 0.113426 0.019271 0.062037
0 0.498698 0.346759 0.034896 0.039815
0 0.390365 0.204630 0.023438 0.064815
0 0.369271 0.224074 0.017708 0.068519
0 0.305469 0.209259 0.022396 0.066667
0 0.385156 0.552778 0.028646 0.055556
0 0.612500 0.816667 0.030208 0.051852
0 0.673958 0.423148 0.036458 0.037037
0 0.472396 0.301389 0.033333 0.041667
0 0.703385 0.273611 0.029687 0.056481
0 0.295052 0.338889 0.021354 0.066667
0 0.691667 0.213889 0.036458 0.046296
0 0.919271 0.394907 0.033333 0.045370
0 0.819531 0.217593 0.027604 0.062963
0 0.380990 0.278241 0.021354 0.069444
0 0.579167 0.256944 0.033333 0.054630
0 0.275260 0.206481 0.033854 0.053704
0 0.507031 0.119907 0.018229 0.062037
0 0.779427 0.458796 0.036979 0.049074
0 0.457813 0.100463 0.021875 0.067593
0 0.623177 0.114815 0.032813 0.042593
0 0.365365 0.138889 0.030729 0.059259
0 0.370312 0.709259 0.021875 0.064815
0 0.802083 0.254630 0.023958 0.066667
0 0.875521 0.359259 0.021875 0.062963
0 0.898177 0.478704 0.024479 0.059259
0 0.185677 0.156019 0.024479 0.065741
0 0.477865 0.517593 0.033854 0.038889
0 0.210156 0.247685 0.034896 0.052778
0 0.189583 0.509722 0.036458 0.041667
0 0.484896 0.775926 0.032292 0.053704
0 0.578385 0.112500 0.017188 0.058333
0 0.415885 0.040278 0.033854 0.052778
0 0.635417 0.632870 0.031250 0.043519
0 0.473438 0.668981 0.025000 0.060185
0 0.331771 0.206944 0.029167 0.056481
0 0.686198 0.171759 0.032813 0.047222
0 0.607552 0.355093 0.020313 0.067593
0 0.723177 0.561574 0.024479 0.067593
0 0.853125 0.143519 0.032292 0.050000
0 0.450000 0.061111 0.035417 0.048148
0 0.529948 0.185185 0.021354 0.068519
0 0.661198 0.703241 0.021354 0.052778
0 0.856510 0.391204 0.025521 0.063889
0 0.411719 0.313426 0.026562 0.065741
0 0.403906 0.258333 0.027604 0.061111
0 0.444531 0.265278 0.023438 0.065741
0 0.565104 0.706481 0.022917 0.064815
0 0.344792 0.547685 0.032292 0.060185
0 0.770312 0.175000 0.033333 0.053704
0 0.321354 0.405093 0.029167 0.047222
0 0.485156 0.726852 0.034896 0.042593
0 0.204427 0.593981 0.035937 0.043519
0 0.791667 0.095370 0.022917 0.057407
0 0.373437 0.072222 0.023958 0.066667
0 0.925260 0.672222 0.020313 0.061111
0 0.492448 0.831019 0.023438 0.062037
0 0.677865 0.827778 0.026562 0.061111
0 0.534115 0.765278 0.035937 0.041667
0 0.337240 0.362037 0.038021 0.044444
0 0.309635 0.106481 0.024479 0.055556
0 0.426302 0.253704 0.026562 0.062963
0 0.367708 0.628704 0.037500 0.033333
0 0.366927 0.465278 0.028646 0.058333
0 0.260937 0.060648 0.016667 0.067593
0 0.408594 0.184259 0.029687 0.057407
0 0.325000 0.696759 0.030208 0.045370
0 0.204167 0.436574 0.027083 0.060185
0 0.656250 0.160648 0.033333 0.041667
0 0.204427 0.081481 0.033854 0.055556
0 0.670052 0.610185 0.028646 0.037037
0 0.777865 0.505556 0.033854 0.053704
0 0.394271 0.826389 0.036458 0.034259
0 0.513281 0.714352 0.031771 0.047222
0 0.680990 0.028241 0.029687 0.045370
0 0.769271 0.257870 0.037500 0.050926
0 0.797135 0.155093 0.021354 0.063889
0 0.847917 0.213889 0.038542 0.037037
0 0.972396 0.396296 0.018750 0.064815
0 0.773177 0.292593 0.028646 0.051852
0 0.346615 0.486574 0.019271 0.071296
0 0.465365 0.867130 0.030729 0.050926
0 0.623698 0.857870 0.034896 0.036111
0 0.519792 0.471296 0.035417 0.037037
0 0.624740 0.717130 0.030729 0.043519
0 0.584635 0.829630 0.020313 0.059259
0 0.188281 0.300926 0.042188 0.037037
0 0.166927 0.116204 0.038021 0.041667
0 0.476562 0.216204 0.038542 0.037963
0 0.748698 0.606944 0.039062 0.034259
0 0.170573 0.237037 0.020313 0.066667
0 0.207292 0.339352 0.026042 0.052778
0 0.821094 0.091204 0.029687 0.052778
0 0.709635 0.787500 0.021354 0.071296
0 0.690625 0.673611 0.025000 0.062037
0 0.165104 0.767130 0.033333 0.034259
0 0.846875 0.576852 0.033333 0.050000
0 0.800521 0.614352 0.035417 0.047222
0 0.888542 0.633333 0.036458 0.042593
0 0.077604 0.622222 0.033333 0.053704
0 0.941667 0.628241 0.019792 0.065741
0 0.517969 0.668056 0.025521 0.058333
0 0.502604 0.883333 0.021875 0.064815
0 0.111719 0.624537 0.030729 0.062037
0 0.845052 0.826389 0.033854 0.047222
0 0.522135 0.794444 0.038021 0.037037
0 0.758594 0.237963 0.020313 0.068519
0 0.915885 0.273611 0.019271 0.058333
0 0.865104 0.493056 0.038542 0.041667
0 0.151562 0.694907 0.021875 0.067593
0 0.197135 0.877778 0.023438 0.057407
0 0.265104 0.793056 0.027083 0.062037
0 0.778646 0.703241 0.039583 0.045370
0 0.403125 0.022222 0.027083 0.042593
0 0.952083 0.741204 0.026042 0.060185
0 0.126823 0.103241 0.035937 0.049074
0 0.236458 0.091204 0.037500 0.036111
0 0.231771 0.862963 0.039583 0.040741
0 0.784896 0.828241 0.030208 0.058333
0 0.290625 0.050926 0.037500 0.040741
0 0.965104 0.723148 0.025000 0.062963
0 0.455208 0.550000 0.023958 0.050000
0 0.259115 0.842130 0.029687 0.054630
0 0.732031 0.850000 0.024479 0.061111
0 0.250000 0.645833 0.023958 0.063889
0 0.890885 0.244444 0.038021 0.038889
0 0.155990 0.467130 0.035937 0.050926
0 0.763802 0.642593 0.038021 0.038889
0 0.812760 0.684722 0.028646 0.060185
0 0.147656 0.426389 0.032813 0.052778
0 0.293750 0.815278 0.020833 0.063889
0 0.478385 0.075926 0.034896 0.038889
0 0.907813 0.728704 0.033333 0.055556
0 0.871354 0.065278 0.018750 0.069444
0 0.928385 0.738889 0.025521 0.059259
0 0.788802 0.871759 0.033854 0.045370
0 0.169010 0.042130 0.031771 0.056481
0 0.823438 0.869444 0.035417 0.051852
0 0.925000 0.318056 0.029167 0.047222
0 0.847917 0.081481 0.022917 0.062963
0 0.914323 0.589815 0.042188 0.042593
0 0.982031 0.778704 0.027604 0.064815
0 0.082031 0.800926 0.025521 0.070370
0 0.628646 0.573148 0.025000 0.051852
0 0.539844 0.047222 0.029687 0.046296
0 0.173698 0.926389 0.026562 0.060185
0 0.862500 0.708796 0.032292 0.050926
0 0.413021 0.667130 0.021875 0.069444
0 0.128906 0.461574 0.027604 0.063889
0 0.209115 0.942130 0.032813 0.050926
0 0.564063 0.016667 0.031250 0.031481
0 0.026042 0.642130 0.032292 0.067593
0 0.833073 0.701852 0.023438 0.059259
0 0.226042 0.426389 0.029167 0.069444
0 0.149219 0.948148 0.030729 0.062963
0 0.721875 0.023611 0.030208 0.045370
0 0.510417 0.029630 0.033333 0.031481
0 0.857292 0.896296 0.033333 0.053704
0 0.755208 0.723611 0.034375 0.034259
0 0.740104 0.701389 0.028125 0.067593
0 0.084896 0.081481 0.019792 0.070370
0 0.042969 0.289815 0.038021 0.046296
0 0.629687 0.021296 0.031250 0.040741
0 0.807813 0.133796 0.030208 0.049074
0 0.820052 0.774074 0.021354 0.066667
0 0.979167 0.690741 0.038542 0.044444
0 0.908854 0.869907 0.027083 0.060185
0 0.315885 0.918981 0.034896 0.037963
0 0.550000 0.495370 0.021875 0.048148
0 0.875260 0.754167 0.022396 0.047222
0 0.333854 0.952778 0.035417 0.048148
0 0.487500 0.949074 0.030208 0.070370
0 0.010156 0.153704 0.019271 0.062963
0 0.922396 0.353241 0.020833 0.041667
0 0.754687 0.673148 0.034375 0.040741
0 0.984115 0.861111 0.027604 0.057407
0 0.885938 0.912037 0.019792 0.061111
0 0.334375 0.124074 0.020833 0.048148
0 0.992448 0.312037 0.015104 0.062963
0 0.588021 0.715741 0.023958 0.044444
0 0.993750 0.486111 0.012500 0.050000
0 0.846354 0.753241 0.030208 0.050926
0 0.234375 0.823611 0.032292 0.043519
0 0.681771 0.903241 0.036458 0.034259
0 0.108073 0.825926 0.025521 0.040741
0 0.634896 0.758333 0.021875 0.038889
0 0.990885 0.399537 0.017188 0.045370
0 0.035156 0.218519 0.041146 0.059259
0 0.118750 0.877778 0.023958 0.055556
0 0.863021 0.941667 0.030208 0.062963
0 0.014583 0.221296 0.028125 0.057407
0 0.926042 0.871759 0.027083 0.052778
0 0.010417 0.758796 0.019792 0.041667
0 0.663281 0.334259 0.017188 0.031481
0 0.945573 0.867130 0.026562 0.049074
0 0.011979 0.691667 0.022917 0.033333
0 0.919010 0.935185 0.020313 0.061111
0 0.395313 0.874074 0.028125 0.033333
0 0.970573 0.013889 0.031771 0.025926
0 0.189583 0.967130 0.031250 0.050926
0 0.220052 0.393981 0.022396 0.028704
0 0.444531 0.964815 0.038021 0.048148
0 0.669531 0.943981 0.038021 0.045370
0 0.652083 0.979630 0.032292 0.037037
0 0.883594 0.972222 0.027604 0.050000
0 0.538281 0.966667 0.027604 0.051852
0 0.067187 0.007870 0.017708 0.013889
0 0.970833 0.099074 0.018750 0.027778
0 0.315885 0.969444 0.027604 0.037037
0 0.827083 0.982407 0.042708 0.033333
0 0.965104 0.872222 0.020833 0.059259
0 0.356510 0.980556 0.035937 0.038889
0 0.502344 0.925000 0.026562 0.037037
0 0.715625 0.937963 0.033333 0.048148
0 0.987240 0.971296 0.024479 0.050000
0 0.435677 0.197685 0.032813 0.052778
0 0.456510 0.147222 0.041146 0.053704
0 0.472396 0.168519 0.042708 0.040741
0 0.458594 0.228704 0.023438 0.072222
0 0.638802 0.134259 0.031771 0.046296
0 0.651302 0.083796 0.025521 0.071296
0 0.671354 0.129630 0.037500 0.048148
0 0.890104 0.282870 0.034375 0.054630
0 0.990625 0.486574 0.017708 0.050926
0 0.794531 0.798611 0.036979 0.073148
0 0.900781 0.969907 0.027604 0.047222
