0 0.633073 0.621759 0.024479 0.063889
0 0.812240 0.825463 0.029687 0.054630
0 0.271615 0.512963 0.034896 0.053704
0 0.617188 0.415741 0.023958 0.062963
0 0.425521 0.442130 0.027083 0.060185
0 0.577865 0.668981 0.027604 0.060185
0 0.679688 0.700463 0.026042 0.056481
0 0.757812 0.824074 0.029167 0.053704
0 0.854167 0.761574 0.029167 0.049074
0 0.631510 0.299074 0.023438 0.061111
0 0.472396 0.592593 0.021875 0.068519
0 0.525260 0.397685 0.026562 0.062037
0 0.680208 0.314815 0.028125 0.061111
0 0.297917 0.219907 0.032292 0.052778
0 0.607552 0.703241 0.032813 0.049074
0 0.559375 0.254167 0.018750 0.063889
0 0.329688 0.416204 0.035417 0.054630
0 0.326042 0.360648 0.026042 0.063889
0 0.910417 0.622222 0.023958 0.061111
0 0.259115 0.561111 0.031771 0.057407
0 0.678385 0.538889 0.032813 0.042593
0 0.773698 0.700926 0.020313 0.061111
0 0.655469 0.583796 0.021354 0.060185
0 0.359635 0.363889 0.024479 0.062963
0 0.354427 0.270370 0.036979 0.037037
0 0.559115 0.181019 0.021354 0.062037
0 0.874740 0.360648 0.023438 0.062037
0 0.567187 0.316204 0.022917 0.056481
0 0.694531 0.429167 0.021354 0.060185
0 0.190885 0.263426 0.023438 0.067593
0 0.173177 0.236574 0.025521 0.069444
0 0.661979 0.200926 0.023958 0.061111
0 0.883594 0.716667 0.022396 0.064815
0 0.536719 0.124074 0.021354 0.064815
0 0.283073 0.339352 0.035937 0.037963
0 0.676562 0.107407 0.017708 0.068519
0 0.561719 0.425926 0.031771 0.050000
0 0.886458 0.260185 0.021875 0.061111
0 0.814583 0.893519 0.033333 0.048148
0 0.776823 0.455093 0.029687 0.052778
0 0.496875 0.801852 0.032292 0.042593
0 0.402604 0.260648 0.031250 0.049074
0 0.242969 0.293056 0.035937 0.043519
0 0.825521 0.868056 0.026042 0.056481
0 0.246094 0.365741 0.033854 0.053704
0 0.630208 0.473148 0.036458 0.038889
0 0.397656 0.163889 0.026562 0.059259
0 0.856250 0.441204 0.031250 0.060185
0 0.657552 0.848611 0.030729 0.041667
0 0.513021 0.338426 0.035417 0.036111
0 0.520573 0.074074 0.020313 0.066667
0 0.931771 0.859722 0.030208 0.041667
0 0.699219 0.758796 0.032813 0.050926
0 0.822135 0.248611 0.018229 0.067593
0 0.440625 0.231019 0.025000 0.062037
0 0.688542 0.599537 0.028125 0.058333
0 0.756510 0.231944 0.017188 0.063889
0 0.907292 0.329167 0.023958 0.060185
0 0.648177 0.169907 0.023438 0.056481
0 0.596875 0.215278 0.025000 0.056481
0 0.630208 0.806019 0.021875 0.058333
0 0.861458 0.553241 0.037500 0.047222
0 0.885417 0.829630 0.026042 0.066667
0 0.778385 0.340741 0.025521 0.061111
0 0.608333 0.333796 0.020833 0.062037
0 0.838281 0.639352 0.025521 0.063889
0 0.266927 0.406944 0.036979 0.047222
0 0.618490 0.186574 0.021354 0.060185
0 0.508594 0.159259 0.020313 0.059259
0 0.422656 0.501389 0.021354 0.063889
0 0.310417 0.139352 0.019792 0.063889
0 0.566146 0.774537 0.019792 0.063889
0 0.757552 0.503704 0.018229 0.059259
0 0.791146 0.555093 0.031250 0.045370
0 0.800000 0.174537 0.018750 0.071296
0 0.785937 0.838426 0.030208 0.054630
0 0.719010 0.666667 0.035937 0.033333
0 0.201563 0.495370 0.026042 0.066667
0 0.507031 0.577778 0.035937 0.038889
0 0.777344 0.647685 0.027604 0.050926
0 0.744792 0.434259 0.021875 0.057407
0 0.637500 0.138426 0.020833 0.058333
0 0.442969 0.160648 0.022396 0.065741
0 0.693750 0.675000 0.019792 0.062963
0 0.862500 0.609259 0.037500 0.037037
0 0.449479 0.807870 0.029167 0.063889
0 0.562760 0.365741 0.034896 0.035185
0 0.801042 0.245370 0.018750 0.062963
0 0.715104 0.835185 0.017708 0.050000
0 0.247135 0.137963 0.024479 0.057407
0 0.850260 0.822685 0.022396 0.062037
0 0.268490 0.166204 0.034896 0.039815
0 0.814323 0.584722 0.035937 0.050926
0 0.714323 0.506481 0.030729 0.037037
0 0.939063 0.794444 0.032292 0.038889
0 0.372135 0.072685 0.022396 0.065741
0 0.520052 0.218519 0.031771 0.055556
0 0.380990 0.214352 0.035937 0.043519
0 0.373958 0.457407 0.020833 0.064815
0 0.941146 0.736111 0.035417 0.038889
0 0.180990 0.345833 0.041146 0.039815
0 0.472396 0.300463 0.032292 0.036111
0 0.184635 0.385648 0.041146 0.050926
0 0.564323 0.534722 0.033854 0.049074
0 0.542708 0.554630 0.027083 0.059259
0 0.231510 0.506944 0.024479 0.063889
0 0.740104 0.311111 0.033333 0.051852
0 0.770573 0.590278 0.036979 0.037963
0 0.537500 0.495370 0.032292 0.046296
0 0.652083 0.087037 0.022917 0.057407
0 0.181510 0.448148 0.041146 0.042593
0 0.546094 0.612963 0.024479 0.061111
0 0.420573 0.862500 0.026562 0.050926
0 0.772656 0.293519 0.029687 0.050000
0 0.594531 0.290278 0.032813 0.049074
0 0.780990 0.518981 0.032813 0.047222
0 0.203125 0.417130 0.021875 0.069444
0 0.650000 0.782407 0.019792 0.062963
0 0.485156 0.254630 0.032813 0.037037
0 0.418750 0.170370 0.026042 0.059259
0 0.725260 0.570833 0.024479 0.062037
0 0.323958 0.818981 0.032292 0.062037
0 0.712500 0.790278 0.036458 0.041667
0 0.246354 0.658796 0.031250 0.060185
0 0.722396 0.254630 0.031250 0.035185
0 0.850781 0.114815 0.023438 0.062963
0 0.658333 0.450000 0.018750 0.062963
0 0.581250 0.248148 0.028125 0.053704
0 0.501823 0.676389 0.032813 0.045370
0 0.439583 0.692593 0.036458 0.046296
0 0.471354 0.145833 0.020833 0.063889
0 0.235417 0.247222 0.038542 0.050000
0 0.167448 0.312037 0.044271 0.040741
0 0.663802 0.789352 0.020313 0.062037
0 0.485938 0.437963 0.025000 0.064815
0 0.695573 0.060185 0.032813 0.050000
0 0.342708 0.544444 0.031250 0.061111
0 0.565625 0.576852 0.033333 0.046296
0 0.939063 0.392593 0.027083 0.057407
0 0.346094 0.121759 0.018229 0.062037
0 0.241406 0.094907 0.036979 0.056481
0 0.931771 0.305093 0.034375 0.039815
0 0.410677 0.658333 0.022396 0.068519
0 0.801562 0.081944 0.032292 0.049074
0 0.950521 0.341667 0.034375 0.033333
0 0.920052 0.385648 0.021354 0.062037
0 0.721354 0.440278 0.025000 0.054630
0 0.345052 0.707407 0.024479 0.064815
0 0.220312 0.130093 0.035417 0.037963
0 0.363542 0.644907 0.036458 0.034259
0 0.805990 0.295370 0.030729 0.035185
0 0.333854 0.200463 0.037500 0.032407
0 0.753906 0.156481 0.036979 0.035185
0 0.405208 0.473148 0.018750 0.062963
0 0.620313 0.831019 0.017708 0.062037
0 0.060937 0.371296 0.022917 0.064815
0 0.982812 0.762500 0.031250 0.047222
0 0.362500 0.175463 0.036458 0.032407
0 0.288281 0.662963 0.031771 0.055556
0 0.461719 0.874074 0.025521 0.064815
0 0.160156 0.139352 0.043229 0.052778
0 0.457552 0.187963 0.017188 0.059259
0 0.445573 0.869907 0.019271 0.065741
0 0.501563 0.869907 0.022917 0.062037
0 0.479948 0.077315 0.034896 0.037963
0 0.164583 0.769444 0.033333 0.040741
0 0.963542 0.263426 0.030208 0.050926
0 0.620833 0.098148 0.031250 0.038889
0 0.412240 0.315278 0.027604 0.067593
0 0.642969 0.891204 0.029687 0.052778
0 0.151302 0.695833 0.021354 0.069444
0 0.467448 0.502778 0.023438 0.064815
0 0.988021 0.584259 0.023958 0.062963
0 0.246354 0.789815 0.033333 0.057407
0 0.864844 0.164815 0.031771 0.040741
0 0.057552 0.421759 0.038021 0.039815
0 0.020573 0.709722 0.034896 0.054630
0 0.119531 0.125463 0.039062 0.056481
0 0.634375 0.756481 0.019792 0.042593
0 0.344792 0.487500 0.020833 0.073148
0 0.064583 0.681944 0.040625 0.049074
0 0.894271 0.914352 0.029167 0.056481
0 0.658333 0.025463 0.027083 0.049074
0 0.871875 0.065741 0.018750 0.070370
0 0.274740 0.900463 0.033854 0.054630
0 0.723437 0.023148 0.035417 0.044444
0 0.286979 0.424537 0.026042 0.049074
0 0.049740 0.517593 0.043229 0.046296
0 0.964583 0.308333 0.022917 0.048148
0 0.700521 0.027778 0.035417 0.042593
0 0.333854 0.900463 0.026042 0.058333
0 0.219531 0.408796 0.021354 0.054630
0 0.084375 0.512963 0.030208 0.062963
0 0.630729 0.018981 0.035417 0.036111
0 0.518750 0.471759 0.033333 0.032407
0 0.080469 0.077778 0.027604 0.070370
0 0.297917 0.863426 0.027083 0.047222
0 0.095833 0.911111 0.034375 0.051852
0 0.234375 0.825000 0.036458 0.050000
0 0.182031 0.906481 0.035937 0.053704
0 0.283594 0.032407 0.038021 0.044444
0 0.201823 0.020370 0.026562 0.038889
0 0.994531 0.482870 0.010937 0.054630
0 0.835677 0.705556 0.021354 0.029630
0 0.105729 0.260185 0.031250 0.062963
0 0.583333 0.714352 0.020833 0.045370
0 0.110417 0.019444 0.037500 0.037037
0 0.095573 0.312500 0.027604 0.052778
0 0.948958 0.083796 0.025000 0.054630
0 0.052344 0.017593 0.034896 0.033333
0 0.534375 0.019444 0.034375 0.037037
0 0.127344 0.909259 0.044271 0.040741
0 0.985677 0.881481 0.028646 0.050000
0 0.363281 0.028241 0.018229 0.039815
0 0.124479 0.866204 0.026042 0.032407
0 0.006771 0.102778 0.012500 0.068519
0 0.514844 0.894444 0.028646 0.033333
0 0.995313 0.211574 0.009375 0.037963
0 0.822917 0.958333 0.038542 0.051852
0 0.966927 0.917130 0.034896 0.041667
0 0.785937 0.975463 0.037500 0.030556
0 0.916667 0.976389 0.025000 0.032407
0 0.261979 0.926389 0.038542 0.043519
0 0.126302 0.064352 0.022396 0.039815
0 0.077604 0.614815 0.020833 0.029630
0 0.434635 0.948148 0.035937 0.051852
0 0.265104 0.961574 0.040625 0.049074
0 0.464062 0.726389 0.012500 0.025000
0 0.949479 0.975463 0.021875 0.032407
0 0.179167 0.558333 0.018750 0.031481
0 0.010156 0.692130 0.019271 0.032407
0 0.147917 0.980093 0.032292 0.039815
0 0.076823 0.972685 0.035937 0.045370
0 0.110937 0.948148 0.030208 0.057407
0 0.970052 0.956019 0.034896 0.062037
0 0.385156 0.958796 0.039062 0.054630
0 0.846094 0.976389 0.034896 0.032407
0 0.376302 0.009259 0.016146 0.016667
0 0.198958 0.957870 0.033333 0.060185
0 0.722917 0.972685 0.037500 0.037963
0 0.035417 0.346759 0.018750 0.030556
0 0.357812 0.979167 0.035417 0.041667
