0 0.302083 0.491667 0.031250 0.055556
0 0.185677 0.357407 0.026562 0.062963
0 0.270313 0.486111 0.037500 0.044444
0 0.527865 0.299074 0.021354 0.062963
0 0.865625 0.519444 0.027083 0.057407
0 0.889844 0.498148 0.025521 0.061111
0 0.572917 0.207870 0.020833 0.058333
0 0.730990 0.627778 0.023438 0.062963
0 0.415885 0.425926 0.036979 0.046296
0 0.678906 0.385648 0.030729 0.049074
0 0.495833 0.320370 0.032292 0.055556
0 0.369271 0.078704 0.021875 0.062963
0 0.692969 0.675463 0.022396 0.062037
0 0.337500 0.423148 0.037500 0.050000
0 0.168229 0.237500 0.019792 0.069444
0 0.280990 0.147222 0.025521 0.066667
0 0.720573 0.297685 0.026562 0.054630
0 0.605208 0.460648 0.019792 0.062037
0 0.463281 0.421296 0.023438 0.064815
0 0.639062 0.451852 0.033333 0.038889
0 0.537760 0.237963 0.031771 0.048148
0 0.392448 0.620370 0.030729 0.042593
0 0.630729 0.403241 0.032292 0.050926
0 0.404427 0.259259 0.030729 0.050000
0 0.625260 0.536574 0.025521 0.063889
0 0.637500 0.137037 0.028125 0.053704
0 0.753125 0.643056 0.018750 0.062037
0 0.783333 0.451852 0.028125 0.051852
0 0.301302 0.110185 0.025521 0.066667
0 0.563802 0.358796 0.018229 0.067593
0 0.284896 0.261111 0.021875 0.062963
0 0.390104 0.206944 0.029167 0.060185
0 0.460677 0.258333 0.018229 0.062963
0 0.710156 0.134259 0.022396 0.064815
0 0.713542 0.510185 0.032292 0.048148
0 0.733854 0.134259 0.019792 0.062963
0 0.881250 0.564352 0.028125 0.050926
0 0.693750 0.482870 0.026042 0.060185
0 0.186198 0.674074 0.030729 0.057407
0 0.416927 0.379167 0.033854 0.047222
0 0.687240 0.726389 0.020313 0.058333
0 0.586198 0.798611 0.026562 0.062037
0 0.565365 0.412500 0.038021 0.037963
0 0.532552 0.378704 0.018229 0.064815
0 0.236458 0.275000 0.030208 0.048148
0 0.524740 0.073611 0.019271 0.073148
0 0.301042 0.373611 0.022917 0.056481
0 0.826562 0.436574 0.036458 0.043519
0 0.477083 0.516204 0.035417 0.037963
0 0.607552 0.353241 0.020313 0.067593
0 0.244531 0.557870 0.022396 0.060185
0 0.321354 0.504167 0.021875 0.069444
0 0.403646 0.743519 0.034375 0.040741
0 0.942969 0.490278 0.021354 0.058333
0 0.334115 0.366204 0.039062 0.036111
0 0.249219 0.647685 0.022396 0.065741
0 0.440885 0.221759 0.032813 0.050926
0 0.378385 0.694907 0.019271 0.069444
0 0.411979 0.312037 0.029167 0.064815
0 0.867969 0.417593 0.033854 0.051852
0 0.758073 0.239352 0.020313 0.058333
0 0.507031 0.415278 0.025521 0.060185
0 0.778125 0.290278 0.020833 0.063889
0 0.359375 0.185648 0.035417 0.043519
0 0.206771 0.334259 0.025000 0.055556
0 0.875000 0.361111 0.022917 0.064815
0 0.953646 0.659259 0.031250 0.053704
0 0.170052 0.570370 0.025521 0.066667
0 0.419271 0.686111 0.019792 0.066667
0 0.543750 0.503704 0.034375 0.042593
0 0.292969 0.210185 0.036979 0.048148
0 0.535677 0.793056 0.031771 0.039815
0 0.274219 0.667593 0.034896 0.037037
0 0.346354 0.062963 0.036458 0.048148
0 0.723958 0.564352 0.021875 0.065741
0 0.582292 0.051852 0.020833 0.068519
0 0.457292 0.592130 0.031250 0.049074
0 0.862760 0.329630 0.021354 0.062963
0 0.545312 0.694907 0.034375 0.039815
0 0.494531 0.431481 0.027604 0.061111
0 0.580208 0.254630 0.032292 0.051852
0 0.545312 0.315278 0.016667 0.067593
0 0.434896 0.627778 0.036458 0.048148
0 0.396094 0.132407 0.032813 0.048148
0 0.800260 0.670370 0.031771 0.040741
0 0.751042 0.191667 0.026042 0.061111
0 0.649479 0.694444 0.033333 0.042593
0 0.537760 0.454167 0.033854 0.047222
0 0.094531 0.683796 0.028646 0.060185
0 0.966667 0.402315 0.020833 0.063889
0 0.760677 0.137037 0.029687 0.057407
0 0.249219 0.710185 0.034896 0.044444
0 0.921615 0.277315 0.027604 0.062037
0 0.757812 0.728241 0.023958 0.058333
0 0.840104 0.299074 0.023958 0.061111
0 0.808854 0.811574 0.029167 0.052778
0 0.498958 0.123611 0.034375 0.047222
0 0.475781 0.073148 0.034896 0.050000
0 0.622656 0.116667 0.032813 0.042593
0 0.346354 0.486111 0.019792 0.072222
0 0.345313 0.548148 0.032292 0.055556
0 0.654948 0.083333 0.022396 0.059259
0 0.325000 0.625463 0.020833 0.062037
0 0.765885 0.085648 0.028646 0.054630
0 0.805469 0.285185 0.032813 0.048148
0 0.251302 0.756481 0.028646 0.053704
0 0.784635 0.727315 0.033854 0.047222
0 0.791406 0.389815 0.034896 0.046296
0 0.675521 0.135185 0.033333 0.044444
0 0.882552 0.697685 0.028646 0.056481
0 0.238542 0.093981 0.037500 0.039815
0 0.412240 0.185648 0.033854 0.043519
0 0.858594 0.741204 0.032813 0.037963
0 0.853906 0.167130 0.028646 0.052778
0 0.713542 0.220833 0.036458 0.039815
0 0.981250 0.678241 0.023958 0.065741
0 0.822396 0.381481 0.036458 0.051852
0 0.942708 0.728241 0.020833 0.065741
0 0.367708 0.475926 0.017708 0.068519
0 0.502083 0.488889 0.018750 0.064815
0 0.344792 0.134722 0.035417 0.043519
0 0.451042 0.178704 0.035417 0.038889
0 0.741927 0.694907 0.029687 0.050926
0 0.195312 0.207870 0.034375 0.050926
0 0.894792 0.282870 0.025000 0.062037
0 0.478646 0.216667 0.033333 0.038889
0 0.878385 0.756019 0.027604 0.045370
0 0.750260 0.303704 0.036979 0.037037
0 0.826302 0.216204 0.033854 0.047222
0 0.713021 0.803704 0.030208 0.050000
0 0.875521 0.264352 0.017708 0.065741
0 0.422396 0.852315 0.037500 0.054630
0 0.466406 0.766204 0.040104 0.039815
0 0.785937 0.822222 0.029167 0.050000
0 0.829948 0.735648 0.027604 0.049074
0 0.952344 0.251852 0.029687 0.053704
0 0.513802 0.552315 0.034896 0.037963
0 0.155208 0.463426 0.040625 0.043519
0 0.903646 0.674537 0.022917 0.052778
0 0.800000 0.612963 0.034375 0.055556
0 0.344010 0.798611 0.038021 0.034259
0 0.612500 0.686111 0.032292 0.033333
0 0.770312 0.884722 0.037500 0.036111
0 0.310417 0.829167 0.026042 0.071296
0 0.199740 0.078704 0.021354 0.072222
0 0.526042 0.839815 0.035417 0.037037
0 0.961198 0.292130 0.041146 0.045370
0 0.746875 0.850926 0.028125 0.051852
0 0.687240 0.824537 0.019271 0.067593
0 0.451823 0.666204 0.039062 0.034259
0 0.979427 0.835648 0.038021 0.043519
0 0.437760 0.147222 0.038021 0.035185
0 0.844531 0.819907 0.030729 0.032407
0 0.908333 0.843056 0.019792 0.058333
0 0.519271 0.528241 0.035417 0.036111
0 0.262500 0.047685 0.038542 0.036111
0 0.090885 0.339815 0.038021 0.038889
0 0.985156 0.770833 0.027604 0.039815
0 0.151302 0.693981 0.021354 0.069444
0 0.798958 0.080093 0.033333 0.047222
0 0.729688 0.773148 0.035417 0.035185
0 0.799479 0.156944 0.022917 0.062037
0 0.810417 0.912963 0.037500 0.037037
0 0.837240 0.116204 0.036979 0.034259
0 0.220312 0.381944 0.023958 0.049074
0 0.480469 0.023611 0.034896 0.041667
0 0.785677 0.212500 0.032813 0.060185
0 0.139063 0.427778 0.031250 0.046296
0 0.910417 0.185185 0.037500 0.031481
0 0.478125 0.676852 0.029167 0.051852
0 0.084115 0.769907 0.040104 0.049074
0 0.815104 0.861574 0.036458 0.043519
0 0.940625 0.142593 0.033333 0.044444
0 0.575521 0.755093 0.034375 0.043519
0 0.986719 0.490278 0.023438 0.043519
0 0.743490 0.808333 0.034896 0.040741
0 0.368750 0.024074 0.037500 0.046296
0 0.567969 0.840278 0.041146 0.041667
0 0.929427 0.431019 0.021354 0.043519
0 0.886458 0.225000 0.033333 0.042593
0 0.319792 0.028704 0.037500 0.037037
0 0.717448 0.854630 0.025521 0.055556
0 0.301823 0.907407 0.034896 0.048148
0 0.840104 0.892593 0.034375 0.038889
0 0.503646 0.890278 0.020833 0.069444
0 0.778646 0.853704 0.033333 0.035185
0 0.147396 0.864815 0.026042 0.070370
0 0.673958 0.025000 0.034375 0.033333
0 0.901563 0.907407 0.023958 0.068519
0 0.629167 0.018981 0.034375 0.036111
0 0.405990 0.101389 0.038021 0.041667
0 0.882552 0.906944 0.019271 0.062037
0 0.062760 0.620833 0.038021 0.039815
0 0.123177 0.501389 0.023438 0.063889
0 0.180469 0.852315 0.022396 0.062037
0 0.133333 0.115741 0.037500 0.038889
0 0.040885 0.668519 0.029687 0.068519
0 0.806510 0.948611 0.038021 0.041667
0 0.084375 0.081481 0.018750 0.072222
0 0.721094 0.024537 0.029687 0.047222
0 0.073698 0.195833 0.025521 0.069444
0 0.467187 0.864815 0.032292 0.044444
0 0.049740 0.773148 0.042188 0.048148
0 0.634635 0.758333 0.020313 0.037037
0 0.015625 0.174537 0.030208 0.034259
0 0.034896 0.216204 0.028125 0.050926
0 0.871354 0.066667 0.019792 0.070370
0 0.562240 0.015741 0.031771 0.029630
0 0.865365 0.928241 0.026562 0.056481
0 0.933073 0.688426 0.020313 0.060185
0 0.116146 0.070833 0.028125 0.062037
0 0.914844 0.956944 0.040104 0.034259
0 0.949740 0.870833 0.022396 0.047222
0 0.235156 0.825926 0.031771 0.051852
0 0.994531 0.312500 0.010937 0.063889
0 0.128906 0.900463 0.019271 0.065741
0 0.663281 0.332870 0.018229 0.034259
0 0.007031 0.285648 0.013021 0.047222
0 0.987500 0.174074 0.023958 0.042593
0 0.527604 0.879167 0.030208 0.037963
0 0.118490 0.878241 0.026562 0.060185
0 0.655990 0.275463 0.017188 0.032407
0 0.234115 0.946759 0.030729 0.062037
0 0.318229 0.093519 0.017708 0.027778
0 0.026302 0.882407 0.028646 0.066667
0 0.014583 0.233796 0.019792 0.028704
0 0.836719 0.972685 0.033854 0.025000
0 0.870833 0.963426 0.029167 0.034259
0 0.395833 0.874537 0.028125 0.034259
0 0.994271 0.873148 0.011458 0.046296
0 0.504167 0.937963 0.030208 0.048148
0 0.343750 0.956944 0.036458 0.054630
0 0.532292 0.975463 0.041667 0.034259
0 0.814583 0.989815 0.029167 0.020370
0 0.357031 0.980556 0.036979 0.038889
0 0.066406 0.008333 0.019271 0.014815
0 0.545573 0.938426 0.032813 0.050926
0 0.440104 0.269907 0.014583 0.030556
0 0.779948 0.545833 0.018229 0.025000
0 0.987500 0.971759 0.022917 0.030556
0 0.679948 0.905093 0.015104 0.025000
0 0.156771 0.950000 0.028125 0.068519
0 0.449219 0.955556 0.036979 0.046296
