0 0.363021 0.363889 0.033333 0.051852
0 0.361979 0.624537 0.033333 0.054630
0 0.144531 0.239815 0.027604 0.068519
0 0.309635 0.558796 0.039062 0.058333
0 0.193490 0.244907 0.023438 0.069444
0 0.125521 0.275926 0.033333 0.064815
0 0.164583 0.161111 0.027083 0.068519
0 0.511458 0.557407 0.028125 0.059259
0 0.375000 0.080556 0.028125 0.064815
0 0.221875 0.476389 0.036458 0.047222
0 0.284896 0.306944 0.039583 0.036111
0 0.389062 0.420370 0.037500 0.033333
0 0.249219 0.661111 0.034896 0.055556
0 0.697135 0.174537 0.027604 0.056481
0 0.452604 0.630093 0.019792 0.063889
0 0.499740 0.390278 0.025521 0.065741
0 0.120573 0.339352 0.031771 0.052778
0 0.377344 0.463889 0.038021 0.033333
0 0.447135 0.562500 0.025521 0.062037
0 0.395833 0.681481 0.037500 0.057407
0 0.403906 0.032407 0.020313 0.061111
0 0.747396 0.415741 0.034375 0.046296
0 0.531510 0.375926 0.027604 0.061111
0 0.237500 0.740741 0.037500 0.046296
0 0.188802 0.796296 0.031771 0.057407
0 0.420833 0.480556 0.020833 0.055556
0 0.083333 0.295370 0.031250 0.070370
0 0.399219 0.139815 0.029687 0.064815
0 0.301302 0.508796 0.039062 0.045370
0 0.286979 0.182870 0.028125 0.065741
0 0.603125 0.505556 0.035417 0.050000
0 0.774219 0.390741 0.035937 0.050000
0 0.477083 0.472222 0.018750 0.070370
0 0.330469 0.280093 0.039062 0.047222
0 0.828646 0.525463 0.029167 0.058333
0 0.449219 0.821759 0.032813 0.050926
0 0.319010 0.457407 0.029687 0.059259
0 0.344531 0.854167 0.026562 0.062037
0 0.377083 0.217130 0.030208 0.047222
0 0.096875 0.397222 0.039583 0.038889
0 0.274740 0.260648 0.040104 0.043519
0 0.069531 0.756944 0.030729 0.065741
0 0.428125 0.612500 0.037500 0.045370
0 0.705208 0.626389 0.036458 0.045370
0 0.269792 0.783333 0.037500 0.037037
0 0.519271 0.079630 0.020833 0.064815
0 0.353646 0.250463 0.038542 0.037963
0 0.661458 0.658796 0.032292 0.058333
0 0.541667 0.567593 0.020833 0.068519
0 0.072917 0.443056 0.037500 0.047222
0 0.201563 0.331481 0.020833 0.066667
0 0.439323 0.743519 0.038021 0.053704
0 0.146094 0.557870 0.035937 0.047222
0 0.185156 0.152315 0.033854 0.062037
0 0.149740 0.425926 0.033854 0.038889
0 0.703385 0.319444 0.032813 0.048148
0 0.776563 0.333796 0.036458 0.056481
0 0.659375 0.758333 0.036458 0.044444
0 0.768229 0.155556 0.028125 0.061111
0 0.690885 0.061574 0.026562 0.062037
0 0.250521 0.065278 0.021875 0.069444
0 0.106771 0.758796 0.036458 0.065741
0 0.124479 0.110185 0.030208 0.066667
0 0.620313 0.626389 0.028125 0.060185
0 0.396354 0.352315 0.030208 0.062037
0 0.679948 0.383333 0.028646 0.059259
0 0.662500 0.468981 0.029167 0.039815
0 0.427865 0.781944 0.028646 0.067593
0 0.492448 0.347222 0.031771 0.059259
0 0.464844 0.121759 0.024479 0.067593
0 0.622656 0.215278 0.027604 0.060185
0 0.497656 0.737963 0.025521 0.059259
0 0.365885 0.797685 0.021354 0.065741
0 0.768750 0.587037 0.035417 0.044444
0 0.696875 0.507407 0.031250 0.035185
0 0.703385 0.232407 0.038021 0.035185
0 0.635417 0.325463 0.027083 0.058333
0 0.871354 0.579167 0.025000 0.062037
0 0.492969 0.250000 0.025521 0.068519
0 0.714583 0.087500 0.020833 0.062037
0 0.177604 0.302778 0.029167 0.061111
0 0.699479 0.695370 0.026042 0.059259
0 0.589323 0.585648 0.035937 0.036111
0 0.100521 0.312963 0.026042 0.068519
0 0.814844 0.099537 0.035937 0.050926
0 0.128646 0.858333 0.031250 0.061111
0 0.198698 0.624537 0.036979 0.052778
0 0.704167 0.383333 0.028125 0.059259
0 0.782552 0.091204 0.026562 0.058333
0 0.559375 0.167593 0.025000 0.061111
0 0.038021 0.519907 0.037500 0.058333
0 0.401042 0.830556 0.023958 0.061111
0 0.083594 0.513889 0.030729 0.057407
0 0.794010 0.243056 0.040104 0.043519
0 0.599740 0.687500 0.035937 0.034259
0 0.567187 0.645833 0.022917 0.065741
0 0.763021 0.653241 0.033333 0.047222
0 0.927604 0.141204 0.036458 0.052778
0 0.808854 0.153241 0.038542 0.041667
0 0.871875 0.131481 0.032292 0.053704
0 0.178646 0.572222 0.040625 0.053704
0 0.478646 0.284722 0.029167 0.058333
0 0.084375 0.650926 0.043750 0.037037
0 0.205208 0.133333 0.038542 0.040741
0 0.346094 0.489352 0.021354 0.073148
0 0.559635 0.050926 0.016146 0.057407
0 0.549479 0.087500 0.030208 0.062037
0 0.896094 0.664352 0.027604 0.056481
0 0.272656 0.649074 0.024479 0.066667
0 0.729688 0.106481 0.020833 0.062963
0 0.967969 0.706019 0.028646 0.069444
0 0.789844 0.624074 0.025521 0.061111
0 0.678385 0.336574 0.034896 0.037963
0 0.662760 0.156019 0.025521 0.063889
0 0.806771 0.831019 0.032292 0.047222
0 0.767708 0.291667 0.035417 0.033333
0 0.246354 0.171296 0.020833 0.074074
0 0.937240 0.445370 0.039062 0.044444
0 0.141927 0.115278 0.031771 0.062037
0 0.364063 0.528704 0.022917 0.051852
0 0.892969 0.182870 0.020313 0.063889
0 0.420312 0.344444 0.026042 0.066667
0 0.613542 0.431019 0.034375 0.049074
0 0.044010 0.609259 0.025521 0.070370
0 0.762500 0.252315 0.033333 0.052778
0 0.713021 0.278241 0.034375 0.049074
0 0.560677 0.320833 0.033854 0.036111
0 0.533854 0.241204 0.023958 0.063889
0 0.228646 0.104167 0.039583 0.039815
0 0.459115 0.357870 0.020313 0.067593
0 0.590365 0.257870 0.029687 0.050926
0 0.514844 0.468056 0.032813 0.036111
0 0.221354 0.254630 0.032292 0.064815
0 0.579167 0.408333 0.021875 0.068519
0 0.407292 0.278241 0.036458 0.045370
0 0.409115 0.723611 0.020313 0.065741
0 0.740885 0.294444 0.020313 0.066667
0 0.777604 0.462037 0.035417 0.042593
0 0.556510 0.438426 0.019271 0.067593
0 0.699479 0.561574 0.027083 0.060185
0 0.617448 0.094444 0.033854 0.044444
0 0.022396 0.652315 0.026042 0.078704
0 0.477604 0.043981 0.031250 0.049074
0 0.044531 0.803241 0.026562 0.076852
0 0.271615 0.114352 0.042188 0.036111
0 0.870833 0.068056 0.019792 0.069444
0 0.546615 0.750000 0.029687 0.061111
0 0.422135 0.114815 0.035937 0.046296
0 0.720313 0.028704 0.034375 0.053704
0 0.802344 0.545833 0.023438 0.060185
0 0.120052 0.052778 0.031771 0.061111
0 0.945052 0.676852 0.020313 0.061111
0 0.723958 0.565741 0.021875 0.062963
0 0.153385 0.687500 0.026562 0.082407
0 0.083333 0.587037 0.040625 0.048148
0 0.908073 0.624074 0.038021 0.042593
0 0.922656 0.343519 0.024479 0.068519
0 0.841146 0.471296 0.027083 0.070370
0 0.861979 0.790278 0.037500 0.032407
0 0.629948 0.024537 0.034896 0.043519
0 0.910417 0.166667 0.031250 0.061111
0 0.235937 0.825926 0.035417 0.048148
0 0.158594 0.041667 0.029687 0.068519
0 0.415365 0.894444 0.030729 0.059259
0 0.778125 0.538426 0.025000 0.052778
0 0.878646 0.222222 0.018750 0.061111
0 0.699479 0.882407 0.028125 0.050000
0 0.161458 0.649074 0.036458 0.050000
0 0.018750 0.572685 0.035417 0.041667
0 0.597396 0.299537 0.034375 0.036111
0 0.571094 0.817593 0.030729 0.062963
0 0.183333 0.099074 0.037500 0.040741
0 0.782813 0.715278 0.037500 0.039815
0 0.953646 0.096759 0.020833 0.060185
0 0.200781 0.684722 0.041146 0.071296
0 0.720573 0.735185 0.018229 0.068519
0 0.064583 0.890741 0.034375 0.051852
0 0.857292 0.903241 0.023958 0.052778
0 0.792188 0.897685 0.034375 0.043519
0 0.857552 0.755093 0.036979 0.043519
0 0.874740 0.839352 0.035937 0.034259
0 0.697917 0.844444 0.031250 0.055556
0 0.918229 0.075000 0.031250 0.031481
0 0.847917 0.831944 0.023958 0.054630
0 0.100781 0.863426 0.022396 0.065741
0 0.751042 0.509259 0.037500 0.051852
0 0.524219 0.901389 0.027604 0.062037
0 0.523698 0.797222 0.033854 0.035185
0 0.962240 0.516667 0.030729 0.050000
0 0.867448 0.871296 0.031771 0.046296
0 0.537760 0.845370 0.031771 0.046296
0 0.827865 0.775000 0.038021 0.051852
0 0.976823 0.829630 0.036979 0.059259
0 0.447917 0.471296 0.016667 0.042593
0 0.741146 0.768981 0.034375 0.062037
0 0.902083 0.862037 0.022917 0.059259
0 0.991406 0.483333 0.017188 0.061111
0 0.438802 0.013426 0.039062 0.025000
0 0.667708 0.868519 0.028125 0.055556
0 0.345052 0.016667 0.024479 0.031481
0 0.874740 0.359259 0.027604 0.070370
0 0.563802 0.869907 0.035937 0.045370
0 0.011979 0.613426 0.022917 0.043519
0 0.178906 0.901389 0.048438 0.043519
0 0.314583 0.137963 0.022917 0.029630
0 0.012760 0.875000 0.024479 0.064815
0 0.650260 0.413889 0.020313 0.038889
0 0.007552 0.310185 0.014063 0.044444
0 0.049740 0.090278 0.020313 0.069444
0 0.009896 0.231481 0.018750 0.055556
0 0.838021 0.704630 0.015625 0.025926
0 0.994792 0.525000 0.010417 0.040741
0 0.271354 0.928241 0.031250 0.058333
0 0.287500 0.007407 0.016667 0.012963
0 0.104688 0.951852 0.021875 0.074074
0 0.130208 0.948148 0.037500 0.057407
0 0.358594 0.951389 0.028646 0.062037
0 0.373177 0.977315 0.033854 0.032407
0 0.168750 0.964815 0.041667 0.048148
0 0.060156 0.968981 0.035937 0.041667
0 0.087240 0.970370 0.024479 0.059259
0 0.556250 0.940741 0.038542 0.055556
0 0.651302 0.968981 0.041146 0.056481
0 0.728906 0.930093 0.039062 0.045370
0 0.735156 0.975000 0.023438 0.050000
0 0.852344 0.976389 0.030729 0.039815
0 0.875781 0.956944 0.021354 0.058333
