0 0.66552734375 0.5290798611111112 0.0272674560546875 0.056098090277777776
0 0.64697265625 0.23524305555555555 0.0194549560546875 0.06282552083333333
0 0.79638671875 0.5876736111111112 0.0287628173828125 0.05848524305555555
0 0.72412109375 0.4134114583333333 0.02801513671875 0.058159722222222224
0 0.8330078125 0.5750868055555556 0.0306243896484375 0.052408854166666664
0 0.404541015625 0.5060763888888888 0.0318603515625 0.056315104166666664
0 0.7578125 0.796875 0.028167724609375 0.05422634548611111
0 0.337158203125 0.6176215277777778 0.02838134765625 0.0636935763888889
0 0.1466064453125 0.3862847222222222 0.039276123046875 0.04676649305555555
0 0.697265625 0.546875 0.031982421875 0.052300347222222224
0 0.62109375 0.21082899305555555 0.01812744140625 0.06461588541666667
0 0.43359375 0.6072048611111112 0.0237274169921875 0.060384114583333336
0 0.74853515625 0.6137152777777778 0.0250396728515625 0.054633246527777776
0 0.6123046875 0.1203342013888889 0.022796630859375 0.061686197916666664
0 0.468505859375 0.6879340277777778 0.03271484375 0.056098090277777776
0 0.7890625 0.4678819444444444 0.023956298828125 0.055474175347222224
0 0.7119140625 0.6436631944444444 0.0243377685546875 0.05837673611111111
0 0.67236328125 0.2547743055555556 0.028594970703125 0.05783420138888889
0 0.5224609375 0.3407118055555556 0.02276611328125 0.0673828125
0 0.84326171875 0.24869791666666666 0.022796630859375 0.0636935763888889
0 0.3701171875 0.4151475694444444 0.035003662109375 0.0556640625
0 0.43701171875 0.71875 0.03338623046875 0.051920572916666664
0 0.9072265625 0.5707465277777778 0.0227203369140625 0.060384114583333336
0 0.382568359375 0.82421875 0.0290374755859375 0.05300564236111111
0 0.32080078125 0.4622395833333333 0.0203399658203125 0.06477864583333333
0 0.52392578125 0.6076388888888888 0.026763916015625 0.06450737847222222
0 0.5107421875 0.8059895833333334 0.0272674560546875 0.0661349826388889
0 0.95654296875 0.7191840277777778 0.033538818359375 0.05495876736111111
0 0.55029296875 0.2999131944444444 0.01934814453125 0.06944444444444445
0 0.921875 0.2901475694444444 0.021484375 0.06401909722222222
0 0.6435546875 0.5056423611111112 0.018798828125 0.060980902777777776
0 0.896484375 0.6584201388888888 0.027587890625 0.04747178819444445
0 0.74755859375 0.2437065972222222 0.0266571044921875 0.05555555555555555
0 0.41357421875 0.4592013888888889 0.03753662109375 0.03431532118055555
0 0.7001953125 0.3211805555555556 0.0310211181640625 0.056966145833333336
0 0.72216796875 0.5633680555555556 0.0189361572265625 0.06684027777777778
0 0.84814453125 0.38671875 0.023956298828125 0.057183159722222224
0 0.6513671875 0.8081597222222222 0.0240936279296875 0.062337239583333336
0 0.285888671875 0.5221354166666666 0.03839111328125 0.03843858506944445
0 0.87158203125 0.4904513888888889 0.0364990234375 0.044921875
0 0.09893798828125 0.3513454861111111 0.034698486328125 0.054741753472222224
0 0.9228515625 0.78515625 0.0231475830078125 0.06222873263888889
0 0.8154296875 0.21668836805555555 0.0206451416015625 0.06201171875
0 0.19677734375 0.4264322916666667 0.035491943359375 0.03908962673611111
0 0.8916015625 0.3083767361111111 0.0295867919921875 0.06005859375
0 0.5966796875 0.2784288194444444 0.033203125 0.04408094618055555
0 0.76953125 0.6792534722222222 0.0290374755859375 0.04885525173611111
0 0.366455078125 0.2669270833333333 0.019989013671875 0.06624348958333333
0 0.95556640625 0.5221354166666666 0.024932861328125 0.06673177083333333
0 0.5654296875 0.1418185763888889 0.027374267578125 0.0556640625
0 0.8818359375 0.6293402777777778 0.0271759033203125 0.046061197916666664
0 0.630859375 0.7473958333333334 0.034088134765625 0.05075412326388889
0 0.6181640625 0.7074652777777778 0.033782958984375 0.048583984375
0 0.89501953125 0.24131944444444445 0.0180511474609375 0.0615234375
0 0.380859375 0.5564236111111112 0.0235137939453125 0.06401909722222222
0 0.86767578125 0.1916232638888889 0.0200958251953125 0.060492621527777776
0 0.66259765625 0.283203125 0.0310821533203125 0.054009331597222224
0 0.82421875 0.3654513888888889 0.028167724609375 0.05995008680555555
0 0.9365234375 0.4683159722222222 0.034820556640625 0.038872612847222224
0 0.89501953125 0.7413194444444444 0.0279541015625 0.057074652777777776
0 0.1927490234375 0.1521267361111111 0.0299835205078125 0.06510416666666667
0 0.87841796875 0.3680555555555556 0.023468017578125 0.06076388888888889
0 0.935546875 0.6280381944444444 0.03436279296875 0.05113389756944445
0 0.35888671875 0.7530381944444444 0.0252685546875 0.051323784722222224
0 0.5478515625 0.17686631944444445 0.02838134765625 0.06016710069444445
0 0.92138671875 0.6046006944444444 0.0269622802734375 0.054524739583333336
0 0.689453125 0.6775173611111112 0.018798828125 0.0625
0 0.8818359375 0.7916666666666666 0.03533935546875 0.041015625
0 0.28564453125 0.2660590277777778 0.03643798828125 0.059624565972222224
0 0.80615234375 0.15928819444444445 0.022979736328125 0.05848524305555555
0 0.50341796875 0.4144965277777778 0.01861572265625 0.0661349826388889
0 0.90869140625 0.4661458333333333 0.0217437744140625 0.06222873263888889
0 0.487060546875 0.8845486111111112 0.0282135009765625 0.056966145833333336
0 0.39013671875 0.6111111111111112 0.0345458984375 0.06222873263888889
0 0.382080078125 0.2306857638888889 0.0192413330078125 0.06879340277777778
0 0.497802734375 0.6019965277777778 0.0218658447265625 0.06537543402777778
0 0.70458984375 0.8276909722222222 0.0192413330078125 0.06401909722222222
0 0.90283203125 0.4270833333333333 0.0289306640625 0.05381944444444445
0 0.7236328125 0.8450520833333334 0.0226287841796875 0.05685763888888889
0 0.84033203125 0.73828125 0.0250396728515625 0.06391059027777778
0 0.603515625 0.8016493055555556 0.0272674560546875 0.05495876736111111
0 0.7548828125 0.09722222222222222 0.0293121337890625 0.054524739583333336
0 0.69970703125 0.5989583333333334 0.033843994140625 0.038492838541666664
0 0.8037109375 0.4320746527777778 0.035003662109375 0.049886067708333336
0 0.35009765625 0.3604600694444444 0.0384521484375 0.05007595486111111
0 0.3779296875 0.05422634548611111 0.0216522216796875 0.0673828125
0 0.603515625 0.7612847222222222 0.034088134765625 0.046956380208333336
0 0.7451171875 0.4479166666666667 0.03985595703125 0.049614800347222224
0 0.1953125 0.3266059027777778 0.019989013671875 0.058051215277777776
0 0.755859375 0.1771918402777778 0.0261993408203125 0.06130642361111111
0 0.183837890625 0.2727864583333333 0.0226287841796875 0.06548394097222222
0 0.255859375 0.17588975694444445 0.0182647705078125 0.06982421875
0 0.424560546875 0.228515625 0.0293121337890625 0.0673828125
0 0.247314453125 0.3450520833333333 0.0390625 0.04139539930555555
0 0.93603515625 0.6974826388888888 0.033905029296875 0.054117838541666664
0 0.327880859375 0.20225694444444445 0.0266571044921875 0.054524739583333336
0 0.314208984375 0.4112413194444444 0.038909912109375 0.037407769097222224
0 0.90283203125 0.3752170138888889 0.0184783935546875 0.060872395833333336
0 0.33544921875 0.82421875 0.037200927734375 0.036919487847222224
0 0.34912109375 0.034857855902777776 0.0248870849609375 0.06141493055555555
0 0.8876953125 0.8307291666666666 0.0369873046875 0.035319010416666664
0 0.5302734375 0.208984375 0.03448486328125 0.050835503472222224
0 0.476318359375 0.06944444444444445 0.017913818359375 0.06890190972222222
0 0.345947265625 0.4136284722222222 0.028594970703125 0.056640625
0 0.280029296875 0.7964409722222222 0.0269622802734375 0.06391059027777778
0 0.5517578125 0.4748263888888889 0.02423095703125 0.04359266493055555
0 0.136474609375 0.3161892361111111 0.037384033203125 0.03976779513888889
0 0.4833984375 0.4891493055555556 0.034881591796875 0.03615993923611111
0 0.52685546875 0.6918402777777778 0.03289794921875 0.038275824652777776
0 0.289794921875 0.2094184027777778 0.035614013671875 0.049235026041666664
0 0.249755859375 0.4069010416666667 0.04132080078125 0.033935546875
0 0.0970458984375 0.2717013888888889 0.04193115234375 0.03805881076388889
0 0.249267578125 0.7322048611111112 0.03955078125 0.04391818576388889
0 0.7392578125 0.12337239583333333 0.022796630859375 0.050944010416666664
0 0.430419921875 0.8064236111111112 0.0194244384765625 0.0671115451388889
0 0.74658203125 0.3546006944444444 0.0262603759765625 0.06586371527777778
0 0.57861328125 0.20475260416666666 0.0203704833984375 0.050455729166666664
0 0.93310546875 0.5269097222222222 0.024658203125 0.05588107638888889
0 0.18994140625 0.3773871527777778 0.041229248046875 0.04226345486111111
0 0.96875 0.7738715277777778 0.03656005859375 0.03976779513888889
0 0.521484375 0.07915581597222222 0.016021728515625 0.06917317708333333
0 0.88134765625 0.4084201388888889 0.0262603759765625 0.05642361111111111
0 0.2481689453125 0.6471354166666666 0.026153564453125 0.06499565972222222
0 0.65478515625 0.8532986111111112 0.0300445556640625 0.042670355902777776
0 0.60888671875 0.4704861111111111 0.033843994140625 0.03477647569444445
0 0.458251953125 0.8897569444444444 0.0257110595703125 0.05504014756944445
0 0.456787109375 0.8255208333333334 0.036834716796875 0.03648546006944445
0 0.7841796875 0.8190104166666666 0.03607177734375 0.036919487847222224
0 0.219970703125 0.4722222222222222 0.0200653076171875 0.0734592013888889
0 0.78271484375 0.3253038194444444 0.0254669189453125 0.06700303819444445
0 0.62646484375 0.7981770833333334 0.0221099853515625 0.060384114583333336
0 0.7861328125 0.7113715277777778 0.0200653076171875 0.059733072916666664
0 0.1015625 0.5286458333333334 0.035064697265625 0.057183159722222224
0 0.361328125 0.5607638888888888 0.018157958984375 0.06825086805555555
0 0.8095703125 0.5269097222222222 0.038909912109375 0.03504774305555555
0 0.90234375 0.8676215277777778 0.03424072265625 0.037760416666666664
0 0.474609375 0.23133680555555555 0.019378662109375 0.060872395833333336
0 0.5859375 0.4105902777777778 0.037261962890625 0.049235026041666664
0 0.352783203125 0.4917534722222222 0.0180206298828125 0.0715603298611111
0 0.8427734375 0.8493923611111112 0.0237274169921875 0.0615234375
0 0.270751953125 0.44921875 0.043609619140625 0.036078559027777776
0 0.1759033203125 0.08121744791666667 0.02630615234375 0.059624565972222224
0 0.1693115234375 0.3383246527777778 0.035400390625 0.056315104166666664
0 0.042633056640625 0.5802951388888888 0.03265380859375 0.059136284722222224
0 0.53857421875 0.040228949652777776 0.021240234375 0.06027560763888889
0 0.451171875 0.3997395833333333 0.03314208984375 0.03445095486111111
0 0.176513671875 0.18033854166666666 0.0189361572265625 0.060492621527777776
0 0.358154296875 0.09033203125 0.020294189453125 0.06439887152777778
0 0.412353515625 0.2777777777777778 0.0240936279296875 0.07259114583333333
0 0.81298828125 0.11018880208333333 0.033538818359375 0.048583984375
0 0.712890625 0.7552083333333334 0.0287628173828125 0.0627170138888889
0 0.274169921875 0.11881510416666667 0.03912353515625 0.03976779513888889
0 0.90576171875 0.9010416666666666 0.033843994140625 0.040934244791666664
0 0.1475830078125 0.4913194444444444 0.03753662109375 0.04969618055555555
0 0.65234375 0.061089409722222224 0.017852783203125 0.06526692708333333
0 0.43408203125 0.8793402777777778 0.0177764892578125 0.06722005208333333
0 0.4267578125 0.1857638888888889 0.035552978515625 0.038655598958333336
0 0.29931640625 0.7113715277777778 0.039337158203125 0.04562717013888889
0 0.748046875 0.3107638888888889 0.0374755859375 0.05495876736111111
0 0.83447265625 0.1896701388888889 0.03326416015625 0.04931640625
0 0.5244140625 0.24739583333333334 0.03521728515625 0.036078559027777776
0 0.71826171875 0.2365451388888889 0.03277587890625 0.04307725694444445
0 0.68408203125 0.2197265625 0.0328369140625 0.03713650173611111
0 0.41455078125 0.11284722222222222 0.0171051025390625 0.06401909722222222
0 0.11163330078125 0.18543836805555555 0.024566650390625 0.0661349826388889
0 0.68212890625 0.16221788194444445 0.034088134765625 0.03917100694444445
0 0.896484375 0.17686631944444445 0.034698486328125 0.03662109375
0 0.0224609375 0.7217881944444444 0.038543701171875 0.050835503472222224
0 0.2440185546875 0.10053168402777778 0.038116455078125 0.04443359375
0 0.3046875 0.8407118055555556 0.0274810791015625 0.0734592013888889
0 0.966796875 0.3038194444444444 0.03173828125 0.053521050347222224
0 0.4541015625 0.4596354166666667 0.0295867919921875 0.034125434027777776
0 0.220703125 0.06027560763888889 0.027740478515625 0.06488715277777778
0 0.2469482421875 0.2999131944444444 0.0211639404296875 0.049235026041666664
0 0.97705078125 0.8168402777777778 0.027435302734375 0.05300564236111111
0 0.033203125 0.4900173611111111 0.043212890625 0.05311414930555555
0 0.92236328125 0.6684027777777778 0.0360107421875 0.03445095486111111
0 0.89990234375 0.14539930555555555 0.0386962890625 0.036783854166666664
0 0.052337646484375 0.8420138888888888 0.03582763671875 0.06190321180555555
0 0.89013671875 0.0949435763888889 0.03173828125 0.051432291666666664
0 0.923828125 0.8450520833333334 0.0305023193359375 0.03355577256944445
0 0.6494140625 0.9157986111111112 0.03167724609375 0.05504014756944445
0 0.5126953125 0.890625 0.024932861328125 0.056098090277777776
0 0.0386962890625 0.4210069444444444 0.0321044921875 0.06353081597222222
0 0.634765625 0.039306640625 0.03271484375 0.042426215277777776
0 0.9697265625 0.9227430555555556 0.0262603759765625 0.05859375
0 0.048492431640625 0.6414930555555556 0.0242767333984375 0.06852213541666667
0 0.87158203125 0.06439887152777778 0.018585205078125 0.0681423611111111
0 0.009635416666666667 0.6212962962962963 0.019270833333333334 0.05925925925925926
0 0.51904296875 0.023776584201388888 0.0264129638671875 0.045979817708333336
0 0.94287109375 0.9262152777777778 0.03131103515625 0.061686197916666664
0 0.230224609375 0.8780381944444444 0.034820556640625 0.054633246527777776
0 0.10821533203125 0.08751085069444445 0.0234222412109375 0.06993272569444445
0 0.72509765625 0.03917100694444445 0.018646240234375 0.06201171875
0 0.155029296875 0.6940104166666666 0.0239105224609375 0.06412760416666667
0 0.43603515625 0.0671115451388889 0.018646240234375 0.05881076388888889
0 0.92919921875 0.08978949652777778 0.03436279296875 0.048665364583333336
0 0.79931640625 0.8967013888888888 0.0343017578125 0.034912109375
0 0.2349853515625 0.8237847222222222 0.03265380859375 0.046956380208333336
0 0.172119140625 0.5234375 0.036834716796875 0.056206597222222224
0 0.98779296875 0.4325086805555556 0.021697998046875 0.042914496527777776
0 0.82568359375 0.07552083333333333 0.038543701171875 0.03797743055555555
0 0.01085662841796875 0.453125 0.020599365234375 0.047309027777777776
0 0.78564453125 0.032904730902777776 0.0209197998046875 0.06559244791666667
0 0.08154296875 0.1072048611111111 0.021820068359375 0.0715603298611111
0 0.47119140625 0.9331597222222222 0.0210418701171875 0.06624348958333333
0 0.58935546875 0.3663194444444444 0.0185394287109375 0.04283311631944445
0 0.0099334716796875 0.7747395833333334 0.0192718505859375 0.06722005208333333
0 0.232177734375 0.018934461805555556 0.0390625 0.03648546006944445
0 0.65380859375 0.8849826388888888 0.034942626953125 0.053304036458333336
0 0.5810546875 0.71484375 0.0247039794921875 0.047037760416666664
0 0.24560546875 0.4609375 0.0225067138671875 0.03184678819444445
0 0.623046875 0.9730902777777778 0.030731201171875 0.04893663194444445
0 0.6337890625 0.609375 0.024139404296875 0.036295572916666664
0 0.31689453125 0.9184027777777778 0.03326416015625 0.05007595486111111
0 0.396484375 0.8797743055555556 0.027374267578125 0.03843858506944445
0 0.6337890625 0.9383680555555556 0.029083251953125 0.044514973958333336
0 0.66455078125 0.3361545138888889 0.0171051025390625 0.027425130208333332
0 0.014583333333333334 0.055092592592592596 0.029166666666666667 0.03611111111111111
0 0.040985107421875 0.2068142361111111 0.0191650390625 0.035319010416666664
0 0.033905029296875 0.8923611111111112 0.0301513671875 0.06016710069444445
0 0.98681640625 0.9661458333333334 0.0247039794921875 0.04527452256944445
0 0.9864583333333333 0.9287037037037037 0.027083333333333334 0.05555555555555555
0 0.56689453125 0.453125 0.01554107666015625 0.039849175347222224
0 0.84033203125 0.9583333333333334 0.0310211181640625 0.051215277777777776
0 0.94873046875 0.9782986111111112 0.0232391357421875 0.032660590277777776
0 0.775390625 0.9348958333333334 0.0250396728515625 0.04812282986111111
0 0.658203125 0.9704861111111112 0.0305633544921875 0.049506293402777776
0 0.447265625 0.9453125 0.03240966796875 0.05007595486111111
0 0.035400390625 0.3465711805555556 0.01812744140625 0.028266059027777776
0 0.650390625 0.64453125 0.01473236083984375 0.023057725694444444
0 0.7919921875 0.9730902777777778 0.037261962890625 0.0498046875
0 0.224365234375 0.9375 0.036895751953125 0.05026584201388889
0 0.888671875 0.9505208333333334 0.0391845703125 0.048665364583333336
0 0.08404541015625 0.9505208333333334 0.038604736328125 0.052408854166666664
0 0.077392578125 0.007290310329861111 0.036224365234375 0.013888888888888888
0 0.158935546875 0.9696180555555556 0.03875732421875 0.051513671875
0 0.52294921875 0.9644097222222222 0.05023193359375 0.05381944444444445
0 0.201171875 0.9748263888888888 0.034820556640625 0.037543402777777776
0 0.30078125 0.9730902777777778 0.040008544921875 0.04342990451388889