0 0.681250 0.487037 0.029167 0.051852
0 0.667708 0.391667 0.030208 0.050000
0 0.521354 0.609259 0.035417 0.042593
0 0.358333 0.465741 0.026042 0.064815
0 0.216146 0.567593 0.031250 0.057407
0 0.499479 0.411111 0.022917 0.066667
0 0.630208 0.327315 0.026042 0.060185
0 0.703906 0.598148 0.021354 0.064815
0 0.479687 0.311111 0.033333 0.055556
0 0.428385 0.172685 0.023438 0.063889
0 0.516927 0.302778 0.029687 0.057407
0 0.401823 0.259722 0.025521 0.065741
0 0.526042 0.398611 0.022917 0.063889
0 0.501563 0.539815 0.026042 0.062963
0 0.321354 0.302778 0.035417 0.048148
0 0.626823 0.456019 0.021354 0.065741
0 0.888802 0.728241 0.024479 0.062037
0 0.140625 0.444444 0.031250 0.064815
0 0.257292 0.435648 0.035417 0.054630
0 0.573438 0.216667 0.020833 0.062963
0 0.200260 0.432870 0.031771 0.054630
0 0.421354 0.394907 0.025000 0.062037
0 0.902344 0.634722 0.020313 0.067593
0 0.681250 0.348148 0.028125 0.046296
0 0.441146 0.424074 0.029167 0.053704
0 0.371094 0.515741 0.023438 0.062963
0 0.947917 0.684722 0.027083 0.058333
0 0.751302 0.682407 0.029687 0.051852
0 0.738542 0.344907 0.028125 0.058333
0 0.551042 0.270370 0.020833 0.059259
0 0.206250 0.311574 0.021875 0.062037
0 0.180729 0.313426 0.034375 0.052778
0 0.666146 0.121759 0.019792 0.062037
0 0.444010 0.229630 0.020313 0.059259
0 0.505990 0.739352 0.028646 0.047222
0 0.754167 0.635648 0.026042 0.065741
0 0.811198 0.824537 0.030729 0.050926
0 0.535937 0.443981 0.034375 0.036111
0 0.266406 0.487500 0.033854 0.045370
0 0.186458 0.160648 0.034375 0.054630
0 0.864583 0.611574 0.036458 0.049074
0 0.888021 0.574537 0.031250 0.050926
0 0.534896 0.093981 0.026042 0.054630
0 0.625260 0.252778 0.025521 0.057407
0 0.360677 0.256019 0.035937 0.043519
0 0.746354 0.406481 0.027083 0.057407
0 0.566927 0.357407 0.026562 0.059259
0 0.972917 0.675000 0.029167 0.062963
0 0.344531 0.182870 0.040104 0.039815
0 0.954427 0.497685 0.034896 0.049074
0 0.745313 0.818519 0.035417 0.035185
0 0.341146 0.510185 0.020833 0.072222
0 0.825521 0.349074 0.027083 0.068519
0 0.780729 0.594444 0.036458 0.038889
0 0.807552 0.901389 0.027604 0.052778
0 0.739062 0.122222 0.020833 0.055556
0 0.863021 0.520833 0.032292 0.045370
0 0.247396 0.640278 0.028125 0.067593
0 0.930469 0.800463 0.023438 0.062037
0 0.104948 0.470370 0.030729 0.062963
0 0.851823 0.824074 0.023438 0.059259
0 0.805469 0.379167 0.024479 0.056481
0 0.467708 0.748611 0.036458 0.050926
0 0.327865 0.459722 0.018229 0.062037
0 0.714063 0.790278 0.031250 0.049074
0 0.231510 0.226389 0.038021 0.043519
0 0.945052 0.334259 0.024479 0.061111
0 0.617969 0.176852 0.034896 0.050000
0 0.727865 0.661574 0.032813 0.043519
0 0.807292 0.663889 0.020833 0.064815
0 0.542708 0.779630 0.034375 0.044444
0 0.559896 0.083333 0.032292 0.059259
0 0.762240 0.455093 0.033854 0.043519
0 0.170313 0.193056 0.020833 0.069444
0 0.338021 0.559722 0.038542 0.043519
0 0.297135 0.384722 0.019271 0.065741
0 0.940885 0.460185 0.034896 0.051852
0 0.787760 0.858796 0.033854 0.041667
0 0.726823 0.562037 0.027604 0.066667
0 0.715104 0.235185 0.036458 0.042593
0 0.577344 0.772222 0.034896 0.055556
0 0.627083 0.698148 0.019792 0.068519
0 0.520312 0.256019 0.035417 0.047222
0 0.216406 0.630556 0.026562 0.062963
0 0.838542 0.740278 0.031250 0.037963
0 0.471094 0.836111 0.035937 0.050000
0 0.617448 0.581944 0.023438 0.067593
0 0.840625 0.875000 0.029167 0.048148
0 0.250781 0.164352 0.024479 0.065741
0 0.819792 0.187963 0.023958 0.062963
0 0.589063 0.618981 0.032292 0.043519
0 0.901563 0.144907 0.028125 0.054630
0 0.743490 0.738889 0.032813 0.046296
0 0.227344 0.356019 0.022396 0.052778
0 0.595052 0.134259 0.034896 0.037037
0 0.655469 0.598148 0.029687 0.038889
0 0.800000 0.251852 0.021875 0.064815
0 0.755990 0.077778 0.019271 0.062963
0 0.714063 0.302315 0.031250 0.063889
0 0.542708 0.713889 0.037500 0.037037
0 0.284375 0.816667 0.025000 0.072222
0 0.698958 0.643056 0.034375 0.032407
0 0.702344 0.073148 0.034896 0.048148
0 0.485417 0.500926 0.022917 0.062963
0 0.923438 0.433333 0.022917 0.062963
0 0.889844 0.441667 0.021354 0.066667
0 0.853906 0.142593 0.023438 0.059259
0 0.744792 0.867593 0.038542 0.040741
0 0.154948 0.558796 0.024479 0.054630
0 0.838802 0.637963 0.038021 0.042593
0 0.763021 0.510648 0.023958 0.067593
0 0.167187 0.448148 0.019792 0.070370
0 0.846354 0.687037 0.035417 0.044444
0 0.908073 0.312963 0.019271 0.061111
0 0.624219 0.075926 0.029687 0.048148
0 0.444271 0.077778 0.030208 0.062963
0 0.365104 0.124537 0.027083 0.058333
0 0.343229 0.708796 0.023958 0.067593
0 0.964583 0.335648 0.020833 0.063889
0 0.917188 0.218519 0.030208 0.057407
0 0.784375 0.195370 0.034375 0.044444
0 0.779167 0.399537 0.036458 0.056481
0 0.277344 0.338426 0.044271 0.036111
0 0.802604 0.067130 0.026042 0.058333
0 0.599219 0.653704 0.017188 0.062963
0 0.312760 0.082407 0.031771 0.050000
0 0.470052 0.062500 0.028646 0.056481
0 0.527604 0.143981 0.035417 0.039815
0 0.379688 0.790278 0.027083 0.069444
0 0.896615 0.093981 0.028646 0.056481
0 0.896094 0.343519 0.027604 0.061111
0 0.803385 0.133333 0.028646 0.050000
0 0.222917 0.437500 0.029167 0.060185
0 0.471615 0.217130 0.031771 0.045370
0 0.600260 0.072685 0.018229 0.063889
0 0.686719 0.733796 0.039062 0.043519
0 0.181510 0.093519 0.033854 0.057407
0 0.878646 0.366667 0.023958 0.055556
0 0.030990 0.689352 0.036979 0.060185
0 0.784896 0.751852 0.029167 0.061111
0 0.268229 0.673611 0.036458 0.041667
0 0.826562 0.069907 0.029167 0.062037
0 0.051042 0.439815 0.037500 0.050000
0 0.044010 0.363889 0.041146 0.040741
0 0.312240 0.116204 0.027604 0.052778
0 0.382031 0.649074 0.044271 0.044444
0 0.933333 0.370833 0.022917 0.060185
0 0.577344 0.716204 0.030729 0.047222
0 0.774740 0.925926 0.021354 0.061111
0 0.336719 0.602315 0.018229 0.060185
0 0.601823 0.819907 0.027604 0.062037
0 0.307812 0.834259 0.027083 0.068519
0 0.232292 0.683796 0.037500 0.050926
0 0.193750 0.788889 0.035417 0.038889
0 0.897135 0.528704 0.036979 0.038889
0 0.786979 0.036111 0.018750 0.062963
0 0.377604 0.175000 0.037500 0.031481
0 0.385156 0.139815 0.034896 0.038889
0 0.333854 0.133796 0.039583 0.045370
0 0.966667 0.781944 0.023958 0.060185
0 0.891406 0.220833 0.024479 0.060185
0 0.942448 0.100926 0.019271 0.062963
0 0.864583 0.060648 0.029167 0.056481
0 0.654427 0.026389 0.021354 0.050926
0 0.381510 0.055093 0.019271 0.069444
0 0.933854 0.062500 0.018750 0.062037
0 0.653646 0.828704 0.017708 0.068519
0 0.229427 0.471296 0.032813 0.037037
0 0.115885 0.376389 0.022396 0.050926
0 0.766406 0.286574 0.027604 0.045370
0 0.574479 0.815278 0.032292 0.037963
0 0.865365 0.096296 0.031771 0.042593
0 0.338802 0.393981 0.030729 0.034259
0 0.472917 0.488426 0.018750 0.050926
0 0.971354 0.845370 0.035417 0.040741
0 0.153125 0.691667 0.029167 0.061111
0 0.029427 0.281481 0.032813 0.057407
0 0.686198 0.891667 0.031771 0.035185
0 0.107552 0.639815 0.030729 0.040741
0 0.479687 0.892130 0.030208 0.052778
0 0.326823 0.026389 0.036979 0.036111
0 0.011719 0.692130 0.022396 0.063889
0 0.107813 0.425926 0.031250 0.038889
0 0.540365 0.854167 0.036979 0.037963
0 0.892969 0.495370 0.041146 0.044444
0 0.312760 0.895370 0.042188 0.057407
0 0.310937 0.925926 0.037500 0.051852
0 0.517708 0.899074 0.030208 0.055556
0 0.053385 0.191667 0.025521 0.064815
0 0.026823 0.396759 0.027604 0.049074
0 0.359115 0.924074 0.025521 0.062963
0 0.452865 0.890278 0.030729 0.047222
0 0.995313 0.558333 0.008333 0.050000
0 0.383854 0.932407 0.021875 0.066667
0 0.054948 0.087963 0.031771 0.050000
0 0.237760 0.895370 0.039062 0.042593
0 0.206771 0.929630 0.036458 0.048148
0 0.920573 0.758333 0.021354 0.033333
0 0.120573 0.882407 0.026562 0.062963
0 0.765365 0.014815 0.016146 0.027778
0 0.805990 0.959722 0.036979 0.036111
0 0.488021 0.951852 0.020833 0.068519
0 0.586979 0.860185 0.036458 0.046296
0 0.020052 0.918519 0.036979 0.062963
0 0.011979 0.290741 0.022917 0.057407
0 0.233594 0.828704 0.038021 0.048148
0 0.014323 0.776852 0.027604 0.072222
0 0.516406 0.947222 0.031771 0.053704
0 0.917708 0.896296 0.028125 0.038889
0 0.588542 0.364815 0.018750 0.038889
0 0.441146 0.512500 0.021875 0.043519
0 0.548438 0.920833 0.028125 0.047222
0 0.126823 0.931944 0.039062 0.043519
0 0.028646 0.453241 0.022917 0.030556
0 0.382031 0.557407 0.022396 0.035185
0 0.994271 0.440741 0.010417 0.031481
0 0.209635 0.964815 0.041146 0.044444
0 0.844531 0.980093 0.033854 0.039815
0 0.966927 0.893056 0.036979 0.039815
0 0.014323 0.029167 0.027604 0.054630
0 0.278125 0.425926 0.020833 0.038889
0 0.677083 0.457870 0.025000 0.037963
0 0.021354 0.965741 0.037500 0.050000
0 0.034896 0.243056 0.027083 0.030556
0 0.986979 0.975000 0.026042 0.033333
0 0.212500 0.009259 0.029167 0.016667
0 0.592708 0.910185 0.036458 0.042593
0 0.169010 0.964815 0.039062 0.046296
0 0.871354 0.977778 0.020833 0.033333
0 0.046354 0.959722 0.033333 0.050926
0 0.931771 0.977778 0.037500 0.037037
0 0.933854 0.896296 0.037500 0.031481
0 0.471875 0.011574 0.017708 0.021296
0 0.281510 0.968981 0.042188 0.056481
0 0.135677 0.962963 0.038021 0.050000
0 0.532031 0.037037 0.014063 0.025926
0 0.538281 0.977778 0.026562 0.042593
0 0.325521 0.978704 0.033333 0.038889
0 0.432292 0.969444 0.040625 0.050000
0 0.574479 0.978241 0.034375 0.041667
0 0.997396 0.309722 0.004167 0.025000
0 0.415104 0.100926 0.013542 0.024074
0 0.647135 0.242130 0.019271 0.060185
0 0.469010 0.173148 0.042188 0.051852
0 0.499740 0.175463 0.019271 0.071296
0 0.517708 0.204167 0.025000 0.069444
0 0.552344 0.202778 0.019271 0.068519
0 0.686458 0.301852 0.020833 0.037037
0 0.241667 0.968056 0.031250 0.023148
0 0.247656 0.764815 0.018229 0.027778
0 0.615885 0.973148 0.017188 0.025926
0 0.637500 0.976852 0.014583 0.031481
0 0.708073 0.936111 0.030729 0.050000
0 0.771094 0.247685 0.027604 0.037963
0 0.738021 0.770833 0.036458 0.034259
0 0.803125 0.727315 0.033333 0.049074
0 0.993229 0.679630 0.012500 0.057407
0 0.641146 0.123611 0.020833 0.050926
0 0.676042 0.010648 0.018750 0.019444
0 0.653385 0.316667 0.019271 0.062963
0 0.136719 0.984722 0.025521 0.028704
0 0.710938 0.740278 0.026042 0.050926
0 0.508073 0.692130 0.029687 0.049074
0 0.488281 0.006944 0.018229 0.012037
