0 0.647656 0.424537 0.023438 0.071296
0 0.757552 0.543056 0.027604 0.056481
0 0.622656 0.624074 0.029687 0.057407
0 0.665885 0.601852 0.028646 0.055556
0 0.528125 0.487037 0.029167 0.051852
0 0.465885 0.412037 0.033854 0.051852
0 0.327083 0.454167 0.023958 0.062037
0 0.878646 0.366204 0.029167 0.054630
0 0.247656 0.640278 0.026562 0.065741
0 0.517708 0.642130 0.029167 0.052778
0 0.301823 0.409259 0.031771 0.050000
0 0.374740 0.358796 0.027604 0.062037
0 0.704427 0.310185 0.022396 0.064815
0 0.252344 0.541204 0.027604 0.054630
0 0.704167 0.599074 0.022917 0.062963
0 0.738021 0.122685 0.019792 0.058333
0 0.490104 0.302778 0.030208 0.059259
0 0.725521 0.187500 0.026042 0.060185
0 0.415365 0.405093 0.032813 0.050926
0 0.400000 0.528241 0.027083 0.063889
0 0.567187 0.172222 0.022917 0.059259
0 0.603646 0.084722 0.017708 0.065741
0 0.696615 0.245833 0.023438 0.058333
0 0.604688 0.209259 0.019792 0.061111
0 0.411198 0.575000 0.032813 0.050000
0 0.511979 0.463889 0.029167 0.051852
0 0.530990 0.156019 0.023438 0.058333
0 0.643229 0.246296 0.020833 0.059259
0 0.782292 0.366667 0.034375 0.040741
0 0.629687 0.161574 0.019792 0.063889
0 0.670052 0.342130 0.019271 0.069444
0 0.511458 0.379167 0.023958 0.063889
0 0.543750 0.344907 0.022917 0.065741
0 0.298958 0.364352 0.032292 0.052778
0 0.773177 0.141667 0.021354 0.064815
0 0.626823 0.326852 0.021354 0.062963
0 0.650000 0.368519 0.033333 0.053704
0 0.484115 0.231944 0.025521 0.063889
0 0.755990 0.083333 0.019271 0.064815
0 0.415625 0.787037 0.031250 0.061111
0 0.514844 0.704630 0.022396 0.064815
0 0.308594 0.705093 0.026562 0.067593
0 0.660937 0.136574 0.019792 0.062037
0 0.677344 0.707870 0.021354 0.063889
0 0.552344 0.412963 0.022396 0.062963
0 0.160417 0.446759 0.022917 0.063889
0 0.753125 0.700463 0.022917 0.069444
0 0.113281 0.396759 0.036979 0.058333
0 0.768750 0.500000 0.021875 0.062963
0 0.963542 0.419907 0.022917 0.056481
0 0.917969 0.636111 0.033854 0.046296
0 0.352604 0.813889 0.033333 0.048148
0 0.249479 0.153241 0.021875 0.075000
0 0.341667 0.503704 0.022917 0.070370
0 0.316667 0.553241 0.021875 0.065741
0 0.679948 0.544907 0.031771 0.049074
0 0.807813 0.581944 0.028125 0.056481
0 0.293490 0.853241 0.033854 0.050926
0 0.271094 0.602315 0.019271 0.063889
0 0.800521 0.156944 0.025000 0.062037
0 0.205729 0.344444 0.020833 0.064815
0 0.183073 0.431019 0.022396 0.062037
0 0.910417 0.310185 0.020833 0.061111
0 0.859635 0.525926 0.023438 0.057407
0 0.347656 0.568519 0.033854 0.042593
0 0.536979 0.095370 0.028125 0.053704
0 0.760417 0.615278 0.027083 0.047222
0 0.829167 0.447685 0.034375 0.052778
0 0.553906 0.475463 0.020313 0.063889
0 0.242448 0.459259 0.031771 0.051852
0 0.916667 0.498148 0.020833 0.062963
0 0.585677 0.770833 0.029687 0.056481
0 0.437500 0.831019 0.035417 0.056481
0 0.756510 0.329630 0.020313 0.064815
0 0.505729 0.587037 0.035417 0.046296
0 0.738021 0.556944 0.030208 0.063889
0 0.867448 0.188426 0.022396 0.062037
0 0.958333 0.573611 0.029167 0.054630
0 0.951042 0.492593 0.036458 0.051852
0 0.334896 0.237963 0.033333 0.053704
0 0.685156 0.173611 0.030729 0.049074
0 0.615365 0.125000 0.023438 0.061111
0 0.263281 0.355556 0.029687 0.050000
0 0.889583 0.204630 0.026042 0.059259
0 0.589063 0.645833 0.022917 0.063889
0 0.330469 0.159722 0.025521 0.062037
0 0.524219 0.286574 0.031771 0.043519
0 0.780990 0.553704 0.018229 0.061111
0 0.757031 0.208333 0.036979 0.046296
0 0.898177 0.493981 0.030729 0.056481
0 0.945052 0.348148 0.019271 0.057407
0 0.236979 0.389815 0.031250 0.044444
0 0.923958 0.160648 0.026042 0.058333
0 0.590104 0.267593 0.034375 0.038889
0 0.835677 0.174074 0.023438 0.059259
0 0.235156 0.227315 0.040104 0.049074
0 0.415885 0.618981 0.031771 0.036111
0 0.330208 0.282407 0.031250 0.042593
0 0.142708 0.487963 0.027083 0.068519
0 0.966927 0.649537 0.034896 0.037963
0 0.852604 0.143519 0.020833 0.061111
0 0.184375 0.379630 0.037500 0.042593
0 0.487760 0.625926 0.035937 0.040741
0 0.371615 0.510648 0.018229 0.069444
0 0.486979 0.767130 0.023958 0.060185
0 0.721354 0.257870 0.034375 0.039815
0 0.965104 0.338889 0.020833 0.062963
0 0.261458 0.854630 0.023958 0.061111
0 0.880990 0.768056 0.033854 0.047222
0 0.314844 0.097685 0.028646 0.058333
0 0.550000 0.267593 0.034375 0.040741
0 0.790885 0.233796 0.033854 0.052778
0 0.822396 0.239352 0.032292 0.063889
0 0.098698 0.449074 0.027604 0.074074
0 0.154427 0.695370 0.034896 0.057407
0 0.826823 0.064352 0.028646 0.062037
0 0.201042 0.531019 0.039583 0.039815
0 0.463802 0.058796 0.018229 0.062037
0 0.707812 0.745833 0.031250 0.034259
0 0.855208 0.099074 0.035417 0.042593
0 0.484375 0.494907 0.017708 0.067593
0 0.499219 0.748148 0.023438 0.064815
0 0.744010 0.743519 0.020313 0.061111
0 0.383854 0.749537 0.022917 0.054630
0 0.121875 0.487500 0.023958 0.069444
0 0.641406 0.121759 0.018229 0.058333
0 0.524479 0.399537 0.019792 0.058333
0 0.496354 0.134259 0.034375 0.042593
0 0.729167 0.326852 0.030208 0.055556
0 0.124219 0.616204 0.033854 0.054630
0 0.203385 0.731019 0.044271 0.034259
0 0.233073 0.349074 0.032813 0.033333
0 0.401823 0.256944 0.019271 0.071296
0 0.899740 0.161574 0.023438 0.058333
0 0.926042 0.802778 0.018750 0.059259
0 0.650260 0.831019 0.021354 0.065741
0 0.818229 0.195370 0.018750 0.059259
0 0.852344 0.824074 0.023438 0.057407
0 0.444792 0.766667 0.022917 0.064815
0 0.527604 0.790278 0.032292 0.054630
0 0.340885 0.912037 0.033854 0.055556
0 0.973958 0.715278 0.029167 0.063889
0 0.657813 0.773611 0.042708 0.037963
0 0.855208 0.061111 0.030208 0.051852
0 0.456250 0.206481 0.030208 0.040741
0 0.939323 0.109722 0.020313 0.069444
0 0.027604 0.727315 0.037500 0.037963
0 0.041667 0.575463 0.040625 0.039815
0 0.577344 0.714815 0.028646 0.048148
0 0.583594 0.820833 0.021354 0.063889
0 0.291406 0.150926 0.034896 0.048148
0 0.252865 0.402778 0.038021 0.046296
0 0.167969 0.751852 0.039062 0.040741
0 0.116406 0.829167 0.035937 0.063889
0 0.775521 0.688889 0.037500 0.040741
0 0.978385 0.293056 0.033854 0.037963
0 0.223438 0.093056 0.039583 0.032407
0 0.352865 0.151852 0.020313 0.064815
0 0.199740 0.694907 0.040104 0.043519
0 0.376302 0.146296 0.036979 0.035185
0 0.103385 0.159722 0.042188 0.045370
0 0.065365 0.326852 0.025521 0.066667
0 0.552344 0.795370 0.029687 0.048148
0 0.125781 0.678241 0.029687 0.065741
0 0.794010 0.882870 0.020313 0.062037
0 0.842969 0.763426 0.020313 0.054630
0 0.045052 0.328241 0.022396 0.063889
0 0.035156 0.875000 0.035937 0.037037
0 0.788021 0.843056 0.033333 0.054630
0 0.778385 0.819444 0.032813 0.057407
0 0.965625 0.782407 0.025000 0.059259
0 0.085417 0.215278 0.040625 0.039815
0 0.915625 0.118981 0.031250 0.036111
0 0.152083 0.360185 0.023958 0.044444
0 0.022396 0.463889 0.036458 0.033333
0 0.780208 0.753241 0.020833 0.062037
0 0.225260 0.045833 0.039062 0.037963
0 0.590104 0.870370 0.027083 0.053704
0 0.490885 0.882870 0.036979 0.041667
0 0.897135 0.418519 0.039062 0.046296
0 0.064062 0.891204 0.038542 0.043519
0 0.145833 0.560648 0.020833 0.049074
0 0.037760 0.152778 0.026562 0.055556
0 0.989323 0.604167 0.020313 0.062037
0 0.768490 0.890278 0.018229 0.065741
0 0.339062 0.393981 0.030208 0.032407
0 0.234896 0.825463 0.032292 0.050926
0 0.913021 0.202315 0.032292 0.062037
0 0.454948 0.469907 0.020313 0.049074
0 0.628125 0.027315 0.034375 0.043519
0 0.620833 0.693981 0.023958 0.047222
0 0.023438 0.262963 0.027083 0.062963
0 0.869010 0.725000 0.039062 0.051852
0 0.508594 0.023611 0.033854 0.045370
0 0.945052 0.879630 0.027604 0.051852
0 0.195052 0.022685 0.039062 0.043519
0 0.926042 0.752315 0.026042 0.045370
0 0.647656 0.904167 0.028646 0.058333
0 0.205208 0.900000 0.039583 0.046296
0 0.106771 0.047222 0.040625 0.038889
0 0.434375 0.017130 0.026042 0.032407
0 0.451562 0.891204 0.031250 0.045370
0 0.536979 0.036111 0.027083 0.033333
0 0.852083 0.895370 0.036458 0.051852
0 0.382292 0.053241 0.017708 0.069444
0 0.564323 0.861574 0.030729 0.047222
0 0.395833 0.934722 0.036458 0.049074
0 0.186198 0.322222 0.020313 0.037037
0 0.489063 0.932407 0.033333 0.053704
0 0.041146 0.210185 0.023958 0.042593
0 0.092188 0.925000 0.036458 0.055556
0 0.589583 0.364815 0.018750 0.042593
0 0.531510 0.919444 0.027604 0.053704
0 0.688281 0.305093 0.017188 0.032407
0 0.435677 0.161111 0.016146 0.035185
0 0.836458 0.704630 0.020833 0.033333
0 0.441406 0.950926 0.026562 0.055556
0 0.584635 0.963889 0.036979 0.044444
0 0.041406 0.015278 0.021354 0.028704
0 0.767448 0.013889 0.017188 0.025926
0 0.402604 0.975000 0.030208 0.035185
0 0.923177 0.938426 0.036979 0.049074
0 0.994010 0.434259 0.010937 0.031481
0 0.438021 0.516667 0.014583 0.031481
0 0.148698 0.986111 0.034896 0.027778
0 0.918750 0.976389 0.035417 0.036111
0 0.776563 0.942130 0.037500 0.045370
0 0.051562 0.914815 0.031250 0.037037
0 0.318229 0.964815 0.042708 0.053704
0 0.552344 0.222222 0.014063 0.033333
0 0.890885 0.939352 0.024479 0.065741
0 0.004948 0.087963 0.008854 0.029630
0 0.414844 0.100926 0.013021 0.024074
0 0.266146 0.962500 0.030208 0.054630
0 0.986458 0.915741 0.027083 0.040741
0 0.020573 0.964815 0.035937 0.046296
0 0.678906 0.968981 0.031771 0.049074
0 0.657813 0.945833 0.033333 0.036111
0 0.248958 0.766204 0.021875 0.034259
0 0.706250 0.962500 0.038542 0.058333
0 0.916146 0.894444 0.028125 0.038889
0 0.182812 0.975926 0.026042 0.038889
0 0.505208 0.985648 0.022917 0.028704
0 0.538281 0.974074 0.036979 0.051852
0 0.798177 0.971296 0.030729 0.053704
0 0.621354 0.972685 0.036458 0.028704
0 0.212240 0.493981 0.028646 0.043519
0 0.349740 0.100000 0.011979 0.024074
0 0.585938 0.232870 0.033333 0.026852
0 0.734375 0.285648 0.041667 0.039815
0 0.764323 0.287037 0.025521 0.044444
0 0.772135 0.247222 0.022396 0.038889
0 0.676823 0.417593 0.025521 0.074074
0 0.985156 0.968519 0.027604 0.025926
0 0.988542 0.882870 0.020833 0.032407
0 0.884375 0.975000 0.019792 0.027778
0 0.008333 0.868981 0.015625 0.049074
