0 0.184375 0.636111 0.032292 0.055556
0 0.373698 0.381481 0.034896 0.051852
0 0.518750 0.491204 0.032292 0.047222
0 0.423177 0.385185 0.031771 0.050000
0 0.586198 0.429630 0.025521 0.061111
0 0.324740 0.216667 0.026562 0.066667
0 0.665885 0.564815 0.028646 0.051852
0 0.400781 0.535185 0.026562 0.061111
0 0.592969 0.140278 0.021354 0.065741
0 0.677083 0.448148 0.023958 0.061111
0 0.676562 0.312963 0.023958 0.061111
0 0.552865 0.160648 0.021354 0.065741
0 0.470573 0.107870 0.022396 0.069444
0 0.522656 0.439352 0.027604 0.056481
0 0.455990 0.468981 0.032813 0.056481
0 0.271354 0.602315 0.025000 0.062037
0 0.358594 0.308333 0.038021 0.046296
0 0.396875 0.319444 0.021875 0.068519
0 0.130729 0.556019 0.027083 0.062037
0 0.549740 0.256481 0.033854 0.042593
0 0.378385 0.234722 0.026562 0.067593
0 0.661198 0.254630 0.026562 0.051852
0 0.481250 0.493056 0.034375 0.049074
0 0.508073 0.258796 0.030729 0.047222
0 0.448698 0.251852 0.023438 0.064815
0 0.930990 0.201389 0.025521 0.062037
0 0.146615 0.646296 0.033854 0.051852
0 0.642448 0.237963 0.020313 0.061111
0 0.807292 0.506481 0.030208 0.059259
0 0.319010 0.450463 0.032813 0.039815
0 0.704688 0.252315 0.022917 0.060185
0 0.383854 0.839352 0.035417 0.047222
0 0.495573 0.440278 0.023438 0.056481
0 0.545052 0.409722 0.021354 0.069444
0 0.734635 0.370833 0.021354 0.067593
0 0.480990 0.217130 0.018229 0.067593
0 0.166146 0.393056 0.032292 0.052778
0 0.515365 0.065741 0.018229 0.070370
0 0.394271 0.099074 0.019792 0.072222
0 0.113281 0.622222 0.033854 0.059259
0 0.749740 0.249537 0.030729 0.060185
0 0.370833 0.653704 0.028125 0.061111
0 0.736458 0.310648 0.030208 0.050926
0 0.310417 0.757407 0.022917 0.061111
0 0.799219 0.650926 0.023438 0.057407
0 0.608333 0.265741 0.017708 0.062963
0 0.321354 0.509259 0.019792 0.062963
0 0.128125 0.693056 0.031250 0.052778
0 0.781510 0.112963 0.027604 0.064815
0 0.234115 0.546759 0.036979 0.050926
0 0.718490 0.689815 0.025521 0.064815
0 0.275521 0.485185 0.028125 0.062963
0 0.707292 0.600000 0.023958 0.062963
0 0.719792 0.482870 0.021875 0.063889
0 0.278125 0.833796 0.029167 0.052778
0 0.292187 0.731481 0.035417 0.051852
0 0.766146 0.452778 0.030208 0.059259
0 0.171354 0.499074 0.036458 0.048148
0 0.411719 0.190278 0.033854 0.047222
0 0.438542 0.106944 0.018750 0.069444
0 0.747917 0.478704 0.028125 0.059259
0 0.775781 0.346759 0.026562 0.060185
0 0.247917 0.645833 0.022917 0.065741
0 0.875521 0.484722 0.036458 0.036111
0 0.213281 0.616667 0.023438 0.061111
0 0.956771 0.498148 0.036458 0.048148
0 0.195312 0.509259 0.038542 0.055556
0 0.536719 0.093519 0.026562 0.068519
0 0.925521 0.343519 0.034375 0.042593
0 0.879687 0.109259 0.031250 0.061111
0 0.512240 0.820370 0.035937 0.044444
0 0.600781 0.668056 0.024479 0.069444
0 0.350260 0.459722 0.022396 0.063889
0 0.936198 0.389815 0.029687 0.053704
0 0.930469 0.512037 0.023438 0.062963
0 0.160417 0.820833 0.038542 0.049074
0 0.146354 0.283796 0.032292 0.043519
0 0.072135 0.564815 0.035937 0.061111
0 0.658854 0.111574 0.028125 0.060185
0 0.433073 0.227778 0.019271 0.059259
0 0.538802 0.706481 0.036979 0.046296
0 0.209635 0.873148 0.040104 0.044444
0 0.760938 0.146296 0.022917 0.057407
0 0.905990 0.257870 0.026562 0.060185
0 0.689844 0.528704 0.031771 0.059259
0 0.835156 0.444444 0.030729 0.059259
0 0.772396 0.513426 0.025000 0.065741
0 0.877344 0.186111 0.020313 0.059259
0 0.500260 0.545833 0.020313 0.060185
0 0.770833 0.579167 0.018750 0.063889
0 0.346094 0.050000 0.021354 0.070370
0 0.351302 0.235185 0.023438 0.055556
0 0.234115 0.401389 0.038021 0.039815
0 0.870833 0.703241 0.029167 0.058333
0 0.155990 0.693981 0.023438 0.065741
0 0.840104 0.669907 0.035417 0.041667
0 0.337760 0.413426 0.038021 0.034259
0 0.384635 0.734259 0.036979 0.040741
0 0.879948 0.366667 0.020313 0.062963
0 0.526302 0.358796 0.027604 0.062037
0 0.860417 0.524537 0.033333 0.030556
0 0.708854 0.138889 0.033333 0.038889
0 0.618490 0.842593 0.032813 0.055556
0 0.733594 0.727315 0.020313 0.060185
0 0.527604 0.639815 0.026042 0.066667
0 0.652604 0.615278 0.030208 0.043519
0 0.128646 0.434259 0.027083 0.057407
0 0.384375 0.159722 0.040625 0.037963
0 0.381250 0.053241 0.018750 0.071296
0 0.903646 0.479630 0.020833 0.064815
0 0.098437 0.465278 0.035417 0.034259
0 0.582812 0.198611 0.028125 0.043519
0 0.435156 0.815278 0.030729 0.063889
0 0.690625 0.614815 0.018750 0.062963
0 0.584375 0.256944 0.017708 0.063889
0 0.285677 0.686574 0.035937 0.037963
0 0.841406 0.321296 0.019271 0.059259
0 0.099219 0.263426 0.023438 0.063889
0 0.380208 0.899074 0.037500 0.038889
0 0.750781 0.624537 0.019271 0.056481
0 0.213281 0.195833 0.023438 0.069444
0 0.768229 0.756481 0.036458 0.046296
0 0.304948 0.081944 0.034896 0.049074
0 0.834375 0.790741 0.034375 0.033333
0 0.846094 0.747685 0.030729 0.032407
0 0.341667 0.512963 0.019792 0.070370
0 0.578385 0.768519 0.031771 0.048148
0 0.782813 0.716204 0.020833 0.065741
0 0.739062 0.122685 0.020833 0.047222
0 0.756250 0.681481 0.020833 0.059259
0 0.921094 0.775926 0.021354 0.059259
0 0.914323 0.387037 0.023438 0.061111
0 0.987500 0.616204 0.023958 0.054630
0 0.922917 0.827778 0.033333 0.053704
0 0.772656 0.853241 0.017188 0.063889
0 0.461979 0.060185 0.017708 0.061111
0 0.101302 0.668056 0.024479 0.063889
0 0.632552 0.332407 0.023438 0.053704
0 0.869792 0.061574 0.025000 0.067593
0 0.564063 0.741667 0.035417 0.044444
0 0.265885 0.105093 0.036979 0.054630
0 0.785677 0.179630 0.024479 0.062963
0 0.927604 0.647222 0.036458 0.046296
0 0.962500 0.752315 0.030208 0.037963
0 0.450521 0.841204 0.026042 0.069444
0 0.830469 0.847222 0.020313 0.066667
0 0.927344 0.601389 0.025521 0.065741
0 0.709635 0.736574 0.036979 0.034259
0 0.206250 0.450926 0.030208 0.062963
0 0.977344 0.308333 0.025521 0.059259
0 0.068750 0.232407 0.036458 0.042593
0 0.257031 0.175463 0.021354 0.069444
0 0.973958 0.793519 0.030208 0.061111
0 0.959375 0.099537 0.029167 0.067593
0 0.985417 0.453241 0.025000 0.052778
0 0.098177 0.371759 0.024479 0.062037
0 0.727865 0.039352 0.022396 0.065741
0 0.879687 0.815741 0.033333 0.062963
0 0.254688 0.325926 0.034375 0.062963
0 0.647135 0.062500 0.030729 0.039815
0 0.846875 0.106481 0.017708 0.048148
0 0.672917 0.514815 0.029167 0.044444
0 0.684896 0.805093 0.019792 0.063889
0 0.786979 0.032407 0.018750 0.062963
0 0.905469 0.719907 0.028646 0.037963
0 0.985938 0.723148 0.023958 0.059259
0 0.946094 0.793056 0.023438 0.058333
0 0.658594 0.825463 0.018229 0.067593
0 0.441146 0.509722 0.019792 0.049074
0 0.848437 0.862500 0.020833 0.063889
0 0.233594 0.822222 0.031771 0.042593
0 0.836458 0.250000 0.039583 0.038889
0 0.201563 0.316667 0.020833 0.066667
0 0.068229 0.630556 0.037500 0.057407
0 0.892188 0.836111 0.026042 0.059259
0 0.729688 0.839352 0.030208 0.060185
0 0.094792 0.072222 0.031250 0.057407
0 0.822656 0.901389 0.033854 0.039815
0 0.457813 0.026389 0.033333 0.043519
0 0.684375 0.881944 0.026042 0.054630
0 0.057813 0.155093 0.042708 0.037963
0 0.583594 0.714815 0.021354 0.050000
0 0.036458 0.874074 0.035417 0.062963
0 0.020573 0.831944 0.034896 0.060185
0 0.736979 0.788889 0.020833 0.055556
0 0.708073 0.765741 0.033854 0.029630
0 0.071354 0.116204 0.039583 0.037963
0 0.984375 0.265741 0.028125 0.042593
0 0.613021 0.021296 0.029167 0.040741
0 0.041406 0.661574 0.048438 0.049074
0 0.802604 0.923148 0.023958 0.064815
0 0.914844 0.900926 0.030729 0.037037
0 0.770312 0.903241 0.038542 0.039815
0 0.915625 0.864352 0.032292 0.047222
0 0.540625 0.189815 0.019792 0.038889
0 0.140625 0.074074 0.035417 0.050000
0 0.708594 0.875926 0.029687 0.042593
0 0.452083 0.891204 0.029167 0.039815
0 0.500521 0.015278 0.032292 0.028704
0 0.725260 0.916204 0.028646 0.047222
0 0.199219 0.543056 0.023438 0.037963
0 0.969010 0.693519 0.023438 0.042593
0 0.951042 0.871759 0.036458 0.049074
0 0.704427 0.935185 0.031771 0.044444
0 0.642448 0.895370 0.033854 0.037037
0 0.253125 0.932407 0.021875 0.066667
0 0.010156 0.653241 0.019271 0.058333
0 0.985677 0.045833 0.026562 0.060185
0 0.394010 0.875463 0.025521 0.032407
0 0.519271 0.933333 0.031250 0.038889
0 0.589063 0.365278 0.017708 0.041667
0 0.577865 0.935648 0.031771 0.047222
0 0.298438 0.932870 0.022917 0.069444
0 0.644792 0.942130 0.030208 0.054630
0 0.382812 0.560185 0.018750 0.029630
0 0.691667 0.969907 0.033333 0.047222
0 0.048177 0.202778 0.017188 0.027778
0 0.549479 0.569444 0.014583 0.031481
0 0.992448 0.221759 0.014063 0.032407
0 0.549479 0.955556 0.028125 0.068519
0 0.485156 0.942130 0.020313 0.043519
0 0.142708 0.945833 0.031250 0.069444
0 0.463802 0.726852 0.013021 0.025926
0 0.211719 0.969907 0.030729 0.021296
0 0.727604 0.970370 0.022917 0.051852
0 0.507552 0.968519 0.031771 0.044444
0 0.752604 0.969907 0.032292 0.052778
0 0.335156 0.976389 0.028646 0.037963
0 0.445573 0.964352 0.030729 0.052778
0 0.415104 0.100926 0.013542 0.024074
0 0.419010 0.959722 0.022396 0.015741
0 0.590885 0.980093 0.031771 0.039815
0 0.843229 0.951389 0.030208 0.071296
0 0.737500 0.518519 0.035417 0.038889
0 0.731771 0.563426 0.022917 0.069444
0 0.709635 0.561111 0.024479 0.062963
0 0.529948 0.975463 0.029687 0.030556
0 0.465885 0.973611 0.025521 0.041667
0 0.986198 0.975926 0.027604 0.018519
0 0.768490 0.290741 0.030729 0.042593
0 0.771354 0.248611 0.016667 0.041667
0 0.813542 0.173611 0.022917 0.073148
0 0.831771 0.150000 0.018750 0.038889
0 0.837500 0.184259 0.023958 0.072222
0 0.850000 0.206481 0.023958 0.074074
0 0.875781 0.244444 0.029687 0.066667
0 0.861198 0.286574 0.025521 0.065741
0 0.928125 0.284722 0.027083 0.075000
0 0.797135 0.332407 0.033854 0.050000
0 0.824479 0.300926 0.025000 0.062963
0 0.815104 0.381944 0.037500 0.039815
0 0.805990 0.436574 0.022396 0.062037
0 0.849219 0.407407 0.019271 0.059259
0 0.857552 0.373148 0.022396 0.062963
0 0.881250 0.435648 0.020833 0.062037
0 0.640625 0.130556 0.017708 0.074074
0 0.320573 0.964815 0.029687 0.048148
0 0.646615 0.978241 0.033854 0.037963
0 0.619271 0.975926 0.032292 0.029630
0 0.944792 0.849074 0.023958 0.048148
0 0.872917 0.971759 0.034375 0.026852
