0 0.309326171875 0.3452690972222222 0.029541015625 0.058051215277777776
0 0.399169921875 0.4377170138888889 0.029815673828125 0.057942708333333336
0 0.296875 0.2890625 0.03033447265625 0.059733072916666664
0 0.193603515625 0.4372829861111111 0.034088134765625 0.053521050347222224
0 0.42529296875 0.4392361111111111 0.024139404296875 0.06016710069444445
0 0.646484375 0.23936631944444445 0.0191192626953125 0.0636935763888889
0 0.65283203125 0.4483506944444444 0.024932861328125 0.055474175347222224
0 0.52294921875 0.3430989583333333 0.0229339599609375 0.06201171875
0 0.348388671875 0.3765190972222222 0.0296478271484375 0.06016710069444445
0 0.2705078125 0.2421875 0.03326416015625 0.05837673611111111
0 0.5498046875 0.3014322916666667 0.0197906494140625 0.06917317708333333
0 0.3701171875 0.3804253472222222 0.02337646484375 0.06293402777777778
0 0.455078125 0.4600694444444444 0.03448486328125 0.04163953993055555
0 0.5263671875 0.4635416666666667 0.0258026123046875 0.06401909722222222
0 0.37646484375 0.5616319444444444 0.0241851806640625 0.0673828125
0 0.529296875 0.6875 0.03277587890625 0.052408854166666664
0 0.56396484375 0.1689453125 0.0218658447265625 0.06537543402777778
0 0.2015380859375 0.2814670138888889 0.0269622802734375 0.06722005208333333
0 0.475341796875 0.059244791666666664 0.018829345703125 0.06966145833333333
0 0.5244140625 0.6067708333333334 0.02423095703125 0.06635199652777778
0 0.8818359375 0.3643663194444444 0.023956298828125 0.06635199652777778
0 0.931640625 0.2803819444444444 0.023193359375 0.06646050347222222
0 0.2462158203125 0.2565104166666667 0.031982421875 0.04831271701388889
0 0.482421875 0.48828125 0.034423828125 0.03993055555555555
0 0.60595703125 0.6197916666666666 0.021331787109375 0.06293402777777778
0 0.31982421875 0.5620659722222222 0.0265045166015625 0.06179470486111111
0 0.360595703125 0.5512152777777778 0.02630615234375 0.06401909722222222
0 0.93408203125 0.4448784722222222 0.0264129638671875 0.059136284722222224
0 0.84814453125 0.3934461805555556 0.0219879150390625 0.06309678819444445
0 0.436279296875 0.6089409722222222 0.0224151611328125 0.06222873263888889
0 0.85888671875 0.13172743055555555 0.021453857421875 0.0627170138888889
0 0.162109375 0.5060763888888888 0.0316162109375 0.06749131944444445
0 0.77685546875 0.4661458333333333 0.0203399658203125 0.06179470486111111
0 0.47998046875 0.3977864583333333 0.033660888671875 0.04831271701388889
0 0.67236328125 0.3157552083333333 0.033721923828125 0.05015733506944445
0 0.1357421875 0.5299479166666666 0.039794921875 0.04562717013888889
0 0.200927734375 0.3684895833333333 0.036285400390625 0.04649522569444445
0 0.476806640625 0.22938368055555555 0.019500732421875 0.061686197916666664
0 0.56396484375 0.3190104166666667 0.0216522216796875 0.06190321180555555
0 0.62109375 0.21278211805555555 0.0174407958984375 0.06429036458333333
0 0.413330078125 0.2788628472222222 0.0240020751953125 0.06944444444444445
0 0.9560546875 0.5251736111111112 0.0246124267578125 0.0666232638888889
0 0.146728515625 0.2094184027777778 0.037261962890625 0.056098090277777776
0 0.3369140625 0.5034722222222222 0.020294189453125 0.06928168402777778
0 0.24853515625 0.6480034722222222 0.02630615234375 0.06684027777777778
0 0.382080078125 0.2309027777777778 0.0192413330078125 0.06684027777777778
0 0.2548828125 0.5151909722222222 0.040374755859375 0.035725911458333336
0 0.383056640625 0.625 0.0305633544921875 0.06749131944444445
0 0.414306640625 0.6896701388888888 0.03228759765625 0.05381944444444445
0 0.87255859375 0.6223958333333334 0.0258026123046875 0.056098090277777776
0 0.58154296875 0.6024305555555556 0.021942138671875 0.06635199652777778
0 0.7099609375 0.13368055555555555 0.0190887451171875 0.0627170138888889
0 0.1739501953125 0.2419704861111111 0.0218658447265625 0.06586371527777778
0 0.2017822265625 0.1515842013888889 0.0386962890625 0.039632161458333336
0 0.603515625 0.09581163194444445 0.027008056640625 0.053412543402777776
0 0.4228515625 0.1857638888888889 0.033966064453125 0.04503038194444445
0 0.6611328125 0.6809895833333334 0.0279083251953125 0.060384114583333336
0 0.71142578125 0.2727864583333333 0.0248870849609375 0.06797960069444445
0 0.345703125 0.1199001736111111 0.02947998046875 0.06499565972222222
0 0.3525390625 0.4917534722222222 0.019683837890625 0.0712890625
0 0.57861328125 0.20616319444444445 0.0214080810546875 0.054117838541666664
0 0.5166015625 0.07438151041666667 0.017578125 0.0661349826388889
0 0.7236328125 0.5625 0.020416259765625 0.061686197916666664
0 0.83203125 0.1762152777777778 0.023101806640625 0.0632052951388889
0 0.8056640625 0.15787760416666666 0.0240020751953125 0.05935329861111111
0 0.90625 0.4635416666666667 0.0180206298828125 0.06825086805555555
0 0.8017578125 0.4249131944444444 0.038116455078125 0.04527452256944445
0 0.341064453125 0.2797309027777778 0.0300445556640625 0.04334852430555555
0 0.32421875 0.80078125 0.030914306640625 0.06488715277777778
0 0.93896484375 0.4112413194444444 0.03436279296875 0.059136284722222224
0 0.360107421875 0.06499565972222222 0.0221099853515625 0.07139756944444445
0 0.71142578125 0.49609375 0.03875732421875 0.04115125868055555
0 0.412353515625 0.6254340277777778 0.0240478515625 0.06624348958333333
0 0.5732421875 0.6640625 0.0203399658203125 0.06412760416666667
0 0.50341796875 0.4136284722222222 0.01763916015625 0.06852213541666667
0 0.37890625 0.05319552951388889 0.0225372314453125 0.06673177083333333
0 0.78466796875 0.154296875 0.0258636474609375 0.05984157986111111
0 0.4150390625 0.10704210069444445 0.0216522216796875 0.06749131944444445
0 0.6025390625 0.8090277777777778 0.0222930908203125 0.0636935763888889
0 0.86962890625 0.4383680555555556 0.037109375 0.04283311631944445
0 0.349609375 0.85546875 0.027374267578125 0.060601128472222224
0 0.591796875 0.3205295138888889 0.036834716796875 0.03379991319444445
0 0.759765625 0.13292100694444445 0.02056884765625 0.06439887152777778
0 0.681640625 0.15787760416666666 0.037200927734375 0.044514973958333336
0 0.88427734375 0.7630208333333334 0.0278472900390625 0.060980902777777776
0 0.6337890625 0.68359375 0.021942138671875 0.06212022569444445
0 0.90625 0.5911458333333334 0.0225067138671875 0.06624348958333333
0 0.82666015625 0.3515625 0.018768310546875 0.07470703125
0 0.96875 0.4752604166666667 0.03607177734375 0.040690104166666664
0 0.2181396484375 0.5828993055555556 0.0390625 0.05162217881944445
0 0.93212890625 0.15907118055555555 0.021209716796875 0.07139756944444445
0 0.75048828125 0.5208333333333334 0.0369873046875 0.03648546006944445
0 0.69970703125 0.3793402777777778 0.036163330078125 0.038872612847222224
0 0.96630859375 0.3033854166666667 0.0316162109375 0.055257161458333336
0 0.9072265625 0.21158854166666666 0.03460693359375 0.048394097222222224
0 0.5966796875 0.2734375 0.040252685546875 0.037407769097222224
0 0.873046875 0.4908854166666667 0.037384033203125 0.046223958333333336
0 0.9208984375 0.6267361111111112 0.035888671875 0.040228949652777776
0 0.90234375 0.3734809027777778 0.02056884765625 0.06624348958333333
0 0.78564453125 0.7061631944444444 0.0227203369140625 0.0625
0 0.7470703125 0.6176215277777778 0.02655029296875 0.049126519097222224
0 0.22216796875 0.3009982638888889 0.0262603759765625 0.06439887152777778
0 0.278564453125 0.19032118055555555 0.0299835205078125 0.06190321180555555
0 0.76953125 0.3678385416666667 0.033966064453125 0.04432508680555555
0 0.349853515625 0.03819444444444445 0.0283355712890625 0.06635199652777778
0 0.491455078125 0.7973090277777778 0.03253173828125 0.054009331597222224
0 0.77490234375 0.6536458333333334 0.0312042236328125 0.05162217881944445
0 0.65234375 0.13953993055555555 0.01751708984375 0.06787109375
0 0.2274169921875 0.4379340277777778 0.0211639404296875 0.060872395833333336
0 0.69873046875 0.5499131944444444 0.035888671875 0.051920572916666664
0 0.79248046875 0.3875868055555556 0.034088134765625 0.03819444444444445
0 0.80419921875 0.21712239583333334 0.035614013671875 0.04014756944444445
0 0.2115478515625 0.20789930555555555 0.0202484130859375 0.05935329861111111
0 0.60888671875 0.4709201388888889 0.033203125 0.03634982638888889
0 0.25537109375 0.17220052083333334 0.018646240234375 0.0673828125
0 0.256591796875 0.4505208333333333 0.037261962890625 0.037407769097222224
0 0.89013671875 0.09440104166666667 0.032958984375 0.051432291666666664
0 0.26318359375 0.7478298611111112 0.0272216796875 0.0671115451388889
0 0.416015625 0.037923177083333336 0.03125 0.054741753472222224
0 0.25732421875 0.412109375 0.040618896484375 0.039008246527777776
0 0.85498046875 0.8736979166666666 0.033721923828125 0.05859375
0 0.837890625 0.7526041666666666 0.0333251953125 0.046956380208333336
0 0.46240234375 0.8337673611111112 0.02001953125 0.06966145833333333
0 0.90185546875 0.2927517361111111 0.0384521484375 0.04250759548611111
0 0.240966796875 0.1027560763888889 0.040374755859375 0.04649522569444445
0 0.137939453125 0.4661458333333333 0.029144287109375 0.0537109375
0 0.67138671875 0.2749565972222222 0.0333251953125 0.03879123263888889
0 0.9228515625 0.7764756944444444 0.0225067138671875 0.057291666666666664
0 0.08740234375 0.443359375 0.038330078125 0.05319552951388889
0 0.8447265625 0.6067708333333334 0.021820068359375 0.06309678819444445
0 0.09466552734375 0.5130208333333334 0.040374755859375 0.041314019097222224
0 0.70068359375 0.5980902777777778 0.035552978515625 0.037055121527777776
0 0.06793212890625 0.3645833333333333 0.0309600830078125 0.05750868055555555
0 0.432861328125 0.23893229166666666 0.0170440673828125 0.056640625
0 0.9169921875 0.7309027777777778 0.034423828125 0.04001193576388889
0 0.66748046875 0.038655598958333336 0.018402099609375 0.05984157986111111
0 0.80615234375 0.08848741319444445 0.0210113525390625 0.060384114583333336
0 0.355712890625 0.8077256944444444 0.02484130859375 0.0661349826388889
0 0.106689453125 0.2769097222222222 0.042877197265625 0.040934244791666664
0 0.904296875 0.6705729166666666 0.026458740234375 0.060980902777777776
0 0.6494140625 0.07275390625 0.01751708984375 0.05514865451388889
0 0.441650390625 0.8580729166666666 0.021820068359375 0.06586371527777778
0 0.427490234375 0.8111979166666666 0.019989013671875 0.06825086805555555
0 0.85791015625 0.7786458333333334 0.0287628173828125 0.055474175347222224
0 0.78076171875 0.6098090277777778 0.032958984375 0.048014322916666664
0 0.1251220703125 0.349609375 0.0248870849609375 0.06879340277777778
0 0.279052734375 0.7912326388888888 0.0217437744140625 0.07231987847222222
0 0.841796875 0.8485243055555556 0.027374267578125 0.06190321180555555
0 0.65234375 0.8619791666666666 0.03253173828125 0.05064561631944445
0 0.92431640625 0.6796875 0.023651123046875 0.056206597222222224
0 0.73828125 0.13292100694444445 0.027587890625 0.059027777777777776
0 0.8720703125 0.06380208333333333 0.0190887451171875 0.06624348958333333
0 0.67822265625 0.5685763888888888 0.0316162109375 0.033040364583333336
0 0.273681640625 0.11393229166666667 0.026763916015625 0.068359375
0 0.05792236328125 0.6540798611111112 0.039337158203125 0.05588107638888889
0 0.0706787109375 0.5811631944444444 0.0224609375 0.06852213541666667
0 0.7255859375 0.03993055555555555 0.018341064453125 0.06391059027777778
0 0.491943359375 0.8823784722222222 0.0345458984375 0.039632161458333336
0 0.95556640625 0.7135416666666666 0.033599853515625 0.049126519097222224
0 0.669921875 0.8111979166666666 0.0253753662109375 0.07313368055555555
0 0.791015625 0.2717013888888889 0.0182342529296875 0.046685112847222224
0 0.7568359375 0.7599826388888888 0.036285400390625 0.06635199652777778
0 0.650390625 0.80859375 0.0219879150390625 0.06944444444444445
0 0.270751953125 0.8407118055555556 0.0374755859375 0.039469401041666664
0 0.5498046875 0.4709201388888889 0.0202178955078125 0.047309027777777776
0 0.69140625 0.6744791666666666 0.020172119140625 0.0625
0 0.1549072265625 0.6935763888888888 0.02386474609375 0.06342230902777778
0 0.95654296875 0.7942708333333334 0.03460693359375 0.04641384548611111
0 0.69189453125 0.7886284722222222 0.03662109375 0.035725911458333336
0 0.0943603515625 0.84765625 0.039703369140625 0.044596354166666664
0 0.499755859375 0.24110243055555555 0.0197906494140625 0.05015733506944445
0 0.50146484375 0.20833333333333334 0.0321044921875 0.032769097222222224
0 0.95947265625 0.8298611111111112 0.030853271484375 0.039632161458333336
0 0.76513671875 0.2860243055555556 0.0258026123046875 0.046142578125
0 0.705078125 0.828125 0.0243377685546875 0.06825086805555555
0 0.185546875 0.08414713541666667 0.03265380859375 0.0615234375
0 0.1033935546875 0.15321180555555555 0.0311431884765625 0.06499565972222222
0 0.6435546875 0.8932291666666666 0.0311431884765625 0.048773871527777776
0 0.459716796875 0.5655381944444444 0.0285491943359375 0.030897352430555556
0 0.105224609375 0.08881293402777778 0.0213623046875 0.06787109375
0 0.90234375 0.8671875 0.02484130859375 0.058268229166666664
0 0.73583984375 0.8815104166666666 0.0227203369140625 0.06559244791666667
0 0.8916015625 0.1630859375 0.0567626953125 0.044677734375
0 0.0211639404296875 0.3292100694444444 0.0223236083984375 0.06353081597222222
0 0.7587890625 0.8771701388888888 0.025421142578125 0.06537543402777778
0 0.5934895833333333 0.024074074074074074 0.021354166666666667 0.04814814814814815
0 0.578125 0.7157118055555556 0.03021240234375 0.047037760416666664
0 0.74755859375 0.8346354166666666 0.0394287109375 0.03512912326388889
0 0.2354736328125 0.8272569444444444 0.034088134765625 0.05064561631944445
0 0.78564453125 0.034125434027777776 0.020843505859375 0.06787109375
0 0.040374755859375 0.5733506944444444 0.03948974609375 0.04342990451388889
0 0.72607421875 0.6067708333333334 0.03289794921875 0.031005859375
0 0.58984375 0.365234375 0.017852783203125 0.045111762152777776
0 0.83837890625 0.9366319444444444 0.0269622802734375 0.06222873263888889
0 0.55517578125 0.8606770833333334 0.038177490234375 0.040473090277777776
0 0.0300445556640625 0.2740885416666667 0.037322998046875 0.04275173611111111
0 0.08209228515625 0.1072048611111111 0.023651123046875 0.07194010416666667
0 0.611328125 0.8984375 0.025909423828125 0.05984157986111111
0 0.9940104166666667 0.48935185185185187 0.011979166666666667 0.062037037037037036
0 0.92578125 0.8680555555555556 0.03173828125 0.0632052951388889
0 0.93359375 0.5347222222222222 0.018768310546875 0.04212782118055555
0 0.96630859375 0.0773654513888889 0.03753662109375 0.030653211805555556
0 0.26611328125 0.8914930555555556 0.0208892822265625 0.055257161458333336
0 0.76953125 0.2484809027777778 0.0219879150390625 0.039849175347222224
0 0.01078033447265625 0.7578125 0.0209197998046875 0.08170572916666667
0 0.9861979166666667 0.8263888888888888 0.027604166666666666 0.04722222222222222
0 0.450439453125 0.8897569444444444 0.0200653076171875 0.051432291666666664
0 0.8369140625 0.7048611111111112 0.0200653076171875 0.028727213541666668
0 0.9228515625 0.9305555555555556 0.035400390625 0.048583984375
0 0.431884765625 0.9470486111111112 0.0309600830078125 0.05075412326388889
0 0.65869140625 0.9166666666666666 0.0271148681640625 0.05674913194444445
0 0.5673828125 0.44921875 0.01519012451171875 0.04432508680555555
0 0.455322265625 0.9461805555555556 0.02288818359375 0.047309027777777776
0 0.6943359375 0.9505208333333334 0.034942626953125 0.03553602430555555
0 0.46728515625 0.9192708333333334 0.0364990234375 0.036295572916666664
0 0.556640625 0.037353515625 0.015960693359375 0.03285047743055555
0 0.0416259765625 0.20616319444444445 0.0210418701171875 0.03599717881944445
0 0.79833984375 0.9418402777777778 0.03436279296875 0.05007595486111111
0 0.1246337890625 0.9470486111111112 0.0225830078125 0.06537543402777778
0 0.09136962890625 0.9114583333333334 0.040374755859375 0.03648546006944445
0 0.63623046875 0.9409722222222222 0.0328369140625 0.047119140625
0 0.6201171875 0.9722222222222222 0.03582763671875 0.051432291666666664
0 0.474609375 0.9453125 0.0279083251953125 0.043158637152777776
0 0.9846354166666667 0.9657407407407408 0.030729166666666665 0.04814814814814815
0 0.00653839111328125 0.4665798611111111 0.01238250732421875 0.029052734375
0 0.56787109375 0.3841145833333333 0.0144500732421875 0.026801215277777776
0 0.765625 0.9522569444444444 0.0231475830078125 0.06401909722222222
0 0.395263671875 0.8763020833333334 0.02532958984375 0.034125434027777776
0 0.5517578125 0.23328993055555555 0.017913818359375 0.029269748263888888
0 0.9903645833333333 0.8731481481481481 0.019270833333333334 0.04259259259259259
0 0.30517578125 0.9583333333333334 0.03955078125 0.043999565972222224
0 0.34033203125 0.9487847222222222 0.03759765625 0.036783854166666664
0 0.46435546875 0.7274305555555556 0.012969970703125 0.02587890625
0 0.5771484375 0.9401041666666666 0.034698486328125 0.051812065972222224
0 0.310546875 0.9800347222222222 0.038238525390625 0.03648546006944445
0 0.0341796875 0.9826388888888888 0.04248046875 0.03466796875
0 0.65185546875 0.9722222222222222 0.033843994140625 0.05015733506944445
0 0.353759765625 0.9800347222222222 0.0341796875 0.038140190972222224
0 0.943359375 0.9696180555555556 0.03240966796875 0.023328993055555556