0 0.693750 0.367130 0.026042 0.060185
0 0.655469 0.689815 0.027604 0.055556
0 0.661458 0.626389 0.028125 0.054630
0 0.559375 0.108333 0.019792 0.068519
0 0.560156 0.339815 0.022396 0.064815
0 0.470052 0.539352 0.031771 0.049074
0 0.789323 0.555093 0.030729 0.056481
0 0.742969 0.427778 0.033854 0.055556
0 0.599219 0.338426 0.028646 0.052778
0 0.649740 0.537963 0.023438 0.066667
0 0.734635 0.484722 0.021354 0.060185
0 0.817708 0.617593 0.023958 0.062963
0 0.601302 0.089815 0.027604 0.062963
0 0.456771 0.251389 0.026042 0.063889
0 0.706510 0.120833 0.030729 0.054630
0 0.859115 0.656481 0.029687 0.059259
0 0.485156 0.184259 0.024479 0.064815
0 0.381510 0.221759 0.020313 0.069444
0 0.743750 0.375463 0.036458 0.037963
0 0.712760 0.269444 0.034896 0.059259
0 0.091146 0.522222 0.034375 0.057407
0 0.461198 0.126389 0.030729 0.047222
0 0.595313 0.667593 0.030208 0.057407
0 0.434375 0.093981 0.017708 0.071296
0 0.750260 0.525926 0.032813 0.040741
0 0.707812 0.642593 0.029167 0.053704
0 0.484635 0.313426 0.026562 0.069444
0 0.912760 0.392593 0.021354 0.061111
0 0.719010 0.325000 0.034896 0.044444
0 0.414062 0.270833 0.036458 0.058333
0 0.925000 0.482407 0.021875 0.064815
0 0.848698 0.519907 0.035937 0.036111
0 0.956510 0.497685 0.038021 0.047222
0 0.494271 0.036574 0.029167 0.056481
0 0.377083 0.051852 0.023958 0.066667
0 0.616146 0.304630 0.032292 0.051852
0 0.441667 0.322222 0.036458 0.038889
0 0.778906 0.369444 0.021354 0.057407
0 0.724740 0.557870 0.021354 0.067593
0 0.428385 0.514352 0.034896 0.043519
0 0.487760 0.489815 0.034896 0.044444
0 0.727344 0.687963 0.032813 0.040741
0 0.659896 0.250000 0.020833 0.053704
0 0.775521 0.629167 0.023958 0.060185
0 0.086458 0.404167 0.041667 0.049074
0 0.536198 0.093056 0.021354 0.073148
0 0.345833 0.050000 0.021875 0.072222
0 0.756510 0.695833 0.027604 0.060185
0 0.813542 0.169444 0.028125 0.057407
0 0.962240 0.372685 0.033854 0.043519
0 0.641927 0.290278 0.033854 0.049074
0 0.541406 0.540278 0.019271 0.063889
0 0.903125 0.478241 0.019792 0.062037
0 0.878125 0.368056 0.023958 0.060185
0 0.575000 0.160185 0.032292 0.064815
0 0.896615 0.238889 0.020313 0.062963
0 0.566146 0.282407 0.029167 0.050000
0 0.879687 0.108796 0.031250 0.062037
0 0.727344 0.036574 0.021354 0.063889
0 0.566667 0.037500 0.027083 0.058333
0 0.494271 0.423148 0.036458 0.040741
0 0.951042 0.781019 0.027083 0.063889
0 0.922656 0.778241 0.023438 0.058333
0 0.585677 0.192593 0.030729 0.038889
0 0.878125 0.438889 0.021875 0.062963
0 0.430469 0.630556 0.027604 0.066667
0 0.515365 0.069444 0.018229 0.070370
0 0.804948 0.436111 0.020313 0.059259
0 0.786979 0.722222 0.033333 0.033333
0 0.918229 0.301852 0.017708 0.066667
0 0.065365 0.596759 0.031771 0.071296
0 0.679427 0.750926 0.035937 0.038889
0 0.526042 0.628704 0.028125 0.059259
0 0.068490 0.333796 0.035937 0.049074
0 0.640365 0.130556 0.017188 0.059259
0 0.806250 0.206019 0.032292 0.041667
0 0.827344 0.432870 0.019271 0.065741
0 0.115885 0.317593 0.038021 0.048148
0 0.844010 0.361111 0.027604 0.057407
0 0.738021 0.120833 0.020833 0.045370
0 0.520833 0.357407 0.034375 0.051852
0 0.751042 0.091667 0.032292 0.061111
0 0.946354 0.298148 0.034375 0.050000
0 0.889844 0.781481 0.022396 0.062963
0 0.596354 0.550463 0.019792 0.063889
0 0.304167 0.082407 0.033333 0.051852
0 0.748177 0.732870 0.035937 0.041667
0 0.816667 0.377315 0.021875 0.056481
0 0.096354 0.642130 0.037500 0.063889
0 0.293229 0.381481 0.042708 0.046296
0 0.929948 0.535185 0.020313 0.066667
0 0.976042 0.300463 0.023958 0.062037
0 0.268750 0.054630 0.022917 0.075926
0 0.876042 0.481944 0.037500 0.034259
0 0.720313 0.745370 0.035417 0.044444
0 0.396354 0.084722 0.036458 0.043519
0 0.889844 0.300000 0.035937 0.040741
0 0.039844 0.431944 0.027604 0.073148
0 0.869010 0.062037 0.025521 0.068519
0 0.785417 0.889352 0.033333 0.050926
0 0.826823 0.849074 0.020313 0.066667
0 0.052344 0.303704 0.029687 0.061111
0 0.841667 0.716204 0.035417 0.047222
0 0.272656 0.503241 0.039062 0.047222
0 0.941667 0.246296 0.026042 0.055556
0 0.165885 0.476389 0.030729 0.062037
0 0.870313 0.862500 0.035417 0.045370
0 0.663281 0.100000 0.035937 0.042593
0 0.410156 0.191667 0.036979 0.044444
0 0.180208 0.618981 0.030208 0.056481
0 0.984896 0.801852 0.028125 0.046296
0 0.123438 0.520370 0.025000 0.066667
0 0.988281 0.656944 0.023438 0.056481
0 0.127083 0.585185 0.044792 0.050000
0 0.841146 0.764352 0.026042 0.056481
0 0.861458 0.795370 0.020833 0.059259
0 0.666146 0.065741 0.033333 0.037037
0 0.786979 0.032870 0.017708 0.063889
0 0.247135 0.335648 0.030729 0.060185
0 0.755208 0.861574 0.039583 0.036111
0 0.248958 0.420370 0.037500 0.038889
0 0.945052 0.131481 0.036979 0.038889
0 0.530990 0.035185 0.030729 0.044444
0 0.608594 0.802315 0.021354 0.067593
0 0.055208 0.783333 0.031250 0.068519
0 0.061458 0.706944 0.025000 0.069444
0 0.952344 0.733333 0.032813 0.042593
0 0.344271 0.502315 0.022917 0.071296
0 0.515885 0.450000 0.022396 0.055556
0 0.397396 0.614815 0.035417 0.038889
0 0.642448 0.847685 0.022396 0.069444
0 0.020052 0.536574 0.028646 0.069444
0 0.853646 0.284722 0.037500 0.045370
0 0.847396 0.791204 0.027083 0.058333
0 0.257031 0.176389 0.022396 0.069444
0 0.463021 0.771296 0.036458 0.044444
0 0.819531 0.887963 0.036979 0.035185
0 0.204948 0.804630 0.033854 0.055556
0 0.556510 0.815278 0.035937 0.043519
0 0.206510 0.528241 0.026562 0.071296
0 0.148698 0.633333 0.038021 0.051852
0 0.328906 0.835648 0.036979 0.058333
0 0.303385 0.346759 0.038021 0.037963
0 0.569792 0.859259 0.032292 0.048148
0 0.275521 0.446296 0.039583 0.044444
0 0.685417 0.801389 0.021875 0.060185
0 0.217448 0.608796 0.032813 0.043519
0 0.988281 0.252315 0.023438 0.058333
0 0.583594 0.712037 0.023438 0.048148
0 0.141146 0.826852 0.039583 0.050000
0 0.345052 0.336574 0.023438 0.067593
0 0.973437 0.702315 0.028125 0.060185
0 0.447135 0.193519 0.019271 0.057407
0 0.535937 0.180093 0.015625 0.049074
0 0.311979 0.449074 0.022917 0.064815
0 0.247917 0.647685 0.025000 0.065741
0 0.139323 0.158796 0.043229 0.036111
0 0.295573 0.831481 0.035937 0.038889
0 0.547917 0.246759 0.016667 0.050926
0 0.938802 0.832870 0.030729 0.058333
0 0.443490 0.386111 0.030729 0.051852
0 0.857812 0.187963 0.025000 0.055556
0 0.202083 0.318056 0.022917 0.067593
0 0.179688 0.797222 0.039583 0.050000
0 0.038542 0.661111 0.040625 0.048148
0 0.119271 0.378241 0.029167 0.045370
0 0.161979 0.869907 0.042708 0.036111
0 0.239583 0.572222 0.038542 0.055556
0 0.986198 0.443981 0.024479 0.041667
0 0.127865 0.108796 0.043229 0.037963
0 0.120573 0.669444 0.023438 0.064815
0 0.491927 0.829167 0.038021 0.037963
0 0.660937 0.905556 0.035417 0.046296
0 0.616406 0.020833 0.024479 0.039815
0 0.275781 0.231944 0.026562 0.073148
0 0.154688 0.691204 0.023958 0.065741
0 0.659115 0.820833 0.024479 0.063889
0 0.744531 0.823148 0.035937 0.033333
0 0.370312 0.871759 0.023958 0.065741
0 0.393490 0.731944 0.044271 0.041667
0 0.273438 0.537500 0.035417 0.036111
0 0.681771 0.880556 0.021875 0.059259
0 0.665365 0.858333 0.026562 0.055556
0 0.704948 0.883333 0.031771 0.046296
0 0.670052 0.514815 0.022396 0.046296
0 0.071875 0.124537 0.033333 0.063889
0 0.401302 0.021296 0.036979 0.040741
0 0.061979 0.897222 0.042708 0.042593
0 0.377604 0.701389 0.036458 0.041667
0 0.965104 0.082870 0.037500 0.034259
0 0.011979 0.819444 0.022917 0.064815
0 0.905469 0.721296 0.027604 0.035185
0 0.057292 0.198611 0.029167 0.067593
0 0.097135 0.892593 0.038021 0.050000
0 0.497656 0.872685 0.035937 0.039815
0 0.850260 0.106944 0.019271 0.045370
0 0.841927 0.948148 0.028646 0.064815
0 0.663281 0.333333 0.016146 0.031481
0 0.988021 0.726852 0.021875 0.050000
0 0.415104 0.894444 0.038542 0.042593
0 0.517188 0.908333 0.036458 0.040741
0 0.202865 0.943981 0.031771 0.060185
0 0.688542 0.307870 0.015625 0.032407
0 0.134115 0.025000 0.042188 0.042593
0 0.986719 0.046296 0.024479 0.053704
0 0.643229 0.937963 0.033333 0.035185
0 0.234635 0.827315 0.033854 0.052778
0 0.589063 0.366204 0.018750 0.039815
0 0.009375 0.674537 0.017708 0.054630
0 0.157552 0.923148 0.025521 0.059259
0 0.249740 0.950000 0.031771 0.064815
0 0.060417 0.022685 0.042708 0.037963
0 0.936979 0.964815 0.034375 0.057407
0 0.913802 0.938889 0.035937 0.044444
0 0.909375 0.976389 0.042708 0.036111
0 0.530208 0.837500 0.037500 0.039815
0 0.075000 0.209259 0.025000 0.050000
0 0.303646 0.941204 0.021875 0.062037
0 0.452083 0.887963 0.036458 0.046296
0 0.927604 0.907407 0.037500 0.033333
0 0.833854 0.010648 0.034375 0.019444
0 0.575781 0.940278 0.036979 0.049074
0 0.612240 0.956481 0.040104 0.050000
0 0.391667 0.875926 0.026042 0.037037
0 0.704427 0.968981 0.018229 0.058333
0 0.379167 0.934259 0.030208 0.035185
0 0.419010 0.935185 0.034896 0.038889
0 0.383073 0.559722 0.020313 0.032407
0 0.761458 0.968981 0.021875 0.058333
0 0.869792 0.972685 0.040625 0.030556
0 0.040885 0.212500 0.022396 0.045370
0 0.332813 0.971759 0.036458 0.047222
0 0.381510 0.972685 0.034896 0.043519
0 0.138021 0.982870 0.038542 0.034259
0 0.704167 0.524074 0.032292 0.059259
0 0.703125 0.588889 0.026042 0.048148
0 0.670573 0.987963 0.028646 0.024074
0 0.646094 0.969907 0.038021 0.021296
0 0.973177 0.946759 0.035937 0.062037
0 0.983854 0.970370 0.031250 0.048148
0 0.501823 0.934722 0.021354 0.052778
0 0.686458 0.884722 0.023958 0.062037
0 0.584896 0.249537 0.026042 0.049074
0 0.609115 0.254167 0.018229 0.060185
0 0.641667 0.237037 0.018750 0.057407
0 0.414844 0.102778 0.015104 0.024074
0 0.744792 0.288426 0.026042 0.062037
0 0.765625 0.286574 0.025000 0.045370
0 0.771615 0.247685 0.017188 0.036111
0 0.799219 0.238426 0.033854 0.037963
0 0.802865 0.290741 0.034896 0.064815
0 0.828385 0.300000 0.023438 0.059259
0 0.460156 0.074537 0.029687 0.054630
0 0.872396 0.265741 0.021875 0.059259
0 0.850000 0.237037 0.037500 0.048148
0 0.876823 0.185185 0.016146 0.055556
0 0.896094 0.338889 0.034896 0.040741
0 0.847917 0.413426 0.034375 0.037963
0 0.750260 0.619444 0.022396 0.062963
0 0.711719 0.776852 0.030729 0.031481
0 0.740365 0.784722 0.028646 0.054630
0 0.503385 0.966667 0.033854 0.046296
0 0.229427 0.979630 0.039062 0.040741
0 0.519271 0.965278 0.022917 0.045370
0 0.286979 0.475926 0.028125 0.046296
0 0.688542 0.621296 0.025000 0.055556
