0 0.34375 0.3687037037037037 0.027848958333333347 0.06862962962962964
0 0.317625 0.38107407407407407 0.031369791666666674 0.057398148148148156
0 0.40722916666666664 0.13465740740740742 0.026854166666666637 0.0655925925925926
0 0.384765625 0.26866666666666666 0.03555208333333333 0.05433333333333329
0 0.3693854166666667 0.15700925925925927 0.021364583333333322 0.06737962962962961
0 0.49340625 0.22265740740740744 0.030276041666666722 0.059731481481481496
0 0.7231458333333334 0.4735277777777778 0.03372395833333333 0.042916666666666686
0 0.7397447916666666 0.4101574074074074 0.03469791666666661 0.053416666666666716
0 0.30176041666666664 0.5451388888888888 0.031312499999999945 0.06412962962962962
0 0.2790520833333333 0.7304722222222222 0.03228645833333334 0.050370370370370454
0 0.2502447916666667 0.36784259259259255 0.03573437499999998 0.05351851851851848
0 0.5556666666666668 0.4752592592592592 0.02975520833333339 0.05211111111111109
0 0.6650416666666668 0.3337685185185185 0.027328124999999894 0.06369444444444441
0 0.1849375 0.3621944444444445 0.03448437500000002 0.05783333333333337
0 0.17272916666666666 0.3038240740740741 0.03015104166666666 0.0621203703703704
0 0.13635416666666667 0.4839444444444444 0.03442187500000002 0.049888888888888934
0 0.5302760416666666 0.18000925925925926 0.018937499999999947 0.07085185185185183
0 0.8291041666666668 0.6436666666666666 0.032041666666666656 0.05891666666666677
0 0.4143072916666667 0.5898425925925925 0.02947916666666662 0.05191666666666661
0 0.3666979166666666 0.511287037037037 0.021817708333333387 0.06488888888888882
0 0.2563489583333333 0.40646296296296297 0.030380208333333356 0.051435185185185146
0 0.4489739583333333 0.31337037037037035 0.017380208333333275 0.06635185185185183
0 0.3940416666666666 0.09217592592592594 0.031083333333333366 0.0598425925925926
0 0.2946770833333333 0.4691851851851852 0.023817708333333344 0.07454629629629629
0 0.43066666666666664 0.1312962962962963 0.017640624999999945 0.06722222222222222
0 0.251953125 0.15961111111111112 0.025911458333333335 0.06862962962962964
0 0.2868645833333333 0.3328981481481481 0.028380208333333337 0.0625
0 0.5454114583333334 0.6853333333333333 0.027114583333333307 0.05319444444444449
0 0.5346666666666666 0.10547222222222222 0.023697916666666666 0.06624074074074075
0 0.5815416666666666 0.17556481481481484 0.0301510416666666 0.05121296296296297
0 0.37402604166666664 0.5950555555555556 0.027739583333333328 0.0651018518518518
0 0.5629895833333334 0.30121296296296296 0.019380208333333353 0.0629351851851852
0 0.681640625 0.42860185185185184 0.03573437500000007 0.04266666666666671
0 0.4921875 0.1429074074074074 0.025619791666666693 0.06450925925925928
0 0.6709010416666668 0.1331388888888889 0.02365104166666659 0.062231481481481464
0 0.5961927083333334 0.22125 0.03265624999999991 0.03670370370370369
0 0.24365104166666668 0.648 0.028932291666666644 0.06390740740740739
0 0.3537604166666667 0.4409722222222222 0.02006770833333332 0.0635277777777778
0 0.3364270833333334 0.30012962962962964 0.03430208333333328 0.050564814814814826
0 0.9140625 0.30229629629629634 0.024229166666666656 0.0588148148148148
0 0.783203125 0.3261759259259259 0.033265624999999945 0.057620370370370384
0 0.8120104166666666 0.4583333333333333 0.03228645833333322 0.052407407407407375
0 0.337890625 0.7656296296296297 0.027906249999999962 0.06320370370370369
0 0.6875 0.18837037037037035 0.02571354166666661 0.06261111111111112
0 0.603515625 0.06760185185185186 0.020250000000000056 0.06352777777777777
0 0.9516614583333334 0.4960925925925926 0.030729166666666665 0.04259259259259259
0 0.8334947916666666 0.4856759259259259 0.026656249999999916 0.0653796296296296
0 0.8759791666666668 0.6206574074074074 0.02215624999999998 0.05815740740740736
0 0.6713854166666666 0.3825925925925926 0.020921875000000038 0.059953703703703703
0 0.2846666666666666 0.19303703703703703 0.03616145833333337 0.04641666666666666
0 0.546875 0.5169259259259259 0.037901041666666656 0.03849074074074068
0 0.8803697916666666 0.505638888888889 0.035218749999999945 0.03900925925925936
0 0.57421875 0.42100925925925925 0.019500000000000028 0.073462962962963
0 0.4177239583333333 0.27561111111111114 0.019166666666666644 0.06825000000000003
0 0.4357916666666667 0.2309074074074074 0.033265624999999945 0.05360185185185184
0 0.90625 0.650175925925926 0.024994791666666554 0.059953703703703703
0 0.4123541666666667 0.4025648148148148 0.03533854166666662 0.0544444444444444
0 0.8471666666666666 0.8250833333333334 0.03185937500000004 0.04649074074074078
0 0.8071302083333334 0.8650185185185185 0.03607291666666678 0.047037037037036995
0 0.300046875 0.613712962962963 0.02474999999999999 0.06798148148148155
0 0.875 0.3587222222222222 0.027437499999999913 0.059027777777777776
0 0.5356458333333334 0.8146666666666667 0.030104166666666703 0.057398148148148156
0 0.6586927083333334 0.06824999999999999 0.023026041666666684 0.06119444444444445
0 0.2282708333333333 0.28840740740740745 0.03796354166666666 0.04657407407407403
0 0.7055677083333334 0.11946296296296298 0.022677083333333313 0.058592592592592606
0 0.9672864583333334 0.6388888888888888 0.03396354166666669 0.05289814814814825
0 0.8090833333333334 0.5381944444444444 0.021453125000000028 0.061685185185185086
0 0.74609375 0.6514722222222222 0.03125 0.051435185185185146
0 0.3811041666666667 0.054333333333333324 0.026656250000000034 0.062120370370370374
0 0.6235364583333334 0.278212962962963 0.02116145833333339 0.06597222222222222
0 0.84375 0.7230925925925926 0.021453125000000028 0.0642870370370371
0 0.4020989583333333 0.4409722222222222 0.037046875000000055 0.03798148148148146
0 0.5869166666666668 0.7634537037037037 0.031557291666666744 0.055990740740740765
0 0.8017604166666668 0.7604166666666666 0.03390624999999995 0.05074999999999995
0 0.134765625 0.30534259259259255 0.034822916666666676 0.0540092592592593
0 0.7260729166666666 0.7734351851851852 0.02854687499999997 0.05289814814814825
0 0.9145520833333334 0.5594629629629629 0.03573437500000007 0.06130555555555559
0 0.5087916666666666 0.24305555555555555 0.019197916666666613 0.07166666666666664
0 0.6850572916666666 0.2643240740740741 0.03460937499999991 0.04578703703703708
0 0.6489270833333334 0.3066388888888889 0.02049479166666662 0.06261111111111112
0 0.4196770833333333 0.06537962962962963 0.028104166666666687 0.059953703703703703
0 0.9653333333333334 0.5351574074074075 0.03622395833333343 0.03887037037037039
0 0.9682604166666666 0.7816851851851853 0.028166666666666628 0.06130555555555559
0 0.3752447916666667 0.21614814814814814 0.03506249999999997 0.04242592592592594
0 0.6552760416666668 0.21430555555555555 0.0284427083333334 0.05270370370370369
0 0.4584947916666666 0.50825 0.03423958333333334 0.04451851851851845
0 0.33325 0.4535555555555555 0.019791666666666666 0.062499999999999944
0 0.80078125 0.2172314814814815 0.018796875000000077 0.059731481481481476
0 0.71484375 0.2008425925925926 0.03143229166666662 0.05251851851851849
0 0.7509791666666668 0.8059907407407407 0.0284427083333334 0.055037037037037086
0 0.8232447916666668 0.3513425925925926 0.03448437500000002 0.05433333333333329
0 0.73828125 0.12337037037037038 0.019380208333333353 0.05392592592592593
0 0.41113541666666664 0.5399351851851851 0.02041666666666669 0.0669999999999999
0 0.203734375 0.25434259259259256 0.03167708333333336 0.06369444444444444
0 0.7138697916666668 0.7981759259259259 0.02897395833333339 0.048398148148148135
0 0.9643541666666666 0.30403703703703705 0.029817708333333335 0.060490740740740775
0 0.3381354166666667 0.7170185185185185 0.036562500000000026 0.04587037037037034
0 0.194703125 0.8211851851851851 0.039640625000000006 0.053416666666666716
0 0.8212916666666668 0.26649074074074075 0.03634895833333331 0.037842592592592594
0 0.23864583333333333 0.4782962962962962 0.02645833333333331 0.07204629629629625
0 0.951171875 0.2615 0.03228645833333322 0.05962037037037036
0 0.5922864583333334 0.12868518518518518 0.03143229166666662 0.05121296296296297
0 0.9438489583333334 0.4236111111111111 0.03044270833333324 0.06190740740740742
0 0.07861458333333333 0.2732222222222222 0.039182291666666674 0.04801851851851853
0 0.4887708333333334 0.5203981481481481 0.022718749999999944 0.06369444444444441
0 0.779296875 0.6215277777777778 0.021239583333333437 0.06223148148148151
0 0.12402604166666667 0.3684907407407408 0.02123958333333332 0.07156481481481478
0 0.61328125 0.3732685185185185 0.017041666666666563 0.05815740740740736
0 0.7109375 0.5160555555555556 0.018479166666666675 0.06597222222222222
0 0.12658854166666667 0.8537314814814815 0.03408854166666667 0.06309259259259269
0 0.9086927083333334 0.7261296296296297 0.02897395833333339 0.05962037037037046
0 0.49878125 0.08849074074074073 0.026765625000000053 0.053009259259259256
0 0.566625 0.8357407407407408 0.023515625000000047 0.07221296296296296
0 0.6166979166666666 0.6111111111111112 0.02161979166666678 0.061907407407407314
0 0.2673333333333333 0.5620648148148147 0.03912499999999997 0.03976851851851856
0 0.7836927083333334 0.19672222222222224 0.018984374999999904 0.06037962962962961
0 0.5014635416666666 0.8007777777777778 0.029036458333333334 0.06537962962962954
0 0.7719739583333334 0.4965277777777778 0.023999999999999962 0.06927777777777772
0 0.9643541666666666 0.41883333333333334 0.022718749999999944 0.06309259259259258
0 0.102109375 0.4644074074074074 0.02897395833333333 0.06965740740740738
0 0.6997083333333334 0.32422222222222224 0.02052083333333338 0.06380555555555553
0 0.888671875 0.4127592592592592 0.033140625000000055 0.047037037037036995
0 0.2263177083333333 0.2054074074074074 0.03689583333333335 0.0511296296296296
0 0.9018541666666666 0.8302962962962963 0.019500000000000028 0.06889814814814822
0 0.892578125 0.7161481481481482 0.03114062499999998 0.05382407407407418
0 0.9228541666666668 0.16330555555555556 0.020765624999999944 0.0625
0 0.5893541666666666 0.6150185185185185 0.03448437500000002 0.04259259259259259
0 0.7373072916666668 0.5486111111111112 0.018583333333333247 0.06684259259259265
0 0.818359375 0.1831574074074074 0.03302083333333338 0.04801851851851853
0 0.2653802083333333 0.6453981481481481 0.02123958333333332 0.06635185185185193
0 0.49316666666666664 0.6358518518518519 0.030671875000000053 0.049425925925926026
0 0.53515625 0.6302129629629629 0.03515625 0.03431481481481476
0 0.15478645833333332 0.698787037037037 0.03488020833333335 0.059027777777777776
0 0.8466822916666668 0.3893240740740741 0.03839062500000002 0.03754629629629625
0 0.9311510416666666 0.3426666666666667 0.023145833333333362 0.05718518518518518
0 0.5786145833333334 0.6653611111111112 0.032468750000000074 0.038712962962962914
0 0.23425520833333333 0.8220462962962962 0.03259375000000002 0.05652777777777773
0 0.4140625 0.8229166666666666 0.027010416666666613 0.06993518518518516
0 0.7182604166666666 0.24262037037037035 0.03548958333333327 0.03754629629629628
0 0.5927760416666668 0.8046851851851852 0.020765624999999944 0.0642870370370371
0 0.7719739583333334 0.6888055555555556 0.026656249999999916 0.06212037037037029
0 0.3325208333333334 0.5221388888888888 0.02964583333333337 0.03878703703703713
0 0.9209010416666668 0.6089444444444444 0.03548958333333327 0.044759259259259186
0 0.5327135416666666 0.5911481481481482 0.03448437500000002 0.03594444444444438
0 0.6962916666666668 0.605037037037037 0.02169791666666659 0.06282407407407399
0 0.73828125 0.7022592592592594 0.034364583333333344 0.033037037037037094
0 0.7905260416666666 0.7161481481481482 0.018984374999999904 0.0625
0 0.9895208333333334 0.37412962962962965 0.02095833333333322 0.06412962962962962
0 0.8896510416666668 0.7864629629629629 0.041322916666666744 0.03798148148148146
0 0.10070833333333334 0.3476574074074074 0.03185937500000001 0.06223148148148151
0 0.07421875 0.881074074074074 0.03408854166666666 0.057620370370370384
0 0.767578125 0.7465277777777778 0.024093750000000115 0.06060185185185189
0 0.8505885416666668 0.05913888888888889 0.034182291666666725 0.05007407407407407
0 0.14208854166666668 0.6636296296296297 0.04098437499999998 0.03656481481481482
0 0.6357447916666668 0.78125 0.032895833333333256 0.05652777777777773
0 0.9423854166666668 0.3808611111111111 0.03216666666666678 0.04023148148148152
0 0.6069322916666666 0.4800370370370371 0.019791666666666666 0.06331481481481487
0 0.8793958333333334 0.17372222222222222 0.023817708333333344 0.04720370370370372
0 0.8022447916666666 0.09391666666666668 0.025802083333333316 0.06510185185185186
0 0.9399427083333334 0.8454907407407407 0.024994791666666554 0.06282407407407399
0 0.24182291666666667 0.7586851851851851 0.032838541666666644 0.040064814814814796
0 0.8291041666666668 0.14410185185185184 0.03649999999999996 0.04578703703703703
0 0.9926875000000001 0.49175 0.014624999999999963 0.05815740740740736
0 0.17468229166666666 0.8489629629629629 0.029416666666666678 0.06684259259259265
0 0.7646510416666668 0.2881944444444444 0.027265624999999953 0.04765740740740743
0 0.775390625 0.7903611111111112 0.020369791666666734 0.06597222222222222
0 0.6420885416666666 0.818574074074074 0.03494270833333341 0.04014814814814806
0 0.875 0.3083796296296296 0.023604166666666752 0.04543518518518523
0 0.966796875 0.7374166666666666 0.038328125000000074 0.03387962962962955
0 0.76953125 0.9357685185185185 0.02517708333333341 0.06401851851851861
0 0.22815104166666667 0.6519074074074074 0.02790625000000002 0.05112962962962966
0 0.5795885416666666 0.7230925925925926 0.03079166666666661 0.043074074074074056
0 0.6557604166666666 0.8802129629629629 0.021776041666666638 0.07221296296296296
0 0.751953125 0.7543425925925926 0.021041666666666715 0.06087037037037038
0 0.3200677083333333 0.0899537037037037 0.03802604166666666 0.04350925925925927
0 0.3010260416666667 0.8680555555555556 0.03616145833333337 0.03629629629629634
0 0.07330208333333334 0.1722037037037037 0.02250520833333333 0.06749074074074073
0 0.017041666666666667 0.7261296296296297 0.033203125 0.05576851851851854
0 0.8549791666666666 0.09689814814814815 0.03726041666666665 0.03678703703703703
0 0.19738541666666667 0.09619444444444444 0.035489583333333324 0.03276851851851853
0 0.9853541666666668 0.8454907407407407 0.027328124999999894 0.04847222222222214
0 0.9692395833333334 0.09266666666666666 0.020645833333333266 0.061305555555555565
0 0.13757291666666666 0.5386296296296297 0.02743749999999999 0.06223148148148151
0 0.984375 0.12228703703703703 0.0225833333333334 0.06624074074074075
0 0.6376979166666668 0.6236944444444444 0.019864583333333265 0.059953703703703703
0 0.73828125 0.9157962962962962 0.03649999999999996 0.03754629629629625
0 0.04867708333333333 0.6905370370370371 0.03332291666666666 0.05433333333333339
0 0.384765625 0.90625 0.037473958333333356 0.04988888888888899
0 0.755859375 0.9539907407407406 0.02947916666666662 0.0651018518518518
0 0.11816666666666667 0.16503703703703704 0.038453125000000005 0.05433333333333334
0 0.9780260416666666 0.45008333333333334 0.026458333333333427 0.04093518518518522
0 0.22180208333333334 0.04695370370370371 0.04001041666666663 0.0337962962962963
0 0.8017604166666668 0.9201388888888888 0.02052083333333338 0.06130555555555559
0 0.4155260416666666 0.8914907407407406 0.02276562500000002 0.056962962962962944
0 0.15979166666666667 0.10704629629629628 0.03295833333333332 0.03477777777777777
0 0.9301770833333334 0.7677962962962963 0.029708333333333316 0.0393055555555556
0 0.281984375 0.8967037037037038 0.03823958333333334 0.04375925925925925
0 0.9140625 0.8906296296296297 0.04885937499999997 0.04350925925925927
0 0.3825677083333333 0.8294259259259259 0.03661979166666664 0.05392592592592593
0 0.219484375 0.8815092592592593 0.02670312499999999 0.04527777777777786
0 0.26489062499999994 0.9036481481481482 0.035401041666666654 0.05191666666666661
0 0.13097916666666667 0.5798611111111112 0.02795312500000001 0.04155555555555566
0 0.5249010416666666 0.3899722222222222 0.020093749999999962 0.04475925925925929
0 0.8579114583333334 0.018083333333333333 0.026609375000000077 0.03439814814814816
0 0.5893541666666666 0.3684907407407408 0.018265625000000084 0.0463333333333333
0 0.3325208333333334 0.9210092592592594 0.03515625 0.05652777777777784
0 0.10107291666666667 0.0773611111111111 0.02456770833333334 0.05566666666666667
0 0.35278125 0.021027777777777777 0.02517708333333329 0.03947222222222223
0 0.6806666666666668 0.926212962962963 0.027906249999999962 0.06944444444444445
0 0.9750989583333334 0.8797777777777778 0.03845312499999996 0.04180555555555564
0 0.3811041666666667 0.017944444444444443 0.04052604166666664 0.03499074074074074
0 0.8330104166666668 0.9366296296296296 0.037109375 0.03615740740740747
0 0.7646510416666668 0.01506481481481481 0.014734374999999982 0.029944444444444447
0 0.7856458333333334 0.9652777777777778 0.023958333333333335 0.05783333333333337
0 0.9267604166666668 0.980037037037037 0.0379635416666666 0.03621296296296308
0 0.15490625 0.9366296296296296 0.031369791666666674 0.05576851851851854
0 0.4946302083333334 0.9201388888888888 0.026765625000000053 0.05707407407407406
0 0.9604479166666666 0.9722222222222222 0.03933854166666677 0.028620370370370237
0 0.012869791666666667 0.3849814814814815 0.024140625000000006 0.06787037037037033
0 0.8940416666666666 0.1331388888888889 0.01744270833333322 0.03412962962962964
0 0.55078125 0.2376296296296296 0.019562499999999972 0.033092592592592604
0 0.461671875 0.8897592592592594 0.02954166666666668 0.04613888888888882
0 0.25097916666666664 0.5290833333333333 0.024338541666666675 0.04451851851851845
0 0.042234375000000005 0.20974074074074076 0.023515625000000002 0.03985185185185187
0 0.7005208333333334 0.986574074074074 0.028125 0.026851851851851852
0 0.289796875 0.9392407407407408 0.03775000000000001 0.05474074074074074
0 0.4729010416666667 0.926212962962963 0.03359895833333333 0.03819444444444445
0 0.4299322916666667 0.9618055555555556 0.04025520833333331 0.05642592592592598
0 0.4802239583333333 0.9635462962962964 0.0394895833333333 0.060277777777777694
0 0.026609375 0.9704907407407408 0.042234375000000005 0.038435185185185385
0 0.3967291666666667 0.9765648148148148 0.035890625000000044 0.04587037037037034
0 0.07208333333333333 0.5907129629629629 0.017302083333333326 0.026805555555555596
0 0.23669270833333333 0.9678796296296296 0.03802604166666666 0.043999999999999984
0 0.07263020833333332 0.2990462962962963 0.017182291666666672 0.029944444444444475
0 0.005843750000000001 0.5164907407407406 0.01103125 0.040768518518518496
0 0.53125 0.037703703703703705 0.013166666666666712 0.02558333333333333
0 0.155515625 0.9774351851851852 0.030854166666666672 0.04291666666666658
0 0.10266145833333334 0.973962962962963 0.04077083333333332 0.048398148148148135
0 0.6255052083333333 0.1640925925925926 0.028213541666666706 0.056629629629629655
0 0.5513750000000001 0.154 0.023984375000000096 0.06157407407407407
0 0.5356458333333334 0.9670185185185186 0.036161458333333306 0.05371296296296306
0 0.6572291666666668 0.9704907407407408 0.023817708333333344 0.019083333333333452
0 0.31458854166666667 0.9624074074074075 0.041135416666666674 0.03927777777777784
0 0.5908229166666668 0.9392407407407407 0.03506250000000009 0.048018518518518426
0 0.086609375 0.9644074074074074 0.031020833333333334 0.01990740740740741
0 0.99140625 0.9694444444444444 0.0171875 0.024074074074074074
0 0.44545833333333335 0.5816018518518519 0.012635416666666661 0.023407407407407384
0 0.6427552083333333 0.12269444444444444 0.01824479166666677 0.06082407407407407
0 0.627953125 0.3334722222222222 0.01619270833333341 0.04174074074074078
0 0.7549427083333333 0.2511481481481482 0.017401041666666592 0.03590740740740738
0 0.6471927083333333 0.2478148148148148 0.02809375000000003 0.05330555555555558
0 0.5549114583333333 0.2104351851851852 0.017520833333333267 0.03353703703703701
0 0.9939531250000001 0.3242407407407408 0.012093749999999896 0.0360185185185185
0 0.9916250000000001 0.8016666666666666 0.016749999999999925 0.057796296296296366
0 0.5484218750000001 0.8679444444444444 0.014286458333333248 0.028925925925925935
0 0.31956770833333337 0.9879722222222223 0.033984375 0.024055555555555573
0 0.4102864583333333 0.999537037037037 0.17916666666666667 0.000925925925925926
0 0.011328125 0.8746666666666667 0.02265625 0.06473148148148156
0 0.18904166666666666 0.3236851851851852 0.02688020833333334 0.03846296296296293
0 0.4707135416666667 0.5432962962962963 0.015593750000000028 0.03285185185185187
0 0.6900104166666666 0.01299074074074074 0.01885416666666657 0.02598148148148148
0 0.9957291666666667 0.6804074074074075 0.008536458333333267 0.0725462962962962