0 0.657552 0.487963 0.030729 0.055556
0 0.398177 0.410185 0.031771 0.053704
0 0.558333 0.439352 0.030208 0.060185
0 0.580729 0.203241 0.025000 0.060185
0 0.625260 0.426852 0.028646 0.061111
0 0.474479 0.525000 0.034375 0.053704
0 0.768490 0.414352 0.026562 0.065741
0 0.530990 0.414352 0.028646 0.058333
0 0.637240 0.136111 0.030729 0.053704
0 0.332292 0.342593 0.031250 0.059259
0 0.336979 0.192130 0.025000 0.062037
0 0.691667 0.307870 0.025000 0.062037
0 0.455469 0.394444 0.027604 0.061111
0 0.491406 0.395370 0.034896 0.048148
0 0.573958 0.148611 0.028125 0.060185
0 0.916927 0.274537 0.023438 0.063889
0 0.711719 0.318981 0.027604 0.052778
0 0.538802 0.171296 0.019271 0.064815
0 0.436198 0.359259 0.029687 0.061111
0 0.484896 0.435648 0.025000 0.062037
0 0.266146 0.266667 0.030208 0.059259
0 0.412240 0.312037 0.029687 0.064815
0 0.853646 0.168056 0.028125 0.058333
0 0.876042 0.530556 0.023958 0.061111
0 0.388802 0.207870 0.021354 0.063889
0 0.333594 0.273148 0.027604 0.061111
0 0.665365 0.376389 0.022396 0.058333
0 0.866406 0.452315 0.033854 0.045370
0 0.305729 0.212963 0.019792 0.068519
0 0.402604 0.260185 0.031250 0.051852
0 0.258594 0.322222 0.033854 0.046296
0 0.870313 0.593519 0.033333 0.044444
0 0.601042 0.617593 0.023958 0.061111
0 0.623437 0.250463 0.027083 0.052778
0 0.536458 0.558333 0.034375 0.040741
0 0.524740 0.074537 0.019271 0.071296
0 0.359115 0.322222 0.022396 0.062963
0 0.873437 0.361111 0.020833 0.062963
0 0.562760 0.284722 0.021354 0.062037
0 0.671094 0.536574 0.030729 0.037963
0 0.245052 0.192593 0.025521 0.061111
0 0.428646 0.219444 0.018750 0.064815
0 0.204167 0.223148 0.033333 0.062963
0 0.579167 0.256481 0.031250 0.051852
0 0.619792 0.582870 0.035417 0.054630
0 0.525260 0.357407 0.038021 0.040741
0 0.151562 0.467130 0.040625 0.047222
0 0.679427 0.440741 0.023438 0.059259
0 0.401562 0.086574 0.025000 0.065741
0 0.187240 0.778241 0.033854 0.050926
0 0.780990 0.359259 0.035937 0.050000
0 0.777083 0.291667 0.029167 0.055556
0 0.852865 0.379630 0.020313 0.061111
0 0.937240 0.462037 0.033854 0.057407
0 0.452865 0.705093 0.027604 0.065741
0 0.507552 0.694444 0.035937 0.037037
0 0.543490 0.293519 0.028646 0.057407
0 0.722396 0.231944 0.034375 0.058333
0 0.596354 0.799074 0.031250 0.051852
0 0.813542 0.281481 0.017708 0.066667
0 0.174219 0.831944 0.039062 0.037963
0 0.320312 0.471296 0.022917 0.062963
0 0.489323 0.615278 0.036979 0.058333
0 0.866406 0.208333 0.035937 0.051852
0 0.472656 0.692593 0.024479 0.061111
0 0.623177 0.115278 0.033854 0.045370
0 0.205990 0.337963 0.025521 0.053704
0 0.825781 0.210648 0.029687 0.054630
0 0.896094 0.478704 0.018229 0.061111
0 0.362240 0.115741 0.029687 0.055556
0 0.780990 0.238889 0.032813 0.057407
0 0.678385 0.093056 0.024479 0.060185
0 0.491927 0.113889 0.033854 0.050000
0 0.782813 0.461574 0.033333 0.045370
0 0.443750 0.226852 0.021875 0.059259
0 0.798698 0.154630 0.022396 0.062963
0 0.200521 0.856481 0.038542 0.046296
0 0.560156 0.047222 0.030729 0.051852
0 0.345833 0.549537 0.032292 0.058333
0 0.235156 0.509722 0.027604 0.062037
0 0.381250 0.579167 0.021875 0.054630
0 0.676042 0.141667 0.034375 0.048148
0 0.445052 0.581019 0.027604 0.058333
0 0.320833 0.634722 0.038542 0.047222
0 0.273698 0.823148 0.035937 0.044444
0 0.277604 0.751852 0.031250 0.057407
0 0.972396 0.383796 0.033333 0.047222
0 0.463281 0.613426 0.022396 0.062037
0 0.167969 0.237037 0.020313 0.068519
0 0.759115 0.663889 0.035937 0.044444
0 0.466406 0.042593 0.029687 0.055556
0 0.446615 0.173148 0.032813 0.038889
0 0.371615 0.798611 0.031771 0.037963
0 0.520573 0.472222 0.035937 0.040741
0 0.787760 0.828704 0.028646 0.062963
0 0.624219 0.656019 0.018229 0.063889
0 0.527344 0.324537 0.038021 0.037963
0 0.948438 0.381481 0.023958 0.055556
0 0.378125 0.156481 0.034375 0.044444
0 0.052865 0.707870 0.036979 0.047222
0 0.896354 0.281481 0.032292 0.051852
0 0.189583 0.891667 0.031250 0.050000
0 0.692708 0.672685 0.022917 0.063889
0 0.761458 0.111111 0.036458 0.050000
0 0.810937 0.337037 0.035417 0.040741
0 0.535417 0.493056 0.029167 0.043519
0 0.431510 0.127315 0.036979 0.041667
0 0.897656 0.392593 0.035937 0.037037
0 0.881510 0.814352 0.023438 0.065741
0 0.729167 0.553241 0.026042 0.067593
0 0.471354 0.296759 0.032292 0.034259
0 0.356771 0.037037 0.031250 0.064815
0 0.905990 0.855556 0.025521 0.062963
0 0.925521 0.678241 0.020833 0.060185
0 0.839583 0.887500 0.036458 0.041667
0 0.741927 0.854630 0.038021 0.037037
0 0.249479 0.646759 0.023958 0.065741
0 0.904167 0.651389 0.026042 0.047222
0 0.129948 0.585185 0.042188 0.037037
0 0.237760 0.444907 0.031771 0.045370
0 0.862500 0.715278 0.034375 0.045370
0 0.408333 0.182407 0.030208 0.050000
0 0.723698 0.094907 0.019271 0.054630
0 0.940885 0.659259 0.018229 0.062963
0 0.926562 0.552778 0.040625 0.038889
0 0.760938 0.723148 0.020833 0.061111
0 0.777604 0.719907 0.018750 0.058333
0 0.123698 0.508333 0.028646 0.064815
0 0.525260 0.791204 0.033854 0.032407
0 0.622917 0.767130 0.036458 0.054630
0 0.819010 0.776852 0.032813 0.046296
0 0.956250 0.331944 0.034375 0.054630
0 0.679427 0.029167 0.032813 0.045370
0 0.083333 0.781019 0.026042 0.071296
0 0.789323 0.870370 0.031771 0.040741
0 0.842969 0.262963 0.038021 0.038889
0 0.652604 0.681944 0.020833 0.054630
0 0.451302 0.781481 0.034896 0.035185
0 0.897656 0.327778 0.032813 0.038889
0 0.799479 0.613426 0.034375 0.054630
0 0.704167 0.816204 0.019792 0.075000
0 0.238021 0.093056 0.037500 0.037963
0 0.347135 0.486111 0.020313 0.074074
0 0.471354 0.758796 0.036458 0.036111
0 0.197396 0.592593 0.033333 0.038889
0 0.946615 0.804630 0.026562 0.064815
0 0.478125 0.899537 0.025000 0.065741
0 0.816667 0.079630 0.037500 0.046296
0 0.413021 0.664815 0.021875 0.068519
0 0.830729 0.702315 0.025000 0.060185
0 0.137240 0.204630 0.035937 0.048148
0 0.715104 0.578704 0.032292 0.033333
0 0.478646 0.216204 0.034375 0.036111
0 0.151302 0.694907 0.021354 0.067593
0 0.534896 0.845370 0.037500 0.062963
0 0.607552 0.352778 0.021354 0.068519
0 0.784896 0.770370 0.036458 0.046296
0 0.367188 0.716204 0.033333 0.041667
0 0.740885 0.697685 0.026562 0.056481
0 0.364323 0.471296 0.017188 0.070370
0 0.678906 0.791667 0.035937 0.053704
0 0.465365 0.861574 0.032813 0.045370
0 0.503125 0.886574 0.019792 0.067593
0 0.779687 0.060648 0.018750 0.050926
0 0.688281 0.833333 0.019271 0.072222
0 0.106510 0.769907 0.025521 0.069444
0 0.148958 0.424537 0.033333 0.050926
0 0.841927 0.828704 0.034896 0.031481
0 0.477604 0.075926 0.034375 0.044444
0 0.636979 0.729167 0.036458 0.037963
0 0.084896 0.081944 0.019792 0.069444
0 0.397396 0.025463 0.039583 0.039815
0 0.851823 0.798611 0.039062 0.037963
0 0.668750 0.874537 0.035417 0.039815
0 0.981250 0.862500 0.032292 0.054630
0 0.121094 0.160185 0.039062 0.040741
0 0.721354 0.024537 0.030208 0.047222
0 0.260677 0.050463 0.039062 0.032407
0 0.600781 0.887037 0.033854 0.050000
0 0.953385 0.705093 0.038021 0.050926
0 0.338542 0.122685 0.028125 0.063889
0 0.038542 0.265741 0.036458 0.059259
0 0.234896 0.823148 0.034375 0.042593
0 0.054167 0.192593 0.028125 0.061111
0 0.882031 0.910185 0.020313 0.062963
0 0.302344 0.092593 0.030729 0.035185
0 0.108073 0.088889 0.025521 0.066667
0 0.022917 0.652315 0.034375 0.067593
0 0.225781 0.753704 0.025521 0.046296
0 0.773177 0.541204 0.026562 0.034259
0 0.873177 0.754167 0.020313 0.049074
0 0.837240 0.918056 0.036979 0.036111
0 0.662760 0.911574 0.034896 0.041667
0 0.973958 0.815741 0.029167 0.061111
0 0.015365 0.176389 0.029687 0.036111
0 0.629948 0.021296 0.032813 0.040741
0 0.965885 0.182870 0.036979 0.039815
0 0.871354 0.065278 0.019792 0.069444
0 0.588281 0.717593 0.025521 0.042593
0 0.989323 0.655556 0.021354 0.061111
0 0.919010 0.939352 0.025521 0.060185
0 0.481771 0.951852 0.026042 0.068519
0 0.467708 0.015278 0.035417 0.028704
0 0.224219 0.017130 0.017188 0.032407
0 0.205208 0.400000 0.026042 0.050000
0 0.995052 0.310648 0.008854 0.062037
0 0.033073 0.879630 0.033854 0.070370
0 0.508594 0.541667 0.022396 0.029630
0 0.744271 0.938889 0.019792 0.066667
0 0.984115 0.921296 0.031771 0.037037
0 0.566146 0.936574 0.029167 0.052778
0 0.994271 0.481481 0.011458 0.051852
0 0.976823 0.969907 0.042188 0.037963
0 0.167969 0.012037 0.016146 0.022222
0 0.959635 0.119907 0.024479 0.032407
0 0.021615 0.237037 0.029687 0.029630
0 0.831771 0.960648 0.034375 0.056481
0 0.483594 0.657870 0.021354 0.049074
0 0.117448 0.881019 0.025521 0.065741
0 0.542188 0.955093 0.021875 0.065741
0 0.238281 0.969907 0.041146 0.036111
0 0.156771 0.950000 0.031250 0.062963
0 0.660937 0.332407 0.018750 0.033333
0 0.795052 0.975000 0.029687 0.033333
0 0.017448 0.921296 0.023438 0.061111
0 0.208854 0.937037 0.039583 0.053704
0 0.881250 0.972685 0.037500 0.045370
0 0.396354 0.874537 0.027083 0.032407
0 0.306510 0.964815 0.033854 0.055556
0 0.211458 0.972685 0.028125 0.045370
0 0.067708 0.007870 0.015625 0.013889
0 0.696875 0.971759 0.022917 0.023148
0 0.727865 0.618519 0.023438 0.038889
0 0.352083 0.977778 0.039583 0.042593
0 0.339062 0.968519 0.021875 0.024074
0 0.286198 0.966667 0.030729 0.020370
0 0.038021 0.995370 0.021875 0.007407
0 0.104427 0.987037 0.026562 0.024074
0 0.008594 0.867593 0.016146 0.050000
0 0.761198 0.977778 0.031771 0.031481
0 0.665104 0.766204 0.032292 0.036111
0 0.625260 0.515278 0.021354 0.073148
0 0.653906 0.082407 0.022396 0.061111
0 0.584635 0.007407 0.013021 0.012963
0 0.720313 0.139352 0.036458 0.050926
0 0.702865 0.153704 0.026562 0.037037
0 0.703385 0.195370 0.032813 0.040741
0 0.740104 0.266204 0.020833 0.069444
0 0.754427 0.229630 0.020313 0.053704
0 0.806510 0.671296 0.022396 0.051852
0 0.845573 0.762037 0.025521 0.059259
0 0.857552 0.972685 0.034896 0.036111
0 0.460417 0.239815 0.021875 0.062963
0 0.369792 0.073148 0.019792 0.061111
0 0.222656 0.393056 0.017188 0.041667
0 0.509896 0.930093 0.021875 0.037963
