0 0.142969 0.235648 0.027604 0.063889
0 0.748177 0.665278 0.026562 0.054630
0 0.403906 0.596296 0.027604 0.064815
0 0.478385 0.470370 0.033854 0.044444
0 0.347135 0.620370 0.025521 0.061111
0 0.623437 0.675463 0.023958 0.063889
0 0.723958 0.743056 0.027083 0.058333
0 0.754948 0.459259 0.026562 0.061111
0 0.616406 0.742593 0.029687 0.059259
0 0.409375 0.471759 0.031250 0.054630
0 0.333333 0.714815 0.025000 0.062963
0 0.497135 0.740278 0.025521 0.062037
0 0.616406 0.536574 0.023438 0.060185
0 0.433594 0.205556 0.017188 0.062963
0 0.668229 0.275926 0.019792 0.061111
0 0.424479 0.406481 0.035417 0.048148
0 0.558333 0.772685 0.030208 0.056481
0 0.388542 0.411574 0.033333 0.050926
0 0.681510 0.380556 0.025521 0.059259
0 0.121354 0.340278 0.034375 0.050926
0 0.355729 0.194444 0.022917 0.061111
0 0.643750 0.551389 0.027083 0.050926
0 0.247135 0.657407 0.033854 0.051852
0 0.571094 0.604630 0.023438 0.062963
0 0.306250 0.566204 0.026042 0.062037
0 0.686719 0.207407 0.020313 0.062963
0 0.414583 0.305556 0.023958 0.064815
0 0.721875 0.406019 0.022917 0.065741
0 0.655990 0.681944 0.022396 0.065741
0 0.345313 0.417593 0.027083 0.059259
0 0.257812 0.765278 0.027083 0.065741
0 0.463021 0.764352 0.028125 0.065741
0 0.525260 0.663889 0.032813 0.035185
0 0.448698 0.603241 0.040104 0.039815
0 0.927865 0.631019 0.034896 0.043519
0 0.300000 0.509259 0.036458 0.046296
0 0.207813 0.246296 0.021875 0.064815
0 0.807813 0.588889 0.037500 0.048148
0 0.290104 0.806019 0.031250 0.056481
0 0.894271 0.667593 0.031250 0.061111
0 0.567969 0.218981 0.024479 0.062037
0 0.860938 0.575926 0.039583 0.044444
0 0.307552 0.737037 0.036979 0.040741
0 0.523177 0.077778 0.018229 0.072222
0 0.396615 0.745370 0.036979 0.037037
0 0.706250 0.274074 0.018750 0.061111
0 0.191406 0.261111 0.019271 0.066667
0 0.142187 0.461574 0.037500 0.052778
0 0.866406 0.513426 0.038021 0.036111
0 0.595052 0.667593 0.019271 0.061111
0 0.475781 0.126389 0.025521 0.050926
0 0.831771 0.690278 0.032292 0.056481
0 0.615104 0.191667 0.016667 0.064815
0 0.658333 0.350463 0.031250 0.047222
0 0.799479 0.377315 0.034375 0.058333
0 0.186719 0.206019 0.034896 0.052778
0 0.190885 0.128704 0.031771 0.061111
0 0.592448 0.474537 0.034896 0.045370
0 0.630990 0.325926 0.026562 0.051852
0 0.083073 0.187963 0.032813 0.050000
0 0.560156 0.054630 0.018229 0.062963
0 0.121875 0.269444 0.041667 0.040741
0 0.077083 0.362037 0.029167 0.061111
0 0.762240 0.531944 0.031771 0.049074
0 0.788281 0.704167 0.034896 0.034259
0 0.255469 0.887963 0.031771 0.057407
0 0.621615 0.621759 0.031771 0.049074
0 0.183073 0.351852 0.040104 0.040741
0 0.401823 0.149074 0.026562 0.050000
0 0.961979 0.512963 0.025000 0.059259
0 0.688281 0.563889 0.033854 0.033333
0 0.364844 0.462500 0.022396 0.063889
0 0.372656 0.156944 0.030729 0.058333
0 0.870573 0.852778 0.029687 0.059259
0 0.457813 0.820833 0.025000 0.063889
0 0.768750 0.157407 0.018750 0.064815
0 0.849219 0.441204 0.041146 0.045370
0 0.051823 0.638889 0.024479 0.066667
0 0.478906 0.361111 0.031771 0.053704
0 0.274740 0.103241 0.033854 0.052778
0 0.585677 0.110185 0.021354 0.053704
0 0.346354 0.488426 0.021875 0.071296
0 0.921875 0.758333 0.028125 0.062963
0 0.314323 0.267130 0.039062 0.036111
0 0.653646 0.085648 0.020833 0.060185
0 0.499219 0.392130 0.020313 0.065741
0 0.813021 0.262037 0.032292 0.059259
0 0.736979 0.256019 0.020833 0.062037
0 0.493229 0.197685 0.030208 0.050926
0 0.259635 0.553241 0.020313 0.067593
0 0.487760 0.828704 0.030729 0.057407
0 0.078385 0.834259 0.034896 0.038889
0 0.649219 0.226852 0.030729 0.046296
0 0.698958 0.693981 0.020833 0.062037
0 0.104948 0.555556 0.040104 0.037037
0 0.953125 0.607870 0.023958 0.060185
0 0.501563 0.065741 0.021875 0.064815
0 0.725781 0.563426 0.026562 0.065741
0 0.158854 0.310185 0.041667 0.038889
0 0.683333 0.510648 0.020833 0.062037
0 0.260937 0.170833 0.039583 0.045370
0 0.152865 0.696759 0.027604 0.063889
0 0.444531 0.081019 0.028646 0.058333
0 0.832292 0.175000 0.026042 0.062963
0 0.446615 0.556944 0.036979 0.034259
0 0.080469 0.589815 0.035937 0.038889
0 0.826042 0.522222 0.022917 0.061111
0 0.701823 0.502315 0.029687 0.056481
0 0.406771 0.263426 0.022917 0.058333
0 0.098437 0.403241 0.027083 0.071296
0 0.673958 0.624074 0.031250 0.035185
0 0.514844 0.466204 0.034896 0.037963
0 0.353125 0.249537 0.037500 0.041667
0 0.025260 0.725926 0.028646 0.068519
0 0.946875 0.750926 0.025000 0.062963
0 0.114583 0.671759 0.043750 0.037963
0 0.759115 0.261574 0.019271 0.056481
0 0.810677 0.830556 0.033854 0.055556
0 0.401823 0.347222 0.030729 0.059259
0 0.537760 0.748148 0.031771 0.057407
0 0.381771 0.311111 0.035417 0.051852
0 0.156510 0.525926 0.038021 0.057407
0 0.780469 0.452778 0.032813 0.040741
0 0.453646 0.444907 0.020833 0.073148
0 0.828385 0.774537 0.024479 0.065741
0 0.256250 0.231481 0.036458 0.042593
0 0.720573 0.169907 0.033854 0.041667
0 0.234375 0.254167 0.026042 0.067593
0 0.679427 0.812500 0.033854 0.049074
0 0.117188 0.160185 0.036458 0.059259
0 0.327344 0.442130 0.038021 0.034259
0 0.715625 0.834722 0.018750 0.071296
0 0.095833 0.777778 0.039583 0.035185
0 0.906510 0.179167 0.035937 0.050926
0 0.076823 0.657407 0.044271 0.037037
0 0.082812 0.513426 0.029167 0.058333
0 0.471875 0.059259 0.020833 0.064815
0 0.061198 0.293056 0.036979 0.043519
0 0.446354 0.514352 0.034375 0.037963
0 0.785417 0.529630 0.025000 0.057407
0 0.882292 0.233333 0.021875 0.068519
0 0.171094 0.766204 0.035937 0.037963
0 0.310156 0.147685 0.032813 0.043519
0 0.508333 0.163426 0.020833 0.056481
0 0.695052 0.882870 0.035937 0.045370
0 0.743490 0.102778 0.029687 0.040741
0 0.041927 0.550463 0.034896 0.034259
0 0.649219 0.190741 0.030729 0.051852
0 0.189323 0.175000 0.036979 0.042593
0 0.864844 0.788426 0.038021 0.050926
0 0.230990 0.185185 0.030729 0.053704
0 0.526563 0.725000 0.022917 0.062963
0 0.226823 0.102778 0.038021 0.042593
0 0.444010 0.125000 0.031771 0.037037
0 0.622396 0.097685 0.032292 0.034259
0 0.033073 0.488426 0.024479 0.071296
0 0.695052 0.087037 0.038021 0.035185
0 0.534896 0.375000 0.027083 0.048148
0 0.563281 0.172222 0.035937 0.035185
0 0.173437 0.903241 0.036458 0.047222
0 0.845833 0.826389 0.022917 0.060185
0 0.784896 0.200463 0.036458 0.052778
0 0.876563 0.360185 0.021875 0.066667
0 0.535417 0.332407 0.029167 0.042593
0 0.430990 0.256019 0.034896 0.034259
0 0.785417 0.089815 0.021875 0.057407
0 0.795052 0.502778 0.035937 0.044444
0 0.859115 0.754167 0.035937 0.045370
0 0.283854 0.048611 0.035417 0.047222
0 0.937500 0.443981 0.039583 0.041667
0 0.359635 0.063889 0.036979 0.044444
0 0.732812 0.516204 0.032292 0.045370
0 0.165885 0.589352 0.028646 0.069444
0 0.590365 0.337500 0.032813 0.032407
0 0.891927 0.907407 0.034896 0.053704
0 0.740104 0.198611 0.025000 0.060185
0 0.094792 0.140741 0.038542 0.038889
0 0.918490 0.130093 0.036979 0.047222
0 0.916667 0.357870 0.023958 0.054630
0 0.879167 0.759259 0.030208 0.040741
0 0.089583 0.462037 0.025000 0.046296
0 0.394010 0.028241 0.033854 0.039815
0 0.357031 0.539815 0.033854 0.027778
0 0.125521 0.924537 0.031250 0.060185
0 0.043490 0.817130 0.030729 0.067593
0 0.638542 0.466204 0.035417 0.043519
0 0.055469 0.881944 0.041146 0.034259
0 0.639844 0.799537 0.035937 0.041667
0 0.110417 0.861574 0.033333 0.037963
0 0.903646 0.070370 0.028125 0.055556
0 0.250000 0.028241 0.021875 0.054630
0 0.608854 0.430093 0.027083 0.041667
0 0.907031 0.897222 0.029687 0.062963
0 0.197396 0.686574 0.031250 0.063889
0 0.397917 0.886111 0.039583 0.048148
0 0.237240 0.806019 0.034896 0.075000
0 0.575521 0.303704 0.021875 0.053704
0 0.873177 0.121759 0.040104 0.034259
0 0.505208 0.818981 0.018750 0.062037
0 0.952865 0.403704 0.026562 0.070370
0 0.813542 0.913426 0.026042 0.058333
0 0.797135 0.057870 0.026562 0.043519
0 0.691406 0.834259 0.032813 0.040741
0 0.871354 0.066204 0.018750 0.067593
0 0.120573 0.053241 0.031771 0.062037
0 0.479948 0.883796 0.033854 0.047222
0 0.231250 0.919444 0.039583 0.050000
0 0.952865 0.087500 0.034896 0.034259
0 0.166927 0.934259 0.036979 0.035185
0 0.983073 0.080093 0.027604 0.034259
0 0.718490 0.028704 0.031771 0.055556
0 0.348177 0.920370 0.036979 0.048148
0 0.987500 0.469444 0.022917 0.031481
0 0.049740 0.089815 0.021354 0.068519
0 0.655990 0.925926 0.017188 0.062963
0 0.156510 0.050926 0.016146 0.038889
0 0.008854 0.683796 0.016667 0.043519
0 0.634896 0.018981 0.040625 0.036111
0 0.037760 0.329630 0.024479 0.031481
0 0.092448 0.973611 0.026562 0.030556
0 0.732812 0.930093 0.034375 0.041667
0 0.423177 0.011111 0.018229 0.020370
0 0.289062 0.975463 0.036458 0.030556
0 0.151042 0.974074 0.039583 0.035185
0 0.230469 0.462037 0.018229 0.035185
0 0.057031 0.973611 0.036979 0.032407
0 0.835156 0.959722 0.040104 0.062037
0 0.923177 0.965741 0.050521 0.051852
0 0.987500 0.238889 0.022917 0.037037
0 0.008333 0.862963 0.015625 0.062963
0 0.275260 0.008796 0.021354 0.015741
0 0.865104 0.969907 0.050000 0.060185
0 0.631250 0.969907 0.040625 0.036111
0 0.005990 0.925000 0.010937 0.035185
0 0.766406 0.966667 0.054688 0.066667
0 0.475781 0.282870 0.033854 0.049074
0 0.588021 0.545833 0.026042 0.065741
0 0.604167 0.975463 0.030208 0.028704
0 0.681771 0.900926 0.021875 0.031481
0 0.985938 0.868519 0.026042 0.027778
0 0.993490 0.849074 0.013021 0.031481
0 0.985156 0.013889 0.027604 0.025926
0 0.661198 0.155093 0.018229 0.071296
0 0.634115 0.145370 0.025521 0.053704
0 0.526302 0.195370 0.043229 0.033333
0 0.535417 0.246759 0.021875 0.063889
0 0.494271 0.251852 0.031250 0.059259
0 0.515104 0.293519 0.039583 0.033333
0 0.402604 0.065278 0.022917 0.050926
0 0.421354 0.068981 0.018750 0.049074
0 0.223438 0.286111 0.039583 0.035185
0 0.108333 0.931481 0.020833 0.044444
0 0.987240 0.975926 0.024479 0.016667
0 0.438542 0.010185 0.015625 0.018519
0 0.375260 0.009722 0.016146 0.017593
0 0.676823 0.419907 0.016146 0.025000
0 0.629167 0.443981 0.014583 0.026852
0 0.729688 0.772222 0.017708 0.025926
0 0.637500 0.770833 0.016667 0.047222
