0 0.675521 0.234722 0.017708 0.063889
0 0.532813 0.416204 0.026042 0.060185
0 0.554948 0.299074 0.019271 0.070370
0 0.622917 0.606944 0.035417 0.052778
0 0.713021 0.265741 0.019792 0.066667
0 0.633073 0.517130 0.032813 0.045370
0 0.695052 0.537963 0.028646 0.055556
0 0.563802 0.213889 0.022396 0.062963
0 0.704688 0.348148 0.032292 0.046296
0 0.268229 0.777778 0.032292 0.055556
0 0.786719 0.362963 0.033854 0.050000
0 0.354687 0.317593 0.028125 0.064815
0 0.725521 0.414815 0.021875 0.066667
0 0.723177 0.562963 0.022396 0.062963
0 0.629167 0.426389 0.034375 0.047222
0 0.750781 0.614815 0.022396 0.053704
0 0.631250 0.687037 0.028125 0.057407
0 0.485156 0.489815 0.029687 0.055556
0 0.496354 0.318056 0.033333 0.037963
0 0.197917 0.381481 0.029167 0.053704
0 0.620833 0.330556 0.029167 0.055556
0 0.677083 0.148611 0.030208 0.052778
0 0.670573 0.536574 0.020313 0.065741
0 0.682031 0.330093 0.019271 0.063889
0 0.638281 0.116667 0.018229 0.062963
0 0.170052 0.326389 0.019271 0.067593
0 0.648698 0.229167 0.017188 0.056481
0 0.801562 0.423148 0.037500 0.048148
0 0.392969 0.403704 0.032813 0.059259
0 0.168490 0.228704 0.027604 0.064815
0 0.576823 0.154167 0.031771 0.043519
0 0.233854 0.222685 0.031250 0.067593
0 0.479167 0.230093 0.025000 0.063889
0 0.811979 0.274074 0.023958 0.064815
0 0.248698 0.715741 0.035937 0.048148
0 0.633594 0.467593 0.034896 0.037037
0 0.673698 0.474537 0.028646 0.043519
0 0.698438 0.588426 0.036458 0.037963
0 0.599479 0.270833 0.034375 0.050926
0 0.802604 0.156944 0.025000 0.060185
0 0.629948 0.556019 0.034896 0.037963
0 0.198437 0.250926 0.032292 0.059259
0 0.902604 0.405556 0.035417 0.038889
0 0.860156 0.675000 0.027604 0.059259
0 0.579167 0.307870 0.033333 0.052778
0 0.611198 0.125463 0.018229 0.058333
0 0.537240 0.223148 0.033854 0.042593
0 0.476562 0.059722 0.017708 0.065741
0 0.777083 0.130556 0.021875 0.062963
0 0.400000 0.523148 0.028125 0.061111
0 0.370312 0.381481 0.022917 0.062963
0 0.905990 0.473148 0.020313 0.070370
0 0.520573 0.602778 0.024479 0.064815
0 0.498958 0.537500 0.034375 0.039815
0 0.734896 0.236111 0.019792 0.062963
0 0.474479 0.423148 0.035417 0.037037
0 0.622917 0.167130 0.018750 0.054630
0 0.248177 0.646296 0.026562 0.066667
0 0.693490 0.071759 0.025521 0.052778
0 0.225260 0.518056 0.033854 0.052778
0 0.186719 0.747222 0.025521 0.064815
0 0.845573 0.433796 0.022396 0.058333
0 0.883073 0.361574 0.020313 0.065741
0 0.313021 0.744907 0.030208 0.058333
0 0.561198 0.809259 0.033854 0.055556
0 0.810677 0.766204 0.029687 0.049074
0 0.916146 0.171759 0.020833 0.067593
0 0.828906 0.401389 0.022396 0.062037
0 0.422656 0.762963 0.033854 0.051852
0 0.219010 0.732870 0.038021 0.041667
0 0.894271 0.164815 0.021875 0.061111
0 0.397396 0.802315 0.035417 0.060185
0 0.283854 0.229630 0.030208 0.062963
0 0.864062 0.456019 0.032292 0.047222
0 0.226302 0.372685 0.027604 0.065741
0 0.731250 0.620833 0.021875 0.058333
0 0.819010 0.622222 0.027604 0.061111
0 0.656510 0.169444 0.029687 0.038889
0 0.383073 0.229630 0.025521 0.066667
0 0.287760 0.740278 0.022396 0.065741
0 0.330990 0.710185 0.032813 0.044444
0 0.657031 0.087963 0.022396 0.059259
0 0.830729 0.165278 0.026042 0.062037
0 0.438281 0.857870 0.022396 0.065741
0 0.651042 0.306481 0.035417 0.038889
0 0.209375 0.193981 0.028125 0.063889
0 0.840104 0.641204 0.019792 0.065741
0 0.771354 0.658333 0.037500 0.042593
0 0.866406 0.876852 0.029687 0.050000
0 0.293750 0.658333 0.034375 0.046296
0 0.446875 0.667130 0.019792 0.058333
0 0.937240 0.280556 0.027604 0.057407
0 0.670052 0.859722 0.019271 0.063889
0 0.874219 0.491204 0.035937 0.045370
0 0.411979 0.280093 0.021875 0.071296
0 0.720052 0.043519 0.023438 0.064815
0 0.518229 0.132407 0.037500 0.051852
0 0.384635 0.085185 0.033854 0.057407
0 0.965365 0.299537 0.029687 0.058333
0 0.519271 0.075000 0.017708 0.066667
0 0.802604 0.487500 0.046875 0.037963
0 0.457813 0.168056 0.036458 0.039815
0 0.912760 0.648148 0.036979 0.042593
0 0.356250 0.825463 0.035417 0.047222
0 0.445573 0.117593 0.036979 0.048148
0 0.396615 0.718981 0.036979 0.041667
0 0.461198 0.096759 0.032813 0.056481
0 0.435937 0.808333 0.036458 0.037037
0 0.321094 0.847685 0.021354 0.065741
0 0.970573 0.525926 0.024479 0.066667
0 0.437760 0.220370 0.036979 0.044444
0 0.655469 0.277315 0.034896 0.036111
0 0.919531 0.739352 0.036979 0.032407
0 0.557031 0.629630 0.020313 0.061111
0 0.839063 0.750000 0.032292 0.044444
0 0.807813 0.839815 0.032292 0.033333
0 0.923177 0.697222 0.036979 0.040741
0 0.377344 0.558333 0.020313 0.066667
0 0.144271 0.756944 0.040625 0.060185
0 0.746875 0.155093 0.036458 0.041667
0 0.419271 0.661574 0.017708 0.065741
0 0.648958 0.806944 0.021875 0.065741
0 0.206771 0.836574 0.020833 0.065741
0 0.269792 0.113889 0.022917 0.066667
0 0.429427 0.608333 0.036979 0.035185
0 0.348698 0.485185 0.022396 0.072222
0 0.938802 0.573611 0.038021 0.037963
0 0.240365 0.100463 0.038021 0.052778
0 0.696615 0.197685 0.020313 0.065741
0 0.377865 0.899537 0.035937 0.045370
0 0.692708 0.672685 0.025000 0.063889
0 0.543750 0.034259 0.032292 0.046296
0 0.895312 0.345833 0.019792 0.058333
0 0.844531 0.850000 0.019271 0.064815
0 0.154167 0.692593 0.025000 0.064815
0 0.576823 0.715278 0.031771 0.047222
0 0.877604 0.282407 0.034375 0.048148
0 0.503646 0.411111 0.018750 0.064815
0 0.383073 0.041667 0.028646 0.062963
0 0.921875 0.777778 0.020833 0.055556
0 0.422396 0.186111 0.036458 0.037037
0 0.895052 0.601389 0.038021 0.034259
0 0.952865 0.768519 0.024479 0.062963
0 0.889323 0.091204 0.031771 0.047222
0 0.408073 0.134722 0.036979 0.049074
0 0.161719 0.523611 0.040104 0.037963
0 0.136719 0.605093 0.031771 0.063889
0 0.871094 0.063426 0.019271 0.067593
0 0.572396 0.629167 0.017708 0.058333
0 0.488021 0.872222 0.022917 0.068519
0 0.704688 0.828704 0.031250 0.062963
0 0.773698 0.296296 0.035937 0.050000
0 0.454167 0.548611 0.019792 0.050926
0 0.904427 0.115741 0.040104 0.037037
0 0.789323 0.713426 0.029687 0.050926
0 0.155208 0.488426 0.048958 0.034259
0 0.512760 0.488889 0.028646 0.042593
0 0.608594 0.832870 0.036979 0.041667
0 0.875521 0.825000 0.020833 0.062963
0 0.011979 0.362500 0.022917 0.065741
0 0.513021 0.919444 0.034375 0.050000
0 0.327083 0.219907 0.036458 0.058333
0 0.825000 0.063889 0.034375 0.053704
0 0.985938 0.713426 0.028125 0.054630
0 0.461719 0.874537 0.020313 0.062037
0 0.255990 0.175000 0.027604 0.066667
0 0.091927 0.618519 0.043229 0.046296
0 0.908854 0.280093 0.027083 0.063889
0 0.896094 0.908333 0.023438 0.066667
0 0.786198 0.034259 0.019271 0.066667
0 0.519010 0.893056 0.032813 0.043519
0 0.235156 0.824537 0.032813 0.047222
0 0.829427 0.227315 0.044271 0.039815
0 0.914844 0.868056 0.022396 0.060185
0 0.040885 0.593519 0.030729 0.061111
0 0.042448 0.333333 0.041146 0.044444
0 0.310937 0.612037 0.018750 0.068519
0 0.596875 0.868519 0.026042 0.050000
0 0.768750 0.249537 0.023958 0.043519
0 0.526042 0.856481 0.031250 0.038889
0 0.299219 0.351389 0.038021 0.065741
0 0.893229 0.300463 0.034375 0.036111
0 0.989583 0.429167 0.020833 0.056481
0 0.562240 0.756944 0.034896 0.043519
0 0.932813 0.535185 0.017708 0.044444
0 0.039323 0.538426 0.039062 0.058333
0 0.619271 0.868981 0.020833 0.056481
0 0.132812 0.461111 0.028125 0.061111
0 0.589583 0.365741 0.018750 0.044444
0 0.984896 0.853241 0.027083 0.065741
0 0.544792 0.942130 0.020833 0.071296
0 0.513021 0.938426 0.027083 0.050926
0 0.872656 0.938426 0.030729 0.058333
0 0.578906 0.942130 0.024479 0.069444
0 0.020833 0.844444 0.038542 0.042593
0 0.054427 0.265741 0.046354 0.050000
0 0.567448 0.880556 0.034896 0.048148
0 0.359896 0.024537 0.028125 0.047222
0 0.475521 0.916204 0.018750 0.058333
0 0.021875 0.253704 0.028125 0.050000
0 0.014323 0.140741 0.027604 0.062963
0 0.125521 0.056944 0.038542 0.060185
0 0.082812 0.110185 0.025000 0.074074
0 0.611198 0.910185 0.031771 0.038889
0 0.994271 0.245370 0.011458 0.059259
0 0.248958 0.017593 0.023958 0.033333
0 0.178906 0.144907 0.024479 0.049074
0 0.394531 0.875463 0.025521 0.034259
0 0.343750 0.049537 0.028125 0.037963
0 0.522135 0.964815 0.027604 0.057407
0 0.727344 0.951852 0.033854 0.048148
0 0.445833 0.953704 0.025000 0.066667
0 0.608073 0.953241 0.019271 0.062037
0 0.634896 0.964815 0.022917 0.055556
0 0.041146 0.206019 0.017708 0.036111
0 0.229948 0.455093 0.019271 0.028704
0 0.147135 0.946296 0.027604 0.061111
0 0.932031 0.954630 0.043229 0.051852
0 0.567969 0.383333 0.014063 0.025926
0 0.816667 0.972685 0.031250 0.047222
0 0.032031 0.917593 0.033854 0.040741
0 0.758073 0.932407 0.033854 0.046296
0 0.662760 0.966667 0.030729 0.051852
0 0.012760 0.876389 0.024479 0.054630
0 0.266146 0.453241 0.028125 0.032407
0 0.747396 0.975000 0.036458 0.046296
0 0.006510 0.043519 0.011979 0.027778
0 0.642708 0.013426 0.015625 0.025000
0 0.255729 0.986111 0.036458 0.027778
0 0.489583 0.982870 0.032292 0.032407
0 0.175000 0.971759 0.028125 0.043519
0 0.088542 0.983796 0.027083 0.030556
0 0.922917 0.898148 0.030208 0.027778
0 0.308594 0.969444 0.035937 0.018519
0 0.354948 0.979167 0.031771 0.041667
0 0.418229 0.958796 0.026042 0.013889
0 0.709896 0.974537 0.032292 0.037963
0 0.049740 0.969907 0.025521 0.047222
0 0.551823 0.500926 0.016146 0.031481
0 0.990885 0.499074 0.018229 0.064815
0 0.990625 0.362500 0.017708 0.067593
0 0.779427 0.703704 0.021354 0.059259
0 0.577604 0.198611 0.020833 0.045370
0 0.593490 0.222685 0.040104 0.050926
0 0.489063 0.244444 0.012500 0.031481
0 0.625781 0.108796 0.019271 0.030556
0 0.981771 0.964815 0.034375 0.040741
0 0.993750 0.926389 0.011458 0.032407
0 0.792188 0.275926 0.018750 0.061111
0 0.498958 0.920370 0.034375 0.050000
0 0.696615 0.903241 0.020313 0.028704
0 0.417708 0.132870 0.018750 0.043519
0 0.976823 0.880093 0.020313 0.032407
