0 0.325781 0.380093 0.035937 0.052778
0 0.289062 0.581019 0.031250 0.058333
0 0.493229 0.358333 0.025000 0.064815
0 0.519792 0.435185 0.036458 0.051852
0 0.487760 0.298148 0.025521 0.064815
0 0.422917 0.625000 0.033333 0.046296
0 0.849479 0.604167 0.025000 0.062037
0 0.416667 0.264352 0.026042 0.065741
0 0.668490 0.087500 0.018229 0.067593
0 0.650521 0.186574 0.025000 0.062037
0 0.346615 0.673148 0.026562 0.064815
0 0.493490 0.418056 0.021354 0.062037
0 0.756250 0.460648 0.033333 0.056481
0 0.755469 0.577778 0.026562 0.062963
0 0.596094 0.423148 0.026562 0.057407
0 0.490365 0.516204 0.025521 0.060185
0 0.691667 0.413889 0.038542 0.038889
0 0.383854 0.254167 0.029167 0.056481
0 0.840625 0.356481 0.020833 0.066667
0 0.439063 0.263426 0.018750 0.067593
0 0.250521 0.357407 0.027083 0.064815
0 0.555208 0.473611 0.031250 0.049074
0 0.266146 0.490741 0.025000 0.066667
0 0.495312 0.724074 0.031250 0.059259
0 0.300521 0.241667 0.029167 0.064815
0 0.339583 0.232407 0.027083 0.061111
0 0.533073 0.644444 0.030729 0.053704
0 0.800521 0.089815 0.025000 0.062963
0 0.644271 0.531019 0.023958 0.062037
0 0.851302 0.505556 0.022396 0.062963
0 0.659375 0.412037 0.028125 0.068519
0 0.786458 0.331944 0.029167 0.058333
0 0.579688 0.457870 0.027083 0.058333
0 0.875260 0.356944 0.030729 0.052778
0 0.268750 0.556019 0.022917 0.063889
0 0.244531 0.644907 0.030729 0.065741
0 0.733073 0.545370 0.022396 0.066667
0 0.573958 0.546759 0.033333 0.043519
0 0.333854 0.332870 0.027083 0.067593
0 0.734635 0.399074 0.033854 0.057407
0 0.550000 0.110648 0.020833 0.071296
0 0.690104 0.348148 0.018750 0.062963
0 0.645312 0.305556 0.018750 0.061111
0 0.297656 0.117593 0.023438 0.070370
0 0.832292 0.483333 0.027083 0.064815
0 0.639323 0.806944 0.033854 0.060185
0 0.550521 0.187963 0.020833 0.066667
0 0.742448 0.648611 0.019271 0.062037
0 0.209896 0.390741 0.022917 0.068519
0 0.529427 0.211111 0.020313 0.064815
0 0.237760 0.406481 0.034896 0.053704
0 0.665365 0.518981 0.019271 0.065741
0 0.706771 0.269444 0.025000 0.050000
0 0.826823 0.668519 0.021354 0.064815
0 0.442969 0.811111 0.021354 0.072222
0 0.924479 0.342593 0.019792 0.066667
0 0.697396 0.603704 0.021875 0.064815
0 0.706250 0.190278 0.018750 0.063889
0 0.352344 0.434722 0.019271 0.065741
0 0.455990 0.548611 0.032813 0.047222
0 0.276042 0.250000 0.018750 0.062963
0 0.875781 0.852778 0.026562 0.051852
0 0.798698 0.209259 0.027604 0.055556
0 0.882031 0.737037 0.029687 0.055556
0 0.244531 0.479630 0.022396 0.068519
0 0.798958 0.485185 0.034375 0.061111
0 0.382292 0.791204 0.023958 0.071296
0 0.354167 0.880556 0.023958 0.059259
0 0.369792 0.426389 0.018750 0.067593
0 0.575000 0.281944 0.033333 0.039815
0 0.811719 0.118981 0.023438 0.062037
0 0.410677 0.539352 0.021354 0.069444
0 0.783333 0.695370 0.029167 0.040741
0 0.782552 0.136111 0.019271 0.061111
0 0.251563 0.149537 0.019792 0.075000
0 0.480990 0.636574 0.028646 0.065741
0 0.525260 0.604630 0.028646 0.055556
0 0.420833 0.141667 0.016667 0.068519
0 0.909375 0.118056 0.028125 0.058333
0 0.283333 0.661574 0.017708 0.065741
0 0.335156 0.455093 0.019271 0.065741
0 0.373958 0.151852 0.032292 0.044444
0 0.760156 0.163889 0.024479 0.075926
0 0.946094 0.141204 0.023438 0.063889
0 0.825781 0.305093 0.031771 0.050926
0 0.429427 0.081944 0.019271 0.065741
0 0.757292 0.846296 0.034375 0.040741
0 0.849740 0.690278 0.032813 0.039815
0 0.422396 0.200463 0.022917 0.052778
0 0.848437 0.275926 0.029167 0.057407
0 0.870833 0.428704 0.019792 0.064815
0 0.848437 0.850000 0.030208 0.051852
0 0.923177 0.162963 0.022396 0.062963
0 0.772656 0.611574 0.019271 0.060185
0 0.661198 0.653241 0.018229 0.062037
0 0.605208 0.081019 0.017708 0.065741
0 0.802865 0.806481 0.021354 0.062963
0 0.453385 0.763889 0.022396 0.072222
0 0.901563 0.400000 0.033333 0.053704
0 0.914583 0.556481 0.032292 0.061111
0 0.245312 0.853241 0.030208 0.060185
0 0.955729 0.358796 0.032292 0.056481
0 0.590104 0.612037 0.034375 0.040741
0 0.882552 0.507870 0.034896 0.032407
0 0.962500 0.424074 0.020833 0.062963
0 0.730208 0.138426 0.031250 0.049074
0 0.413281 0.849074 0.020313 0.066667
0 0.794531 0.737963 0.033854 0.038889
0 0.477083 0.049537 0.023958 0.060185
0 0.830729 0.414352 0.034375 0.037963
0 0.879167 0.249074 0.023958 0.064815
0 0.363802 0.521759 0.017188 0.060185
0 0.354427 0.177315 0.034896 0.037963
0 0.325000 0.087037 0.021875 0.062963
0 0.575260 0.748611 0.030729 0.058333
0 0.359375 0.604167 0.034375 0.030556
0 0.603385 0.815278 0.033854 0.043519
0 0.442969 0.705093 0.036979 0.036111
0 0.296615 0.494444 0.019271 0.066667
0 0.767448 0.744444 0.021354 0.066667
0 0.768750 0.495833 0.025000 0.067593
0 0.677865 0.038889 0.034896 0.040741
0 0.474740 0.733796 0.021354 0.069444
0 0.915625 0.514815 0.031250 0.057407
0 0.967969 0.737500 0.032813 0.041667
0 0.315625 0.472685 0.018750 0.063889
0 0.395313 0.473148 0.036458 0.035185
0 0.171354 0.845833 0.034375 0.062037
0 0.125521 0.278241 0.031250 0.067593
0 0.733073 0.816667 0.031771 0.037037
0 0.448698 0.107407 0.017188 0.068519
0 0.301042 0.676389 0.021875 0.067593
0 0.812240 0.367130 0.033854 0.037963
0 0.380729 0.044907 0.022917 0.065741
0 0.433333 0.581481 0.032292 0.031481
0 0.854688 0.095833 0.037500 0.037963
0 0.886979 0.644444 0.033333 0.053704
0 0.325521 0.851852 0.017708 0.068519
0 0.750521 0.762963 0.016667 0.062963
0 0.143750 0.571759 0.023958 0.069444
0 0.870313 0.768519 0.036458 0.037037
0 0.250000 0.064352 0.018750 0.069444
0 0.626302 0.612037 0.031771 0.038889
0 0.432292 0.863426 0.017708 0.062037
0 0.895833 0.053704 0.023958 0.064815
0 0.592969 0.887037 0.034896 0.051852
0 0.846354 0.749074 0.023958 0.059259
0 0.762500 0.280556 0.029167 0.057407
0 0.364323 0.228704 0.030729 0.040741
0 0.154167 0.692130 0.036458 0.049074
0 0.943490 0.383796 0.036979 0.039815
0 0.830729 0.815741 0.035417 0.038889
0 0.849219 0.056019 0.034896 0.041667
0 0.838281 0.136574 0.035937 0.054630
0 0.163021 0.263889 0.028125 0.064815
0 0.639844 0.751389 0.036979 0.056481
0 0.216146 0.063426 0.020833 0.067593
0 0.930469 0.764815 0.030729 0.033333
0 0.104948 0.748611 0.035937 0.045370
0 0.165625 0.743519 0.026042 0.070370
0 0.987500 0.345833 0.023958 0.063889
0 0.565625 0.809722 0.020833 0.069444
0 0.875260 0.307870 0.022396 0.049074
0 0.467448 0.683796 0.036979 0.036111
0 0.852083 0.786111 0.036458 0.038889
0 0.180208 0.590741 0.041667 0.057407
0 0.270573 0.358796 0.020313 0.050926
0 0.980208 0.142593 0.023958 0.059259
0 0.213021 0.526852 0.022917 0.046296
0 0.443229 0.035648 0.035417 0.039815
0 0.582812 0.365741 0.028125 0.046296
0 0.105208 0.897222 0.036458 0.046296
0 0.184896 0.323611 0.023958 0.039815
0 0.538021 0.866667 0.030208 0.057407
0 0.322135 0.122222 0.030729 0.046296
0 0.824479 0.892593 0.027083 0.070370
0 0.102604 0.464815 0.023958 0.070370
0 0.663802 0.889815 0.023438 0.050000
0 0.051562 0.429630 0.029167 0.059259
0 0.084115 0.674074 0.026562 0.064815
0 0.944010 0.047685 0.026562 0.056481
0 0.694531 0.020833 0.033854 0.039815
0 0.262240 0.913889 0.027604 0.053704
0 0.174479 0.793519 0.039583 0.048148
0 0.956250 0.687037 0.044792 0.050000
0 0.602344 0.768519 0.033854 0.038889
0 0.218750 0.920370 0.020833 0.062963
0 0.401562 0.904167 0.038542 0.039815
0 0.312500 0.916204 0.019792 0.067593
0 0.232813 0.819907 0.028125 0.043519
0 0.454688 0.890741 0.017708 0.050000
0 0.041927 0.377778 0.036979 0.051852
0 0.407031 0.947685 0.019271 0.063889
0 0.794010 0.931019 0.019271 0.065741
0 0.025521 0.793519 0.032292 0.068519
0 0.434896 0.937963 0.029167 0.055556
0 0.942187 0.856481 0.023958 0.046296
0 0.523177 0.387963 0.022396 0.042593
0 0.139063 0.922222 0.039583 0.040741
0 0.994010 0.581481 0.010937 0.061111
0 0.112760 0.096759 0.034896 0.054630
0 0.576562 0.721759 0.031250 0.039815
0 0.116927 0.038426 0.038021 0.036111
0 0.971875 0.874537 0.033333 0.045370
0 0.266146 0.954630 0.026042 0.055556
0 0.919271 0.886111 0.031250 0.048148
0 0.091406 0.190741 0.027604 0.068519
0 0.993750 0.450000 0.011458 0.048148
0 0.014063 0.887500 0.027083 0.073148
0 0.215625 0.677778 0.027083 0.031481
0 0.023438 0.250926 0.036458 0.055556
0 0.562760 0.943056 0.034896 0.056481
0 0.601302 0.944907 0.033854 0.032407
0 0.590104 0.143981 0.015625 0.032407
0 0.383333 0.555093 0.016667 0.030556
0 0.405990 0.157407 0.014063 0.033333
0 0.011719 0.377778 0.022396 0.061111
0 0.079948 0.038426 0.026562 0.067593
0 0.964063 0.051852 0.025000 0.051852
0 0.878646 0.937963 0.029167 0.044444
0 0.477865 0.954630 0.050521 0.062963
0 0.760417 0.011111 0.017708 0.020370
0 0.509896 0.975926 0.038542 0.033333
0 0.332552 0.972685 0.036979 0.028704
0 0.126562 0.588889 0.018750 0.038889
0 0.071615 0.589352 0.020313 0.036111
0 0.644271 0.948148 0.030208 0.059259
0 0.060156 0.208333 0.027604 0.055556
0 0.908073 0.966667 0.026562 0.051852
0 0.764323 0.949074 0.035937 0.038889
0 0.987500 0.921759 0.025000 0.041667
0 0.530990 0.036574 0.013021 0.026852
0 0.295312 0.975000 0.040625 0.035185
0 0.106510 0.957870 0.056771 0.049074
0 0.197656 0.972685 0.039062 0.047222
0 0.648177 0.975000 0.036979 0.042593
0 0.946094 0.965278 0.033854 0.032407
0 0.851302 0.937963 0.040104 0.048148
0 0.436979 0.522222 0.032292 0.038889
0 0.608073 0.500463 0.020313 0.063889
0 0.621354 0.522222 0.023958 0.070370
0 0.473438 0.108796 0.028125 0.067593
0 0.530729 0.114815 0.022917 0.072222
0 0.490104 0.224074 0.016667 0.070370
0 0.512760 0.268981 0.017188 0.052778
0 0.514323 0.323611 0.027604 0.037963
0 0.561458 0.216667 0.014583 0.027778
0 0.547656 0.241667 0.015104 0.037037
0 0.647917 0.250463 0.018750 0.067593
0 0.470052 0.011574 0.018229 0.021296
0 0.039062 0.211574 0.025000 0.050926
0 0.159635 0.971759 0.041146 0.049074
0 0.082812 0.968519 0.030208 0.024074
0 0.301563 0.767130 0.013542 0.023148
0 0.579427 0.966204 0.030729 0.025000
0 0.620313 0.976389 0.016667 0.028704
0 0.463802 0.945833 0.029687 0.050926
0 0.682031 0.533333 0.019271 0.070370
0 0.697656 0.509722 0.027604 0.056481
0 0.669010 0.463889 0.040104 0.033333
0 0.640625 0.120833 0.021875 0.062037
0 0.673177 0.131481 0.025521 0.057407
0 0.677083 0.195833 0.019792 0.073148
0 0.881510 0.006944 0.022396 0.012037
0 0.810417 0.443519 0.037500 0.035185
0 0.874740 0.977778 0.025521 0.037037
0 0.465104 0.637037 0.031250 0.027778
0 0.477083 0.577315 0.038542 0.065741
0 0.986198 0.970833 0.027604 0.026852
