0 0.380469 0.223611 0.017188 0.067593
0 0.448177 0.532407 0.028646 0.057407
0 0.711719 0.800000 0.029687 0.044444
0 0.378385 0.545833 0.025521 0.056481
0 0.521354 0.469444 0.034375 0.044444
0 0.516406 0.565278 0.032813 0.045370
0 0.653125 0.816667 0.026042 0.061111
0 0.840625 0.655093 0.030208 0.054630
0 0.518229 0.315278 0.030208 0.054630
0 0.523177 0.642130 0.031771 0.052778
0 0.443750 0.241667 0.021875 0.066667
0 0.526563 0.196296 0.028125 0.051852
0 0.702083 0.237963 0.022917 0.062963
0 0.900260 0.481944 0.021354 0.063889
0 0.339844 0.570370 0.029687 0.066667
0 0.189583 0.466667 0.031250 0.044444
0 0.688021 0.150926 0.019792 0.059259
0 0.315625 0.411574 0.023958 0.060185
0 0.842969 0.461111 0.026562 0.061111
0 0.429688 0.707870 0.023958 0.060185
0 0.641667 0.232870 0.016667 0.060185
0 0.578385 0.482407 0.024479 0.057407
0 0.450260 0.586111 0.033854 0.037037
0 0.457031 0.755556 0.031771 0.066667
0 0.606510 0.265741 0.024479 0.057407
0 0.546094 0.623148 0.030729 0.061111
0 0.479948 0.651389 0.034896 0.045370
0 0.438281 0.817130 0.034896 0.050926
0 0.956250 0.505093 0.022917 0.065741
0 0.356771 0.089815 0.018750 0.062963
0 0.407031 0.192593 0.024479 0.064815
0 0.551302 0.294907 0.018229 0.067593
0 0.392708 0.276852 0.020833 0.068519
0 0.728646 0.727315 0.023958 0.060185
0 0.934115 0.422685 0.026562 0.060185
0 0.684375 0.543519 0.025000 0.062963
0 0.810417 0.428704 0.018750 0.066667
0 0.745313 0.672685 0.021875 0.056481
0 0.661719 0.118056 0.027604 0.050926
0 0.614323 0.873611 0.026562 0.062037
0 0.626042 0.267593 0.027083 0.055556
0 0.522656 0.074537 0.019271 0.071296
0 0.684375 0.617130 0.023958 0.054630
0 0.487500 0.494907 0.034375 0.037963
0 0.673438 0.230556 0.016667 0.061111
0 0.463802 0.067593 0.023438 0.068519
0 0.847396 0.761111 0.018750 0.057407
0 0.808854 0.551389 0.027083 0.058333
0 0.838281 0.839352 0.034896 0.036111
0 0.491146 0.071759 0.028125 0.054630
0 0.504687 0.392130 0.017708 0.065741
0 0.430208 0.641204 0.034375 0.036111
0 0.815104 0.861111 0.025000 0.059259
0 0.725000 0.563889 0.025000 0.062963
0 0.377865 0.050463 0.022396 0.063889
0 0.554427 0.093519 0.028646 0.051852
0 0.188021 0.700000 0.027083 0.057407
0 0.960677 0.554630 0.032813 0.048148
0 0.742969 0.617593 0.022396 0.055556
0 0.271354 0.135648 0.032292 0.060185
0 0.396875 0.082870 0.027083 0.056481
0 0.582292 0.204167 0.029167 0.049074
0 0.707812 0.313889 0.019792 0.064815
0 0.940365 0.639815 0.038021 0.038889
0 0.875521 0.645370 0.029167 0.044444
0 0.917188 0.311111 0.019792 0.066667
0 0.192969 0.150926 0.022396 0.064815
0 0.820052 0.246296 0.020313 0.064815
0 0.298958 0.448611 0.037500 0.045370
0 0.396875 0.736111 0.036458 0.037037
0 0.834635 0.155093 0.024479 0.054630
0 0.353385 0.273148 0.039062 0.037037
0 0.864844 0.147685 0.022396 0.060185
0 0.868750 0.489815 0.039583 0.040741
0 0.754427 0.356944 0.026562 0.060185
0 0.270833 0.473611 0.022917 0.058333
0 0.759896 0.770833 0.018750 0.052778
0 0.970573 0.826389 0.035937 0.043519
0 0.255729 0.175463 0.018750 0.069444
0 0.714063 0.181481 0.028125 0.055556
0 0.905990 0.382870 0.022396 0.060185
0 0.982552 0.697222 0.031771 0.050000
0 0.721615 0.673611 0.020313 0.062037
0 0.229167 0.446296 0.037500 0.037037
0 0.470313 0.443981 0.019792 0.067593
0 0.804948 0.671296 0.035937 0.057407
0 0.220573 0.748148 0.027604 0.062963
0 0.197135 0.330093 0.034896 0.039815
0 0.657292 0.050000 0.029167 0.053704
0 0.248698 0.647222 0.025521 0.064815
0 0.467187 0.244444 0.016667 0.064815
0 0.267188 0.529630 0.039583 0.044444
0 0.705729 0.683333 0.027083 0.053704
0 0.576823 0.162500 0.032813 0.041667
0 0.880208 0.187500 0.023958 0.056481
0 0.872917 0.808333 0.028125 0.066667
0 0.638802 0.131019 0.015104 0.058333
0 0.420833 0.887037 0.025000 0.057407
0 0.783854 0.708333 0.019792 0.061111
0 0.648698 0.325000 0.019271 0.055556
0 0.700000 0.564352 0.019792 0.062037
0 0.178385 0.097685 0.029687 0.058333
0 0.666406 0.510648 0.028646 0.043519
0 0.398438 0.680556 0.038542 0.040741
0 0.819531 0.341204 0.021354 0.065741
0 0.665625 0.388889 0.033333 0.038889
0 0.295052 0.124074 0.031771 0.059259
0 0.378906 0.833796 0.018229 0.067593
0 0.276302 0.255093 0.035937 0.049074
0 0.411198 0.275463 0.020313 0.067593
0 0.335156 0.769444 0.022396 0.070370
0 0.220833 0.112963 0.037500 0.055556
0 0.835156 0.531481 0.036979 0.035185
0 0.782031 0.330093 0.033854 0.047222
0 0.986198 0.636111 0.027604 0.044444
0 0.814323 0.719444 0.043229 0.042593
0 0.352344 0.487963 0.022396 0.074074
0 0.783333 0.880093 0.032292 0.034259
0 0.367969 0.143519 0.036979 0.040741
0 0.150260 0.353241 0.039062 0.036111
0 0.341927 0.384259 0.035937 0.042593
0 0.627865 0.827315 0.019271 0.058333
0 0.811719 0.159259 0.022396 0.064815
0 0.438802 0.037037 0.028646 0.057407
0 0.639844 0.081944 0.033854 0.039815
0 0.489844 0.704167 0.032813 0.047222
0 0.347135 0.037500 0.032813 0.056481
0 0.523958 0.234722 0.032292 0.032407
0 0.786979 0.915741 0.027083 0.055556
0 0.186979 0.275926 0.026042 0.066667
0 0.878125 0.360648 0.020833 0.060185
0 0.830208 0.080093 0.033333 0.056481
0 0.704688 0.109722 0.036458 0.036111
0 0.413802 0.156019 0.039062 0.037963
0 0.102604 0.456019 0.036458 0.054630
0 0.865365 0.250000 0.036979 0.038889
0 0.910937 0.668981 0.027083 0.032407
0 0.894792 0.598148 0.036458 0.040741
0 0.350000 0.863426 0.036458 0.039815
0 0.282031 0.411574 0.041146 0.039815
0 0.810937 0.617130 0.023958 0.060185
0 0.726562 0.041667 0.019792 0.064815
0 0.874740 0.406944 0.034896 0.043519
0 0.790625 0.583333 0.032292 0.033333
0 0.937760 0.814815 0.021354 0.046296
0 0.742188 0.267130 0.033333 0.041667
0 0.926302 0.153241 0.036979 0.043519
0 0.406510 0.128704 0.038021 0.040741
0 0.890365 0.341204 0.021354 0.062037
0 0.123958 0.463889 0.033333 0.048148
0 0.118750 0.762500 0.035417 0.058333
0 0.905990 0.240278 0.040104 0.045370
0 0.266667 0.828241 0.027083 0.067593
0 0.896094 0.775463 0.031771 0.052778
0 0.093750 0.418056 0.035417 0.045370
0 0.794010 0.297685 0.034896 0.047222
0 0.870573 0.062037 0.023438 0.070370
0 0.764323 0.209722 0.022396 0.063889
0 0.900781 0.809259 0.023438 0.055556
0 0.154688 0.693519 0.023958 0.062963
0 0.687240 0.863426 0.034896 0.032407
0 0.143229 0.200463 0.025000 0.067593
0 0.427865 0.257407 0.019271 0.057407
0 0.953906 0.861111 0.041146 0.037037
0 0.217448 0.611111 0.024479 0.046296
0 0.886458 0.101852 0.040625 0.046296
0 0.115104 0.288426 0.022917 0.067593
0 0.082292 0.127315 0.021875 0.071296
0 0.534375 0.128241 0.038542 0.036111
0 0.736719 0.120833 0.019271 0.041667
0 0.152083 0.303704 0.039583 0.046296
0 0.047656 0.670370 0.036979 0.033333
0 0.738021 0.304630 0.030208 0.035185
0 0.099219 0.537963 0.034896 0.064815
0 0.504948 0.891204 0.036979 0.045370
0 0.853125 0.095370 0.020833 0.062963
0 0.064844 0.167593 0.023438 0.068519
0 0.786198 0.033796 0.019271 0.065741
0 0.069271 0.079630 0.025000 0.068519
0 0.322396 0.531944 0.031250 0.052778
0 0.710156 0.928241 0.029687 0.058333
0 0.875521 0.293519 0.033333 0.035185
0 0.479687 0.020833 0.032292 0.039815
0 0.015104 0.640741 0.023958 0.062963
0 0.976823 0.767593 0.033854 0.042593
0 0.581771 0.714352 0.022917 0.047222
0 0.135156 0.073611 0.040104 0.052778
0 0.045833 0.236111 0.031250 0.074074
0 0.989323 0.271759 0.020313 0.060185
0 0.043750 0.097222 0.021875 0.064815
0 0.251302 0.806481 0.036979 0.046296
0 0.056250 0.356481 0.031250 0.046296
0 0.911719 0.922685 0.019271 0.065741
0 0.448958 0.891204 0.025000 0.049074
0 0.313542 0.927315 0.021875 0.063889
0 0.663802 0.337037 0.018229 0.033333
0 0.395833 0.875926 0.027083 0.035185
0 0.707812 0.884722 0.031250 0.032407
0 0.589583 0.365278 0.018750 0.041667
0 0.830729 0.016667 0.030208 0.031481
0 0.664323 0.946759 0.023438 0.063889
0 0.640365 0.933796 0.033854 0.041667
0 0.931250 0.947222 0.033333 0.053704
0 0.755990 0.953241 0.023438 0.056481
0 0.191927 0.044907 0.040104 0.037963
0 0.689323 0.308333 0.016146 0.035185
0 0.286198 0.023148 0.027604 0.044444
0 0.957031 0.932870 0.026562 0.058333
0 0.007552 0.753704 0.014063 0.038889
0 0.591406 0.947222 0.034896 0.066667
0 0.964063 0.895370 0.041667 0.044444
0 0.494531 0.934259 0.023438 0.066667
0 0.560677 0.037500 0.018229 0.032407
0 0.989844 0.203241 0.019271 0.062037
0 0.789844 0.963426 0.030729 0.052778
0 0.315365 0.965278 0.033854 0.047222
0 0.580729 0.879167 0.036458 0.043519
0 0.343750 0.971759 0.040625 0.045370
0 0.235156 0.827778 0.031771 0.050000
0 0.567969 0.382407 0.014063 0.024074
0 0.562240 0.899537 0.038021 0.034259
0 0.211458 0.941667 0.028125 0.062963
0 0.156250 0.988426 0.026042 0.023148
0 0.197917 0.981019 0.033333 0.037963
0 0.620833 0.967593 0.035417 0.055556
0 0.449479 0.967593 0.029167 0.061111
0 0.677083 0.962500 0.038542 0.071296
0 0.235677 0.987963 0.036979 0.024074
0 0.899479 0.964815 0.025000 0.055556
0 0.012240 0.963889 0.023438 0.044444
0 0.383854 0.970833 0.029167 0.047222
0 0.986198 0.018981 0.022396 0.036111
0 0.551302 0.232870 0.017188 0.028704
0 0.736719 0.219907 0.034896 0.050926
0 0.795573 0.260648 0.024479 0.049074
0 0.764844 0.283796 0.025521 0.041667
0 0.769792 0.247222 0.023958 0.037037
0 0.845052 0.972685 0.033854 0.026852
0 0.921875 0.781481 0.020833 0.055556
0 0.771615 0.978241 0.033854 0.041667
0 0.875260 0.981944 0.040104 0.034259
0 0.296615 0.495833 0.014063 0.026852
0 0.304167 0.527778 0.033333 0.062963
0 0.040885 0.204630 0.019271 0.031481
0 0.432552 0.090741 0.026562 0.074074
0 0.412760 0.091667 0.017188 0.031481
0 0.801562 0.494907 0.038542 0.050926
0 0.899479 0.287500 0.023958 0.056481
0 0.707812 0.618056 0.020833 0.065741
0 0.982031 0.868056 0.035937 0.043519
0 0.993750 0.816667 0.011458 0.042593
0 0.986198 0.975463 0.026562 0.017593
0 0.931510 0.894444 0.027604 0.038889
0 0.008854 0.870370 0.016667 0.050000
