0 0.599740 0.676389 0.026562 0.065741
0 0.623437 0.510648 0.027083 0.062037
0 0.652083 0.405093 0.030208 0.050926
0 0.447135 0.323611 0.029687 0.054630
0 0.540104 0.533333 0.034375 0.042593
0 0.398958 0.375463 0.030208 0.058333
0 0.478125 0.211111 0.021875 0.062963
0 0.449479 0.267593 0.030208 0.059259
0 0.673698 0.645833 0.032813 0.050926
0 0.500781 0.547222 0.034896 0.040741
0 0.807813 0.540741 0.027083 0.050000
0 0.833854 0.423148 0.026042 0.053704
0 0.360156 0.131944 0.027604 0.060185
0 0.674479 0.273148 0.025000 0.061111
0 0.788542 0.482870 0.022917 0.058333
0 0.573177 0.754630 0.033854 0.048148
0 0.318490 0.156019 0.025521 0.060185
0 0.721094 0.568519 0.025521 0.059259
0 0.917708 0.411111 0.030208 0.051852
0 0.590104 0.356944 0.019792 0.060185
0 0.525521 0.078704 0.017708 0.068519
0 0.480729 0.393056 0.025000 0.067593
0 0.591927 0.556944 0.020313 0.063889
0 0.700000 0.571296 0.029167 0.051852
0 0.461719 0.443981 0.027604 0.056481
0 0.086198 0.654167 0.031771 0.063889
0 0.413542 0.312500 0.022917 0.069444
0 0.385156 0.414352 0.026562 0.063889
0 0.555208 0.601389 0.021875 0.062037
0 0.578385 0.638426 0.022396 0.065741
0 0.373958 0.098148 0.023958 0.061111
0 0.433333 0.203241 0.018750 0.063889
0 0.870313 0.458333 0.019792 0.064815
0 0.964063 0.538426 0.026042 0.060185
0 0.779427 0.566204 0.026562 0.054630
0 0.499479 0.392593 0.020833 0.064815
0 0.900521 0.830556 0.033333 0.050000
0 0.192448 0.257870 0.019271 0.069444
0 0.535937 0.313426 0.034375 0.052778
0 0.534375 0.434722 0.029167 0.054630
0 0.771094 0.448611 0.032813 0.054630
0 0.710156 0.522685 0.035937 0.039815
0 0.341146 0.308796 0.036458 0.043519
0 0.566146 0.435185 0.033333 0.051852
0 0.310677 0.294444 0.038021 0.040741
0 0.227083 0.243981 0.018750 0.065741
0 0.786979 0.700463 0.034375 0.049074
0 0.464583 0.705093 0.028125 0.062037
0 0.258333 0.387963 0.034375 0.061111
0 0.651302 0.297222 0.018229 0.066667
0 0.914323 0.167593 0.032813 0.051852
0 0.800521 0.888426 0.029167 0.054630
0 0.314583 0.205093 0.031250 0.052778
0 0.710677 0.807870 0.030729 0.052778
0 0.303385 0.238426 0.031771 0.049074
0 0.653646 0.086111 0.020833 0.057407
0 0.708594 0.619907 0.030729 0.045370
0 0.579948 0.072685 0.024479 0.056481
0 0.497396 0.253241 0.016667 0.065741
0 0.489583 0.719907 0.025000 0.063889
0 0.706250 0.255093 0.031250 0.052778
0 0.623958 0.266667 0.028125 0.050000
0 0.720573 0.669444 0.020313 0.059259
0 0.685156 0.474537 0.032813 0.045370
0 0.622656 0.388889 0.018229 0.062963
0 0.877083 0.359259 0.019792 0.066667
0 0.669792 0.362963 0.017708 0.062963
0 0.414844 0.702778 0.029687 0.061111
0 0.956771 0.368981 0.034375 0.050926
0 0.569010 0.326389 0.034896 0.041667
0 0.955729 0.787963 0.030208 0.053704
0 0.793229 0.841204 0.033333 0.049074
0 0.426042 0.145833 0.036458 0.049074
0 0.620833 0.562500 0.035417 0.032407
0 0.894010 0.629630 0.038021 0.033333
0 0.153906 0.508796 0.033854 0.056481
0 0.733073 0.493519 0.035937 0.037037
0 0.683854 0.090278 0.017708 0.065741
0 0.817708 0.822685 0.022917 0.062037
0 0.702604 0.684722 0.018750 0.063889
0 0.369010 0.581019 0.022396 0.065741
0 0.559896 0.464352 0.032292 0.050926
0 0.528646 0.663889 0.021875 0.062963
0 0.972396 0.722685 0.023958 0.060185
0 0.525260 0.204167 0.030729 0.047222
0 0.421875 0.587963 0.036458 0.044444
0 0.970833 0.670370 0.033333 0.048148
0 0.065104 0.565278 0.034375 0.054630
0 0.366146 0.455093 0.018750 0.067593
0 0.403906 0.077315 0.019271 0.060185
0 0.894792 0.257407 0.031250 0.055556
0 0.846094 0.822222 0.019271 0.064815
0 0.946875 0.446296 0.022917 0.066667
0 0.952344 0.326852 0.035937 0.038889
0 0.927604 0.241204 0.036458 0.045370
0 0.742708 0.658796 0.026042 0.054630
0 0.408854 0.256019 0.036458 0.032407
0 0.857552 0.382870 0.027604 0.056481
0 0.781510 0.797222 0.031771 0.055556
0 0.767708 0.234259 0.032292 0.051852
0 0.053125 0.609259 0.023958 0.066667
0 0.227083 0.105093 0.037500 0.045370
0 0.761458 0.670833 0.032292 0.045370
0 0.357292 0.339352 0.037500 0.037963
0 0.349479 0.247222 0.038542 0.038889
0 0.712500 0.116667 0.034375 0.042593
0 0.402604 0.505556 0.035417 0.051852
0 0.945573 0.849537 0.025521 0.063889
0 0.497396 0.876852 0.022917 0.064815
0 0.345833 0.488889 0.020833 0.074074
0 0.574479 0.546759 0.017708 0.054630
0 0.335677 0.568519 0.019271 0.068519
0 0.200781 0.607870 0.039062 0.039815
0 0.600000 0.039815 0.019792 0.061111
0 0.431771 0.796296 0.029167 0.048148
0 0.115365 0.690741 0.027604 0.064815
0 0.239844 0.662037 0.025521 0.066667
0 0.509115 0.166204 0.019271 0.058333
0 0.100260 0.218519 0.034896 0.038889
0 0.827344 0.180556 0.030729 0.051852
0 0.440625 0.088889 0.028125 0.048148
0 0.716927 0.779167 0.029687 0.049074
0 0.823438 0.328241 0.029167 0.062037
0 0.508073 0.777778 0.018229 0.064815
0 0.787760 0.339352 0.039062 0.036111
0 0.816146 0.635185 0.023958 0.066667
0 0.149740 0.237037 0.027604 0.070370
0 0.837760 0.766667 0.033854 0.038889
0 0.029948 0.574074 0.034896 0.064815
0 0.731510 0.291204 0.029687 0.036111
0 0.640885 0.350926 0.017188 0.068519
0 0.567187 0.267593 0.034375 0.035185
0 0.109375 0.370833 0.029167 0.054630
0 0.525000 0.767130 0.019792 0.071296
0 0.833073 0.068056 0.018229 0.063889
0 0.179167 0.357870 0.040625 0.050926
0 0.291667 0.740741 0.033333 0.055556
0 0.237500 0.748611 0.021875 0.063889
0 0.259375 0.256481 0.032292 0.048148
0 0.122917 0.408333 0.038542 0.033333
0 0.869010 0.871759 0.038021 0.039815
0 0.213542 0.490741 0.041667 0.033333
0 0.778125 0.175926 0.018750 0.061111
0 0.871354 0.064815 0.018750 0.068519
0 0.037240 0.668056 0.022396 0.063889
0 0.723958 0.033333 0.026042 0.061111
0 0.549740 0.156481 0.035937 0.042593
0 0.620833 0.099074 0.031250 0.035185
0 0.585156 0.411111 0.024479 0.050000
0 0.240104 0.192593 0.038542 0.037037
0 0.849219 0.058333 0.018229 0.070370
0 0.749479 0.053241 0.027083 0.043519
0 0.884375 0.141667 0.026042 0.061111
0 0.299740 0.510185 0.035937 0.044444
0 0.079687 0.280093 0.040625 0.034259
0 0.014844 0.667593 0.027604 0.066667
0 0.262500 0.159259 0.038542 0.040741
0 0.218750 0.169907 0.034375 0.034259
0 0.083854 0.510648 0.031250 0.065741
0 0.438281 0.875000 0.018229 0.061111
0 0.154427 0.695833 0.025521 0.062037
0 0.632031 0.017593 0.036979 0.033333
0 0.230208 0.045370 0.021875 0.070370
0 0.260937 0.712037 0.026042 0.064815
0 0.986719 0.545833 0.026562 0.054630
0 0.817187 0.025000 0.031250 0.048148
0 0.775000 0.129167 0.030208 0.045370
0 0.129948 0.372685 0.029687 0.054630
0 0.181771 0.721759 0.040625 0.063889
0 0.037240 0.160185 0.038021 0.035185
0 0.502865 0.018981 0.032813 0.036111
0 0.247917 0.856019 0.021875 0.067593
0 0.854688 0.114815 0.038542 0.037037
0 0.296094 0.062963 0.018229 0.050000
0 0.770052 0.905556 0.038021 0.033333
0 0.264323 0.847685 0.019271 0.069444
0 0.097917 0.150463 0.027083 0.063889
0 0.519271 0.472685 0.033333 0.032407
0 0.092969 0.056481 0.035937 0.051852
0 0.173177 0.026389 0.036979 0.036111
0 0.113021 0.855556 0.030208 0.042593
0 0.159115 0.901852 0.042188 0.053704
0 0.051042 0.193981 0.034375 0.036111
0 0.836719 0.705556 0.020313 0.031481
0 0.229427 0.389352 0.030729 0.036111
0 0.558854 0.942593 0.021875 0.057407
0 0.786458 0.030556 0.030208 0.053704
0 0.978385 0.061574 0.036979 0.036111
0 0.692708 0.016667 0.022917 0.031481
0 0.152865 0.064815 0.029687 0.037037
0 0.634635 0.611111 0.022396 0.037037
0 0.413281 0.222222 0.014063 0.040741
0 0.456250 0.860185 0.017708 0.064815
0 0.048177 0.085648 0.030729 0.062037
0 0.988542 0.235648 0.021875 0.050926
0 0.106250 0.956019 0.028125 0.075000
0 0.083594 0.013426 0.038021 0.025000
0 0.233594 0.828241 0.032813 0.052778
0 0.008333 0.736111 0.015625 0.035185
0 0.006510 0.436111 0.011979 0.062963
0 0.389844 0.693981 0.022396 0.043519
0 0.985677 0.872685 0.019271 0.032407
0 0.909896 0.945833 0.030208 0.062037
0 0.569010 0.885648 0.021354 0.054630
0 0.085938 0.975000 0.042708 0.044444
0 0.630208 0.451389 0.015625 0.032407
0 0.355208 0.766204 0.014583 0.026852
0 0.870833 0.762037 0.016667 0.025926
0 0.012500 0.877315 0.023958 0.069444
0 0.855729 0.585185 0.016667 0.024074
0 0.963021 0.903241 0.045833 0.037963
0 0.421875 0.011111 0.014583 0.020370
0 0.814844 0.974537 0.026562 0.026852
0 0.077083 0.618056 0.023958 0.039815
0 0.054427 0.970833 0.035937 0.030556
0 0.679948 0.904167 0.015104 0.025000
0 0.534896 0.975463 0.028125 0.030556
0 0.360938 0.976852 0.038542 0.044444
0 0.004427 0.171296 0.007812 0.031481
0 0.772656 0.945370 0.028646 0.057407
0 0.161198 0.943056 0.035937 0.036111
0 0.372917 0.008796 0.017708 0.015741
0 0.523438 0.831944 0.013542 0.023148
0 0.303646 0.983333 0.025000 0.033333
0 0.135156 0.971759 0.032813 0.032407
0 0.985677 0.960648 0.028646 0.054630
0 0.035417 0.346759 0.017708 0.028704
