0 0.627083 0.519907 0.028125 0.060185
0 0.491927 0.603704 0.026562 0.061111
0 0.575521 0.553241 0.027083 0.056481
0 0.448177 0.525000 0.024479 0.062963
0 0.688281 0.438426 0.029687 0.052778
0 0.838542 0.612500 0.032292 0.049074
0 0.703385 0.606481 0.021354 0.062963
0 0.477344 0.872222 0.023438 0.066667
0 0.330729 0.452778 0.021875 0.064815
0 0.754167 0.082407 0.019792 0.062963
0 0.443229 0.847685 0.023958 0.067593
0 0.750521 0.655556 0.028125 0.057407
0 0.504948 0.420833 0.032813 0.043519
0 0.562760 0.642593 0.032813 0.053704
0 0.429427 0.634259 0.035937 0.044444
0 0.616927 0.369907 0.035937 0.045370
0 0.641667 0.245833 0.021875 0.060185
0 0.675521 0.291204 0.019792 0.063889
0 0.555469 0.218056 0.018229 0.062037
0 0.706250 0.673611 0.018750 0.060185
0 0.715625 0.144444 0.019792 0.066667
0 0.594010 0.645833 0.030729 0.060185
0 0.537500 0.433333 0.026042 0.057407
0 0.688802 0.254167 0.029687 0.050926
0 0.592969 0.439815 0.019271 0.066667
0 0.885938 0.271759 0.023958 0.062037
0 0.366667 0.156019 0.025000 0.058333
0 0.738021 0.555556 0.029167 0.061111
0 0.737500 0.123611 0.018750 0.058333
0 0.677604 0.608333 0.034375 0.031481
0 0.786458 0.313889 0.018750 0.062963
0 0.771354 0.386574 0.036458 0.037963
0 0.366406 0.540278 0.022396 0.063889
0 0.529948 0.553241 0.029687 0.054630
0 0.362240 0.425463 0.019271 0.065741
0 0.932813 0.423611 0.031250 0.062037
0 0.580729 0.212963 0.022917 0.062963
0 0.549740 0.514815 0.029687 0.051852
0 0.518750 0.505556 0.020833 0.062963
0 0.388021 0.499074 0.020833 0.068519
0 0.910417 0.304630 0.020833 0.062963
0 0.562760 0.311574 0.032813 0.052778
0 0.925000 0.525463 0.027083 0.062037
0 0.548438 0.261574 0.034375 0.041667
0 0.870833 0.650926 0.034375 0.050000
0 0.878646 0.365741 0.029167 0.051852
0 0.418490 0.390278 0.034896 0.047222
0 0.853906 0.555093 0.036979 0.036111
0 0.709635 0.330093 0.035937 0.047222
0 0.702865 0.065741 0.030729 0.057407
0 0.552604 0.393519 0.031250 0.048148
0 0.609115 0.305556 0.021354 0.059259
0 0.919792 0.655556 0.033333 0.051852
0 0.942187 0.347685 0.023958 0.062037
0 0.223698 0.463426 0.032813 0.049074
0 0.846875 0.277778 0.027083 0.061111
0 0.559896 0.452778 0.029167 0.053704
0 0.615104 0.201852 0.027083 0.046296
0 0.629167 0.312500 0.018750 0.060185
0 0.771615 0.494444 0.025521 0.053704
0 0.200260 0.338889 0.024479 0.061111
0 0.162500 0.278241 0.021875 0.065741
0 0.382031 0.400463 0.017188 0.062037
0 0.640885 0.122685 0.018229 0.054630
0 0.970052 0.585185 0.023438 0.064815
0 0.403385 0.258333 0.022396 0.062963
0 0.155729 0.417130 0.034375 0.056481
0 0.758073 0.203241 0.031771 0.054630
0 0.536198 0.095370 0.029687 0.053704
0 0.199219 0.394907 0.019271 0.063889
0 0.966146 0.776852 0.025000 0.061111
0 0.604688 0.079167 0.020833 0.071296
0 0.769531 0.614815 0.035937 0.044444
0 0.479427 0.485648 0.024479 0.060185
0 0.500260 0.700926 0.038021 0.035185
0 0.533854 0.157870 0.031250 0.058333
0 0.963802 0.333796 0.021354 0.067593
0 0.326042 0.775463 0.019792 0.071296
0 0.401562 0.825463 0.020833 0.067593
0 0.928906 0.328241 0.021354 0.062037
0 0.543750 0.751852 0.018750 0.066667
0 0.816406 0.343981 0.033854 0.032407
0 0.341667 0.498148 0.023958 0.070370
0 0.824219 0.456944 0.038021 0.045370
0 0.294271 0.324074 0.035417 0.042593
0 0.792188 0.200463 0.021875 0.060185
0 0.779687 0.439815 0.034375 0.031481
0 0.521094 0.591667 0.033854 0.040741
0 0.492708 0.515741 0.020833 0.066667
0 0.669792 0.089815 0.032292 0.046296
0 0.743750 0.745370 0.019792 0.061111
0 0.428646 0.218981 0.018750 0.063889
0 0.666406 0.684259 0.032813 0.031481
0 0.740885 0.249074 0.031771 0.038889
0 0.590104 0.302315 0.022917 0.060185
0 0.854688 0.422685 0.034375 0.030556
0 0.980990 0.533333 0.029687 0.046296
0 0.454948 0.891204 0.023438 0.052778
0 0.898698 0.492130 0.033854 0.036111
0 0.141927 0.569444 0.034896 0.042593
0 0.750781 0.331481 0.036979 0.040741
0 0.816667 0.189815 0.018750 0.061111
0 0.054948 0.538426 0.027604 0.054630
0 0.621354 0.618056 0.034375 0.039815
0 0.386458 0.177778 0.018750 0.074074
0 0.229948 0.375926 0.028646 0.055556
0 0.282031 0.358333 0.033854 0.040741
0 0.249479 0.166204 0.018750 0.069444
0 0.673438 0.189815 0.031250 0.059259
0 0.904427 0.714815 0.024479 0.064815
0 0.139583 0.486111 0.035417 0.038889
0 0.153385 0.458333 0.042188 0.044444
0 0.355469 0.726389 0.035937 0.050926
0 0.464323 0.740278 0.034896 0.047222
0 0.486458 0.088889 0.029167 0.051852
0 0.280208 0.758796 0.020833 0.065741
0 0.848958 0.663889 0.032292 0.050000
0 0.903125 0.456944 0.035417 0.050926
0 0.264583 0.258796 0.031250 0.063889
0 0.857552 0.142593 0.026562 0.055556
0 0.670833 0.044907 0.034375 0.056481
0 0.837240 0.858333 0.036979 0.046296
0 0.300521 0.118056 0.026042 0.062037
0 0.058073 0.488889 0.031771 0.066667
0 0.091146 0.648148 0.036458 0.035185
0 0.465365 0.195833 0.029687 0.050926
0 0.720052 0.297222 0.035937 0.033333
0 0.958594 0.501389 0.033854 0.050926
0 0.410156 0.530556 0.025521 0.051852
0 0.338281 0.299537 0.035937 0.045370
0 0.154427 0.694907 0.033854 0.054630
0 0.481250 0.935185 0.032292 0.051852
0 0.926042 0.227315 0.037500 0.043519
0 0.510156 0.193056 0.034896 0.039815
0 0.669792 0.141204 0.034375 0.049074
0 0.490625 0.300000 0.016667 0.062963
0 0.458854 0.057407 0.017708 0.061111
0 0.456250 0.222222 0.030208 0.051852
0 0.890104 0.413889 0.032292 0.040741
0 0.524740 0.818519 0.038021 0.038889
0 0.575521 0.854630 0.017708 0.068519
0 0.614583 0.879630 0.038542 0.042593
0 0.340625 0.640278 0.025000 0.065741
0 0.263542 0.125000 0.038542 0.055556
0 0.986719 0.344444 0.026562 0.062963
0 0.503646 0.850926 0.019792 0.059259
0 0.068229 0.593519 0.043750 0.037037
0 0.514062 0.886574 0.033333 0.062037
0 0.180990 0.241667 0.039062 0.048148
0 0.449479 0.115741 0.032292 0.038889
0 0.205208 0.669444 0.037500 0.040741
0 0.125781 0.259722 0.031771 0.067593
0 0.108854 0.132407 0.037500 0.050000
0 0.944531 0.838426 0.036979 0.047222
0 0.251823 0.644907 0.023438 0.069444
0 0.260937 0.863889 0.025000 0.057407
0 0.854167 0.061574 0.030208 0.050926
0 0.971094 0.640278 0.034896 0.058333
0 0.813281 0.816667 0.034896 0.038889
0 0.048698 0.805093 0.036979 0.037963
0 0.314844 0.095833 0.029687 0.060185
0 0.650260 0.827778 0.021354 0.068519
0 0.970573 0.720370 0.030729 0.068519
0 0.231250 0.347222 0.034375 0.037037
0 0.583333 0.939815 0.027083 0.051852
0 0.238802 0.264815 0.038021 0.057407
0 0.856250 0.827778 0.035417 0.066667
0 0.827865 0.062037 0.029687 0.061111
0 0.036458 0.441667 0.022917 0.066667
0 0.553385 0.928241 0.024479 0.063889
0 0.947135 0.787963 0.022396 0.061111
0 0.099740 0.782870 0.044271 0.049074
0 0.944531 0.167593 0.023438 0.059259
0 0.982812 0.481481 0.028125 0.059259
0 0.393490 0.111574 0.039062 0.041667
0 0.809896 0.865741 0.032292 0.053704
0 0.339323 0.393519 0.029687 0.033333
0 0.915365 0.165278 0.034896 0.037963
0 0.853906 0.101389 0.035937 0.036111
0 0.534635 0.950000 0.023438 0.066667
0 0.254427 0.386574 0.023438 0.043519
0 0.927344 0.799537 0.023438 0.062037
0 0.815365 0.107870 0.035937 0.039815
0 0.017188 0.801852 0.032292 0.050000
0 0.829167 0.139352 0.030208 0.052778
0 0.715365 0.885648 0.033854 0.036111
0 0.927604 0.753241 0.030208 0.041667
0 0.857552 0.519907 0.027604 0.036111
0 0.500781 0.922222 0.028646 0.055556
0 0.023177 0.586574 0.041146 0.041667
0 0.123698 0.179167 0.043229 0.039815
0 0.963021 0.040278 0.022917 0.054630
0 0.234375 0.824074 0.031250 0.050000
0 0.029687 0.938426 0.030208 0.054630
0 0.890365 0.021296 0.032813 0.040741
0 0.163281 0.087037 0.038021 0.035185
0 0.771354 0.882407 0.020833 0.062963
0 0.242969 0.516204 0.029687 0.062037
0 0.971875 0.866204 0.020833 0.052778
0 0.778646 0.752778 0.025000 0.070370
0 0.085417 0.860185 0.027083 0.064815
0 0.009375 0.395370 0.017708 0.059259
0 0.650781 0.918519 0.018229 0.070370
0 0.919271 0.874074 0.035417 0.038889
0 0.382552 0.053241 0.018229 0.071296
0 0.989062 0.061111 0.020833 0.059259
0 0.970833 0.935648 0.032292 0.049074
0 0.524219 0.388889 0.020313 0.042593
0 0.620052 0.696759 0.019271 0.037963
0 0.898177 0.134722 0.022396 0.030556
0 0.992969 0.866667 0.013021 0.050000
0 0.556771 0.817130 0.017708 0.039815
0 0.836198 0.704167 0.020313 0.028704
0 0.779948 0.854167 0.028646 0.075000
0 0.589063 0.365278 0.017708 0.039815
0 0.366667 0.975463 0.032292 0.036111
0 0.009375 0.566204 0.017708 0.060185
0 0.248177 0.760648 0.018229 0.039815
0 0.129688 0.015278 0.037500 0.028704
0 0.534115 0.889352 0.031771 0.039815
0 0.192188 0.973611 0.031250 0.026852
0 0.767448 0.013889 0.016146 0.025926
0 0.759115 0.945833 0.034896 0.050926
0 0.805469 0.605556 0.016146 0.025926
0 0.069531 0.967130 0.034896 0.021296
0 0.460938 0.019444 0.013542 0.035185
0 0.097917 0.988889 0.035417 0.022222
0 0.026042 0.019907 0.016667 0.030556
0 0.941146 0.939352 0.028125 0.058333
0 0.040625 0.211574 0.025000 0.041667
0 0.840104 0.950000 0.033333 0.050000
0 0.319531 0.978704 0.036979 0.033333
0 0.398958 0.972685 0.019792 0.026852
0 0.800000 0.939815 0.031250 0.053704
0 0.647135 0.976852 0.047396 0.037037
0 0.762760 0.977778 0.038021 0.037037
0 0.034896 0.345833 0.017708 0.028704
0 0.439844 0.011574 0.016146 0.021296
0 0.531510 0.037500 0.013021 0.025000
0 0.870833 0.968519 0.034375 0.044444
0 0.604167 0.967593 0.025000 0.051852
0 0.986979 0.971759 0.026042 0.026852
0 0.679427 0.905556 0.014063 0.029630
0 0.348958 0.099074 0.012500 0.024074
0 0.684896 0.976389 0.026042 0.032407
0 0.006771 0.974537 0.012500 0.032407
0 0.656250 0.279630 0.025000 0.096296
0 0.765885 0.285185 0.026562 0.042593
0 0.769010 0.244444 0.021354 0.035185
0 0.487500 0.150926 0.026042 0.057407
0 0.564844 0.378704 0.016146 0.029630
0 0.541927 0.973611 0.017188 0.034259
0 0.936458 0.872222 0.034375 0.035185
0 0.696875 0.902315 0.016667 0.026852
0 0.459896 0.471759 0.028125 0.045370
0 0.989844 0.445370 0.020313 0.033333
0 0.979688 0.455556 0.001042 0.016667
0 0.993750 0.552315 0.011458 0.045370
0 0.838542 0.768981 0.029167 0.060185
0 0.289583 0.718519 0.036458 0.061111
