0 0.389583 0.387963 0.028125 0.062963
0 0.569531 0.160185 0.026562 0.055556
0 0.518490 0.356019 0.031771 0.050926
0 0.282031 0.513426 0.033854 0.050926
0 0.590625 0.365278 0.029167 0.060185
0 0.385677 0.232407 0.031771 0.062963
0 0.473177 0.342593 0.027604 0.055556
0 0.291146 0.587500 0.032292 0.056481
0 0.278906 0.400000 0.040104 0.046296
0 0.515365 0.484722 0.029687 0.052778
0 0.665104 0.256944 0.027083 0.052778
0 0.369792 0.556944 0.038542 0.039815
0 0.248177 0.517130 0.028646 0.063889
0 0.315625 0.351852 0.033333 0.055556
0 0.331250 0.285185 0.026042 0.061111
0 0.370312 0.509722 0.023958 0.067593
0 0.523177 0.742593 0.027604 0.053704
0 0.321615 0.566204 0.030729 0.050926
0 0.792708 0.543519 0.034375 0.046296
0 0.205469 0.511574 0.027604 0.067593
0 0.328125 0.493519 0.032292 0.051852
0 0.466927 0.398148 0.035937 0.037037
0 0.694010 0.227315 0.023438 0.063889
0 0.640104 0.493056 0.034375 0.047222
0 0.411458 0.118056 0.030208 0.054630
0 0.465365 0.302315 0.032813 0.043519
0 0.370052 0.382870 0.021354 0.063889
0 0.413281 0.280556 0.022396 0.068519
0 0.348177 0.479630 0.025521 0.066667
0 0.697135 0.134722 0.023438 0.060185
0 0.324219 0.415278 0.021354 0.063889
0 0.591406 0.262037 0.028646 0.055556
0 0.550000 0.245370 0.034375 0.042593
0 0.471875 0.213889 0.023958 0.061111
0 0.684635 0.438889 0.021354 0.062963
0 0.221094 0.470370 0.031771 0.051852
0 0.573177 0.802778 0.034896 0.050000
0 0.524219 0.078241 0.020313 0.069444
0 0.603646 0.455093 0.036458 0.052778
0 0.745313 0.719907 0.035417 0.043519
0 0.643229 0.336574 0.032292 0.054630
0 0.380990 0.057870 0.024479 0.062037
0 0.471875 0.139352 0.033333 0.054630
0 0.596875 0.541204 0.031250 0.034259
0 0.295573 0.317593 0.039062 0.033333
0 0.675521 0.138426 0.027083 0.060185
0 0.690625 0.521296 0.031250 0.050000
0 0.644271 0.571759 0.023958 0.065741
0 0.564844 0.712500 0.028646 0.052778
0 0.854688 0.510648 0.032292 0.060185
0 0.803906 0.432407 0.033854 0.053704
0 0.455208 0.780093 0.036458 0.049074
0 0.560417 0.493981 0.027083 0.047222
0 0.698958 0.566667 0.021875 0.061111
0 0.634115 0.140741 0.028646 0.057407
0 0.803385 0.334722 0.034896 0.047222
0 0.498958 0.437500 0.035417 0.041667
0 0.654167 0.082870 0.020833 0.063889
0 0.420833 0.191204 0.035417 0.045370
0 0.712760 0.812500 0.035937 0.041667
0 0.347396 0.349074 0.039583 0.038889
0 0.762240 0.528241 0.021354 0.060185
0 0.489323 0.500926 0.018229 0.062963
0 0.743490 0.176852 0.023438 0.062963
0 0.693490 0.673611 0.022396 0.062037
0 0.918229 0.644444 0.021875 0.057407
0 0.406510 0.160185 0.034896 0.051852
0 0.718490 0.056944 0.019271 0.065741
0 0.523438 0.662037 0.022917 0.062963
0 0.750260 0.668981 0.022396 0.060185
0 0.686719 0.300463 0.031771 0.036111
0 0.666146 0.359722 0.034375 0.049074
0 0.492969 0.087500 0.034896 0.050926
0 0.937240 0.285648 0.024479 0.063889
0 0.979167 0.618056 0.033333 0.052778
0 0.720052 0.565278 0.020313 0.062037
0 0.242969 0.207407 0.035937 0.053704
0 0.709115 0.679630 0.019271 0.061111
0 0.739583 0.525000 0.033333 0.053704
0 0.502083 0.233796 0.034375 0.039815
0 0.895312 0.712037 0.034375 0.046296
0 0.709635 0.346759 0.018229 0.063889
0 0.674479 0.839352 0.025000 0.060185
0 0.522656 0.527315 0.035937 0.034259
0 0.332813 0.656944 0.037500 0.036111
0 0.919010 0.450926 0.033854 0.051852
0 0.404687 0.725926 0.036458 0.038889
0 0.409635 0.648148 0.022396 0.059259
0 0.683594 0.065741 0.025521 0.064815
0 0.576042 0.312963 0.025000 0.061111
0 0.893750 0.336111 0.021875 0.064815
0 0.515365 0.420833 0.039062 0.037963
0 0.599479 0.096759 0.029167 0.047222
0 0.927865 0.228241 0.032813 0.041667
0 0.869531 0.262037 0.022396 0.068519
0 0.730208 0.667593 0.028125 0.055556
0 0.233594 0.096759 0.029687 0.060185
0 0.903125 0.610648 0.023958 0.067593
0 0.794792 0.158796 0.018750 0.063889
0 0.875260 0.651852 0.025521 0.062963
0 0.168490 0.539815 0.036979 0.033333
0 0.874740 0.357407 0.022396 0.059259
0 0.230469 0.598611 0.039062 0.036111
0 0.799479 0.845370 0.027083 0.061111
0 0.695573 0.179630 0.032813 0.038889
0 0.950000 0.772685 0.034375 0.045370
0 0.797135 0.671759 0.031771 0.047222
0 0.905469 0.187037 0.034896 0.044444
0 0.222917 0.770833 0.030208 0.054630
0 0.814583 0.136574 0.021875 0.062037
0 0.832812 0.626389 0.037500 0.036111
0 0.736979 0.553241 0.030208 0.049074
0 0.909115 0.381944 0.041146 0.037963
0 0.575521 0.206019 0.018750 0.050926
0 0.285677 0.767130 0.039062 0.050926
0 0.667708 0.756944 0.032292 0.041667
0 0.746875 0.592130 0.031250 0.037963
0 0.649740 0.810185 0.021354 0.066667
0 0.381510 0.829630 0.036979 0.035185
0 0.878125 0.742130 0.035417 0.047222
0 0.432812 0.650000 0.021875 0.059259
0 0.800000 0.495370 0.038542 0.042593
0 0.239323 0.745833 0.027604 0.065741
0 0.815365 0.081944 0.030729 0.049074
0 0.955208 0.142130 0.025000 0.062037
0 0.258333 0.160648 0.032292 0.060185
0 0.561198 0.300463 0.017188 0.063889
0 0.721354 0.233796 0.037500 0.032407
0 0.718490 0.290278 0.034896 0.039815
0 0.464323 0.043056 0.034896 0.047222
0 0.205990 0.411111 0.022396 0.062963
0 0.846875 0.799074 0.038542 0.037037
0 0.810937 0.209722 0.037500 0.039815
0 0.843490 0.850000 0.024479 0.059259
0 0.430469 0.818056 0.020313 0.067593
0 0.810156 0.723611 0.040104 0.032407
0 0.389062 0.100000 0.035417 0.040741
0 0.950781 0.554167 0.024479 0.060185
0 0.796094 0.039352 0.035937 0.050926
0 0.880469 0.866667 0.028646 0.053704
0 0.716667 0.262963 0.036458 0.035185
0 0.797135 0.275463 0.024479 0.063889
0 0.207552 0.175926 0.040104 0.042593
0 0.768750 0.136111 0.030208 0.059259
0 0.160156 0.482407 0.041146 0.033333
0 0.666146 0.547222 0.017708 0.059259
0 0.911458 0.557870 0.036458 0.045370
0 0.871354 0.064815 0.019792 0.064815
0 0.823438 0.682870 0.035417 0.041667
0 0.920052 0.790278 0.023438 0.050926
0 0.222396 0.234259 0.027083 0.051852
0 0.554688 0.869907 0.026042 0.050926
0 0.972917 0.362500 0.041667 0.036111
0 0.427604 0.692130 0.038542 0.036111
0 0.310677 0.611574 0.019271 0.065741
0 0.064323 0.210185 0.040104 0.048148
0 0.407031 0.847222 0.018229 0.061111
0 0.838021 0.409722 0.036458 0.045370
0 0.250781 0.647222 0.022396 0.068519
0 0.107813 0.490278 0.040625 0.050926
0 0.166927 0.229167 0.021354 0.078704
0 0.439323 0.045370 0.026562 0.068519
0 0.605729 0.815741 0.034375 0.037037
0 0.497917 0.578704 0.018750 0.062963
0 0.910417 0.847685 0.032292 0.047222
0 0.454427 0.551852 0.022396 0.046296
0 0.926823 0.088426 0.033854 0.050926
0 0.855729 0.382870 0.038542 0.043519
0 0.967708 0.546296 0.027083 0.062963
0 0.620052 0.847222 0.036979 0.046296
0 0.975000 0.736111 0.035417 0.035185
0 0.789323 0.902315 0.035937 0.060185
0 0.848437 0.751852 0.023958 0.061111
0 0.065625 0.246759 0.035417 0.047222
0 0.375521 0.900463 0.039583 0.036111
0 0.815625 0.889352 0.022917 0.062037
0 0.168490 0.655093 0.036979 0.054630
0 0.838802 0.451389 0.029687 0.056481
0 0.311719 0.900463 0.038021 0.045370
0 0.211719 0.025000 0.024479 0.048148
0 0.891667 0.110648 0.025000 0.065741
0 0.249479 0.866204 0.031250 0.045370
0 0.464062 0.883333 0.019792 0.064815
0 0.133854 0.472222 0.028125 0.055556
0 0.132031 0.082870 0.023438 0.071296
0 0.556771 0.771296 0.028125 0.053704
0 0.084896 0.107407 0.025000 0.070370
0 0.402344 0.779167 0.023438 0.049074
0 0.120052 0.726389 0.035937 0.065741
0 0.154167 0.694444 0.026042 0.064815
0 0.243229 0.016667 0.029167 0.031481
0 0.156510 0.121296 0.025521 0.057407
0 0.525000 0.014352 0.026042 0.026852
0 0.582292 0.869907 0.018750 0.056481
0 0.020052 0.706481 0.035937 0.057407
0 0.905208 0.881944 0.032292 0.049074
0 0.963542 0.032407 0.020833 0.062963
0 0.419271 0.892130 0.036458 0.045370
0 0.502344 0.890741 0.020313 0.064815
0 0.961198 0.878704 0.038021 0.050000
0 0.251823 0.918981 0.031771 0.049074
0 0.768750 0.250463 0.021875 0.045370
0 0.782031 0.018056 0.018229 0.034259
0 0.442969 0.956019 0.031771 0.063889
0 0.233594 0.823148 0.031771 0.055556
0 0.020573 0.760648 0.035937 0.045370
0 0.610156 0.875463 0.035937 0.047222
0 0.061719 0.054630 0.020313 0.051852
0 0.445052 0.917130 0.029687 0.047222
0 0.932292 0.535185 0.018750 0.042593
0 0.144271 0.905093 0.030208 0.062037
0 0.994271 0.187037 0.011458 0.066667
0 0.864844 0.015741 0.035937 0.029630
0 0.635938 0.887963 0.025000 0.057407
0 0.305990 0.060185 0.021354 0.050000
0 0.994792 0.431481 0.010417 0.062963
0 0.378646 0.013426 0.020833 0.025000
0 0.464583 0.264815 0.021875 0.042593
0 0.032031 0.239352 0.027604 0.036111
0 0.154427 0.954167 0.031771 0.058333
0 0.515104 0.956019 0.035417 0.062037
0 0.010937 0.870833 0.020833 0.056481
0 0.842187 0.933333 0.032292 0.050000
0 0.084896 0.910185 0.040625 0.042593
0 0.486458 0.891667 0.018750 0.064815
0 0.652604 0.011574 0.015625 0.021296
0 0.599740 0.952778 0.030729 0.070370
0 0.406250 0.012500 0.016667 0.023148
0 0.229167 0.945833 0.039583 0.060185
0 0.012760 0.580556 0.024479 0.040741
0 0.393750 0.877315 0.022917 0.034259
0 0.926823 0.008796 0.027604 0.015741
0 0.176563 0.008796 0.018750 0.015741
0 0.381771 0.970370 0.018750 0.057407
0 0.733594 0.977778 0.040104 0.040741
0 0.996615 0.863426 0.005729 0.058333
0 0.514583 0.129630 0.030208 0.044444
0 0.353906 0.977778 0.034896 0.044444
0 0.311458 0.962963 0.030208 0.033333
0 0.673438 0.935648 0.030208 0.045370
0 0.782292 0.964352 0.028125 0.037963
0 0.747135 0.945833 0.032813 0.058333
0 0.084115 0.927778 0.041146 0.074074
0 0.634375 0.436574 0.028125 0.047222
0 0.661719 0.403704 0.034896 0.044444
0 0.658854 0.497685 0.023958 0.063889
0 0.778385 0.297222 0.036979 0.046296
0 0.584115 0.012037 0.026562 0.022222
0 0.627344 0.106944 0.031771 0.041667
0 0.987500 0.014352 0.022917 0.026852
0 0.037500 0.206944 0.017708 0.028704
0 0.171615 0.307407 0.013021 0.020370
0 0.625260 0.318056 0.023438 0.054630
0 0.949479 0.575926 0.015625 0.031481
0 0.661979 0.329167 0.021875 0.025000
0 0.508594 0.935185 0.014063 0.025926
0 0.689063 0.984722 0.035417 0.030556
