0 0.436458 0.426389 0.029167 0.058333
0 0.337500 0.537963 0.031250 0.053704
0 0.493750 0.400463 0.028125 0.054630
0 0.276302 0.552315 0.034896 0.054630
0 0.403646 0.715278 0.029167 0.049074
0 0.411198 0.548148 0.026562 0.070370
0 0.445052 0.719444 0.027604 0.064815
0 0.165885 0.331944 0.029687 0.063889
0 0.639062 0.456481 0.029167 0.053704
0 0.375000 0.622222 0.031250 0.055556
0 0.153385 0.472685 0.033854 0.058333
0 0.314583 0.492130 0.034375 0.047222
0 0.409896 0.237963 0.027083 0.057407
0 0.276302 0.447685 0.029687 0.069444
0 0.560156 0.478704 0.025521 0.062963
0 0.386979 0.358333 0.032292 0.051852
0 0.525260 0.184259 0.023438 0.064815
0 0.294792 0.522222 0.025000 0.064815
0 0.366146 0.815741 0.027083 0.059259
0 0.400260 0.620370 0.032813 0.057407
0 0.398958 0.797685 0.031250 0.052778
0 0.333073 0.206481 0.023438 0.062963
0 0.219531 0.492130 0.025521 0.058333
0 0.446354 0.634259 0.031250 0.048148
0 0.491406 0.707407 0.035937 0.038889
0 0.657552 0.726852 0.032813 0.053704
0 0.295052 0.194444 0.025521 0.059259
0 0.335677 0.376389 0.029687 0.060185
0 0.564063 0.727315 0.029167 0.062037
0 0.670573 0.371759 0.021354 0.058333
0 0.662760 0.441204 0.023438 0.065741
0 0.328385 0.784259 0.035937 0.055556
0 0.528125 0.114352 0.019792 0.065741
0 0.575521 0.404630 0.032292 0.061111
0 0.564583 0.323148 0.033333 0.038889
0 0.184896 0.409722 0.032292 0.062037
0 0.498958 0.323611 0.023958 0.062037
0 0.469792 0.309722 0.033333 0.052778
0 0.397917 0.125463 0.032292 0.056481
0 0.295833 0.109722 0.025000 0.062037
0 0.202865 0.771759 0.036979 0.041667
0 0.876823 0.508796 0.027604 0.060185
0 0.323698 0.605556 0.018229 0.061111
0 0.465365 0.573611 0.023438 0.063889
0 0.726302 0.720833 0.033854 0.047222
0 0.339844 0.483333 0.019271 0.064815
0 0.752083 0.754167 0.030208 0.049074
0 0.419271 0.148148 0.020833 0.068519
0 0.562240 0.649074 0.033854 0.051852
0 0.524740 0.802315 0.033854 0.043519
0 0.371875 0.505556 0.037500 0.035185
0 0.201823 0.327315 0.036979 0.037963
0 0.734115 0.540278 0.022396 0.065741
0 0.236719 0.274074 0.030729 0.048148
0 0.244271 0.636111 0.034375 0.059259
0 0.238802 0.498148 0.032813 0.055556
0 0.491406 0.528241 0.032813 0.056481
0 0.721875 0.473148 0.021875 0.064815
0 0.247917 0.366667 0.035417 0.040741
0 0.799479 0.736111 0.027083 0.061111
0 0.641667 0.305093 0.022917 0.058333
0 0.767448 0.413426 0.034896 0.039815
0 0.238021 0.137963 0.032292 0.061111
0 0.463802 0.818056 0.033854 0.054630
0 0.250521 0.202778 0.034375 0.059259
0 0.453125 0.850000 0.022917 0.062963
0 0.471354 0.166667 0.018750 0.070370
0 0.521875 0.240741 0.034375 0.042593
0 0.904167 0.471759 0.032292 0.060185
0 0.909375 0.727778 0.034375 0.050000
0 0.265625 0.483796 0.021875 0.065741
0 0.578906 0.146296 0.023438 0.064815
0 0.066927 0.691667 0.038021 0.053704
0 0.358073 0.873148 0.040104 0.035185
0 0.423958 0.820833 0.036458 0.047222
0 0.323698 0.098611 0.028646 0.060185
0 0.672135 0.126852 0.018229 0.062963
0 0.284896 0.342130 0.025000 0.063889
0 0.336458 0.276852 0.022917 0.068519
0 0.246094 0.448611 0.036979 0.043519
0 0.528646 0.631481 0.029167 0.051852
0 0.257812 0.758333 0.035417 0.048148
0 0.221094 0.662037 0.020313 0.061111
0 0.121615 0.244907 0.028646 0.065741
0 0.585417 0.248611 0.031250 0.052778
0 0.285938 0.797685 0.019792 0.065741
0 0.630990 0.509259 0.021354 0.062963
0 0.705469 0.271759 0.020313 0.058333
0 0.607292 0.302778 0.035417 0.042593
0 0.669792 0.272685 0.018750 0.060185
0 0.607552 0.432407 0.020313 0.066667
0 0.499219 0.120833 0.023438 0.060185
0 0.707812 0.127778 0.019792 0.061111
0 0.643750 0.126389 0.019792 0.062037
0 0.116146 0.790278 0.038542 0.045370
0 0.621615 0.380556 0.038021 0.048148
0 0.362500 0.570833 0.031250 0.050926
0 0.883854 0.612037 0.037500 0.038889
0 0.309375 0.862500 0.038542 0.045370
0 0.398438 0.060648 0.020833 0.067593
0 0.558333 0.833333 0.027083 0.061111
0 0.620833 0.188426 0.033333 0.043519
0 0.808854 0.903241 0.028125 0.047222
0 0.163281 0.226852 0.035937 0.064815
0 0.163021 0.826389 0.033333 0.060185
0 0.706250 0.411574 0.022917 0.067593
0 0.610677 0.243056 0.032813 0.047222
0 0.949479 0.745833 0.031250 0.050926
0 0.240365 0.693519 0.023438 0.070370
0 0.727344 0.672685 0.031771 0.045370
0 0.121354 0.413426 0.030208 0.067593
0 0.917708 0.568981 0.021875 0.065741
0 0.943229 0.389352 0.026042 0.062037
0 0.755208 0.606944 0.035417 0.045370
0 0.826302 0.493056 0.023438 0.067593
0 0.506510 0.049074 0.029687 0.053704
0 0.218229 0.231944 0.038542 0.039815
0 0.768229 0.307870 0.019792 0.067593
0 0.680208 0.210648 0.028125 0.050926
0 0.464062 0.265278 0.036458 0.039815
0 0.771615 0.488889 0.023438 0.066667
0 0.446354 0.085648 0.033333 0.052778
0 0.489063 0.884259 0.034375 0.050000
0 0.743750 0.306944 0.027083 0.060185
0 0.228646 0.787037 0.036458 0.040741
0 0.872396 0.363889 0.027083 0.057407
0 0.608594 0.077778 0.022396 0.066667
0 0.431250 0.188889 0.030208 0.053704
0 0.801562 0.482407 0.028125 0.057407
0 0.340625 0.674074 0.019792 0.064815
0 0.697656 0.605556 0.022396 0.066667
0 0.705729 0.648148 0.034375 0.044444
0 0.192708 0.662500 0.036458 0.037963
0 0.687240 0.883796 0.023438 0.060185
0 0.513021 0.846759 0.020833 0.063889
0 0.728125 0.214815 0.033333 0.044444
0 0.741927 0.164352 0.033854 0.050926
0 0.619792 0.631019 0.036458 0.037963
0 0.099479 0.467130 0.021875 0.065741
0 0.640365 0.343519 0.038021 0.033333
0 0.793750 0.856944 0.027083 0.054630
0 0.786458 0.782407 0.036458 0.037037
0 0.245833 0.851389 0.034375 0.045370
0 0.047656 0.550926 0.038021 0.033333
0 0.754167 0.671296 0.022917 0.066667
0 0.844531 0.762963 0.031771 0.046296
0 0.390365 0.901389 0.040104 0.034259
0 0.505208 0.607870 0.032292 0.067593
0 0.232292 0.064352 0.036458 0.045370
0 0.788802 0.504167 0.023438 0.062037
0 0.875000 0.309259 0.020833 0.051852
0 0.654948 0.063889 0.018229 0.062963
0 0.866927 0.884722 0.035937 0.037963
0 0.356510 0.218519 0.020313 0.048148
0 0.825781 0.213426 0.031771 0.056481
0 0.580208 0.575000 0.036458 0.042593
0 0.889062 0.411574 0.032292 0.047222
0 0.691406 0.690278 0.035937 0.041667
0 0.912500 0.813889 0.037500 0.031481
0 0.951823 0.635648 0.025521 0.063889
0 0.963021 0.423611 0.020833 0.062037
0 0.947396 0.790278 0.036458 0.030556
0 0.251823 0.813426 0.034896 0.037963
0 0.742969 0.245833 0.019271 0.056481
0 0.825000 0.677315 0.032292 0.060185
0 0.776563 0.686111 0.020833 0.064815
0 0.703385 0.706481 0.032813 0.044444
0 0.777344 0.858333 0.025521 0.059259
0 0.919010 0.337037 0.035937 0.038889
0 0.143750 0.581019 0.044792 0.050926
0 0.858073 0.285185 0.018229 0.064815
0 0.234115 0.168519 0.032813 0.050000
0 0.406250 0.396296 0.030208 0.033333
0 0.690625 0.817593 0.039583 0.046296
0 0.800521 0.091667 0.025000 0.062963
0 0.793490 0.663426 0.030729 0.056481
0 0.153125 0.737037 0.035417 0.037037
0 0.629948 0.871296 0.030729 0.038889
0 0.913802 0.166204 0.023438 0.063889
0 0.878646 0.169907 0.025000 0.062037
0 0.806250 0.823611 0.031250 0.043519
0 0.152865 0.699537 0.040104 0.056481
0 0.797135 0.209259 0.027604 0.070370
0 0.078385 0.751389 0.029687 0.037963
0 0.907292 0.853241 0.035417 0.036111
0 0.946354 0.309259 0.041667 0.051852
0 0.813281 0.130556 0.017188 0.057407
0 0.036458 0.696759 0.032292 0.056481
0 0.943229 0.833333 0.029167 0.051852
0 0.600781 0.716204 0.027604 0.078704
0 0.902344 0.682407 0.033854 0.027778
0 0.321875 0.030556 0.027083 0.059259
0 0.547656 0.213889 0.025521 0.042593
0 0.989062 0.356944 0.020833 0.063889
0 0.450260 0.892593 0.030729 0.044444
0 0.057292 0.185185 0.027083 0.066667
0 0.033073 0.265741 0.034896 0.053704
0 0.837500 0.064815 0.032292 0.048148
0 0.604427 0.872685 0.026562 0.060185
0 0.133854 0.126852 0.041667 0.044444
0 0.445312 0.019444 0.035417 0.037037
0 0.534375 0.926389 0.034375 0.045370
0 0.722135 0.025000 0.016146 0.048148
0 0.581771 0.872685 0.027083 0.050926
0 0.013542 0.586574 0.026042 0.069444
0 0.842448 0.860648 0.030729 0.045370
0 0.855729 0.094444 0.037500 0.033333
0 0.851823 0.931019 0.033854 0.041667
0 0.216927 0.016667 0.034896 0.031481
0 0.611979 0.126852 0.029167 0.042593
0 0.772656 0.962037 0.028646 0.046296
0 0.876563 0.022222 0.038542 0.035185
0 0.966406 0.876389 0.034896 0.037963
0 0.032292 0.218519 0.041667 0.050000
0 0.384375 0.553241 0.016667 0.037963
0 0.988542 0.731481 0.021875 0.027778
0 0.406771 0.950000 0.020833 0.064815
0 0.920312 0.769907 0.025000 0.032407
0 0.522656 0.391204 0.021354 0.043519
0 0.070312 0.584259 0.019792 0.042593
0 0.092448 0.108796 0.031771 0.037963
0 0.654948 0.931019 0.021354 0.060185
0 0.753125 0.950463 0.033333 0.058333
0 0.428385 0.946759 0.022396 0.067593
0 0.991406 0.173148 0.013021 0.025926
0 0.125260 0.932870 0.023438 0.045370
0 0.847917 0.977778 0.030208 0.040741
0 0.249479 0.010648 0.023958 0.019444
0 0.587760 0.976852 0.030729 0.029630
0 0.997396 0.510185 0.005208 0.033333
0 0.760938 0.011574 0.015625 0.021296
0 0.996354 0.400463 0.007292 0.036111
0 0.006250 0.098611 0.011458 0.063889
0 0.338021 0.976852 0.033333 0.035185
0 0.118750 0.973611 0.033333 0.052778
0 0.084896 0.966667 0.034375 0.020370
0 0.221875 0.970833 0.038542 0.047222
0 0.909896 0.965741 0.035417 0.053704
0 0.553906 0.595833 0.035937 0.050926
0 0.585677 0.611111 0.039062 0.044444
0 0.014323 0.875926 0.027604 0.048148
0 0.379167 0.457870 0.017708 0.021296
0 0.393229 0.193981 0.026042 0.069444
0 0.448958 0.208333 0.035417 0.035185
0 0.444792 0.247222 0.034375 0.050000
0 0.648958 0.241204 0.018750 0.062037
0 0.758594 0.261111 0.013021 0.029630
0 0.442448 0.142130 0.028646 0.041667
0 0.861719 0.156944 0.013021 0.025000
0 0.584375 0.836574 0.036458 0.039815
0 0.622135 0.838426 0.032813 0.036111
0 0.618490 0.791204 0.033854 0.050926
0 0.005208 0.297685 0.009375 0.041667
0 0.019271 0.384259 0.021875 0.037037
0 0.834375 0.846759 0.022917 0.060185
0 0.546875 0.233333 0.019792 0.025926
0 0.581771 0.721759 0.023958 0.037963
0 0.126823 0.579630 0.018229 0.048148
0 0.250260 0.525926 0.018229 0.038889
0 0.905208 0.006481 0.016667 0.011111
0 0.005208 0.362037 0.009375 0.040741
0 0.038802 0.204630 0.022396 0.031481
