0 0.560417 0.453704 0.030208 0.055556
0 0.414583 0.472685 0.034375 0.056481
0 0.677865 0.452778 0.027604 0.055556
0 0.509375 0.569444 0.031250 0.055556
0 0.222656 0.412500 0.020313 0.063889
0 0.427604 0.343056 0.037500 0.041667
0 0.361458 0.829630 0.031250 0.061111
0 0.451302 0.463889 0.028646 0.057407
0 0.476042 0.334259 0.028125 0.059259
0 0.471354 0.810185 0.030208 0.057407
0 0.428385 0.694907 0.028646 0.065741
0 0.541406 0.393981 0.025521 0.062037
0 0.802865 0.480556 0.025521 0.064815
0 0.361979 0.528704 0.031250 0.059259
0 0.640885 0.397222 0.035937 0.046296
0 0.510417 0.679630 0.029167 0.070370
0 0.538281 0.174074 0.021354 0.066667
0 0.367188 0.601389 0.018750 0.062037
0 0.433594 0.081481 0.021354 0.064815
0 0.594531 0.644907 0.032813 0.063889
0 0.598437 0.797222 0.034375 0.048148
0 0.521354 0.506019 0.027083 0.058333
0 0.550521 0.280556 0.034375 0.046296
0 0.342448 0.715278 0.032813 0.060185
0 0.536458 0.096296 0.029167 0.059259
0 0.529167 0.237963 0.035417 0.050000
0 0.604688 0.080093 0.019792 0.069444
0 0.133073 0.392130 0.030729 0.067593
0 0.408594 0.630093 0.030729 0.052778
0 0.610677 0.468056 0.036979 0.037963
0 0.326042 0.449537 0.017708 0.065741
0 0.770833 0.613426 0.037500 0.041667
0 0.404427 0.264352 0.025521 0.065741
0 0.716667 0.772685 0.033333 0.039815
0 0.369792 0.316204 0.020833 0.069444
0 0.408333 0.536111 0.034375 0.038889
0 0.700781 0.471296 0.033854 0.046296
0 0.617448 0.367593 0.036979 0.042593
0 0.658073 0.568981 0.035937 0.034259
0 0.317448 0.617593 0.033854 0.044444
0 0.810937 0.283796 0.028125 0.054630
0 0.778906 0.160185 0.021354 0.062963
0 0.458073 0.229167 0.019271 0.067593
0 0.883073 0.628241 0.039062 0.052778
0 0.703906 0.654167 0.033854 0.037963
0 0.725781 0.301389 0.029687 0.054630
0 0.368750 0.150926 0.025000 0.055556
0 0.738021 0.550926 0.022917 0.066667
0 0.747135 0.521759 0.023438 0.065741
0 0.809375 0.670370 0.031250 0.055556
0 0.689583 0.375000 0.032292 0.042593
0 0.961198 0.502778 0.031771 0.059259
0 0.603646 0.309722 0.034375 0.037963
0 0.335156 0.308333 0.033854 0.055556
0 0.671615 0.681019 0.034896 0.037963
0 0.392188 0.667130 0.019792 0.063889
0 0.655990 0.129630 0.023438 0.064815
0 0.876823 0.365741 0.028646 0.051852
0 0.401302 0.735185 0.034896 0.040741
0 0.669531 0.333333 0.024479 0.055556
0 0.475781 0.088889 0.028646 0.064815
0 0.707292 0.208796 0.028125 0.049074
0 0.965625 0.584259 0.030208 0.062963
0 0.528646 0.725926 0.031250 0.051852
0 0.366667 0.475000 0.025000 0.062963
0 0.752604 0.229630 0.020833 0.062963
0 0.242448 0.443056 0.023438 0.065741
0 0.584115 0.242593 0.018229 0.064815
0 0.926042 0.604167 0.033333 0.050926
0 0.919531 0.243981 0.034896 0.049074
0 0.715885 0.269907 0.028646 0.060185
0 0.722917 0.709259 0.035417 0.033333
0 0.538281 0.537500 0.018229 0.067593
0 0.400260 0.874074 0.024479 0.061111
0 0.493490 0.513426 0.020313 0.067593
0 0.685156 0.267593 0.031771 0.050000
0 0.880208 0.540741 0.037500 0.038889
0 0.747396 0.158796 0.032292 0.050926
0 0.937760 0.667130 0.030729 0.043519
0 0.601823 0.743056 0.040104 0.043519
0 0.814844 0.857870 0.035937 0.039815
0 0.626302 0.091667 0.018229 0.068519
0 0.822917 0.631019 0.035417 0.036111
0 0.919271 0.526389 0.033333 0.047222
0 0.847396 0.826852 0.022917 0.070370
0 0.178906 0.593981 0.035937 0.030556
0 0.216927 0.526389 0.042188 0.039815
0 0.643750 0.302778 0.035417 0.038889
0 0.769271 0.490278 0.021875 0.069444
0 0.896615 0.490278 0.039062 0.039815
0 0.154167 0.694907 0.033333 0.054630
0 0.860417 0.708796 0.034375 0.032407
0 0.658073 0.193519 0.032813 0.037037
0 0.764062 0.094907 0.025000 0.058333
0 0.121875 0.468056 0.036458 0.043519
0 0.420833 0.153241 0.038542 0.043519
0 0.674219 0.527315 0.021354 0.062037
0 0.819010 0.181481 0.021354 0.059259
0 0.893229 0.177778 0.031250 0.059259
0 0.667708 0.149537 0.019792 0.063889
0 0.251823 0.645370 0.023438 0.070370
0 0.266146 0.228704 0.038542 0.037037
0 0.958333 0.344444 0.020833 0.057407
0 0.845573 0.489815 0.028646 0.062963
0 0.280208 0.755556 0.031250 0.062963
0 0.744271 0.746759 0.020833 0.063889
0 0.251823 0.160185 0.023438 0.068519
0 0.336198 0.148611 0.035937 0.047222
0 0.107552 0.260185 0.033854 0.057407
0 0.888021 0.412037 0.035417 0.046296
0 0.234896 0.348148 0.033333 0.031481
0 0.784896 0.273611 0.026042 0.052778
0 0.317708 0.103704 0.034375 0.055556
0 0.078125 0.442130 0.038542 0.045370
0 0.397135 0.213426 0.039062 0.036111
0 0.411979 0.182870 0.039583 0.039815
0 0.764323 0.806944 0.039062 0.036111
0 0.945052 0.391667 0.020313 0.059259
0 0.835677 0.461111 0.036979 0.053704
0 0.423698 0.240741 0.030729 0.048148
0 0.843490 0.175463 0.029687 0.054630
0 0.617969 0.266667 0.034896 0.042593
0 0.936198 0.345833 0.021354 0.056481
0 0.779427 0.752315 0.020313 0.063889
0 0.760156 0.299537 0.032813 0.063889
0 0.498177 0.043981 0.021354 0.054630
0 0.775260 0.906481 0.033854 0.042593
0 0.937240 0.792130 0.035937 0.045370
0 0.349740 0.468981 0.018229 0.063889
0 0.986719 0.546296 0.022396 0.066667
0 0.462760 0.504167 0.019271 0.063889
0 0.179167 0.729630 0.027083 0.066667
0 0.639323 0.026852 0.029687 0.051852
0 0.818229 0.079630 0.034375 0.042593
0 0.953385 0.730093 0.033854 0.037963
0 0.459375 0.058333 0.019792 0.057407
0 0.964063 0.778704 0.023958 0.055556
0 0.917448 0.712500 0.034896 0.037963
0 0.382552 0.054167 0.017188 0.069444
0 0.477604 0.507870 0.018750 0.069444
0 0.856510 0.133796 0.038021 0.036111
0 0.909635 0.360648 0.034896 0.037963
0 0.853906 0.061574 0.033854 0.047222
0 0.767448 0.047685 0.034896 0.045370
0 0.771615 0.874537 0.035937 0.036111
0 0.929427 0.443056 0.034896 0.028704
0 0.852604 0.099537 0.037500 0.034259
0 0.559896 0.826852 0.019792 0.061111
0 0.809896 0.916204 0.022917 0.058333
0 0.229948 0.486574 0.028646 0.047222
0 0.917708 0.167593 0.037500 0.042593
0 0.655990 0.828704 0.021354 0.070370
0 0.402344 0.033796 0.029687 0.060185
0 0.245573 0.382870 0.026562 0.049074
0 0.139063 0.575000 0.025000 0.064815
0 0.143229 0.312037 0.039583 0.048148
0 0.260417 0.855093 0.026042 0.062037
0 0.162760 0.341667 0.038021 0.038889
0 0.417187 0.863426 0.019792 0.071296
0 0.744531 0.116667 0.031771 0.048148
0 0.857292 0.508333 0.021875 0.059259
0 0.848958 0.743056 0.027083 0.028704
0 0.697917 0.608796 0.019792 0.069444
0 0.012760 0.630093 0.024479 0.058333
0 0.950000 0.834722 0.028125 0.045370
0 0.073177 0.265278 0.039062 0.039815
0 0.060677 0.703241 0.033854 0.060185
0 0.503125 0.937500 0.027083 0.056481
0 0.212240 0.155093 0.038021 0.056481
0 0.925521 0.818519 0.036458 0.031481
0 0.490885 0.619907 0.029687 0.063889
0 0.927604 0.751852 0.028125 0.042593
0 0.894792 0.292593 0.036458 0.046296
0 0.260156 0.359259 0.023438 0.051852
0 0.024479 0.424074 0.041667 0.051852
0 0.912500 0.313426 0.022917 0.054630
0 0.041146 0.656481 0.038542 0.037037
0 0.674479 0.027315 0.027083 0.052778
0 0.992969 0.395833 0.013021 0.063889
0 0.234635 0.825000 0.030729 0.051852
0 0.374219 0.932407 0.025521 0.055556
0 0.340625 0.394444 0.030208 0.035185
0 0.655208 0.922222 0.027083 0.053704
0 0.990625 0.812037 0.017708 0.038889
0 0.395833 0.925926 0.026042 0.061111
0 0.203125 0.904167 0.023958 0.060185
0 0.323177 0.915278 0.039062 0.036111
0 0.293229 0.027778 0.034375 0.053704
0 0.927344 0.046296 0.035937 0.040741
0 0.454688 0.889815 0.019792 0.051852
0 0.586979 0.909259 0.034375 0.048148
0 0.480469 0.941667 0.036979 0.048148
0 0.830729 0.953704 0.027083 0.070370
0 0.958594 0.974537 0.051562 0.036111
0 0.025781 0.268056 0.023438 0.056481
0 0.014063 0.965741 0.026042 0.050000
0 0.979688 0.942130 0.038542 0.043519
0 0.511979 0.126389 0.022917 0.030556
0 0.947396 0.914352 0.033333 0.036111
0 0.970573 0.892593 0.032813 0.037037
0 0.185938 0.322222 0.020833 0.040741
0 0.471615 0.917130 0.031771 0.037963
0 0.758854 0.953704 0.025000 0.068519
0 0.277344 0.948611 0.042188 0.056481
0 0.174219 0.947685 0.027604 0.069444
0 0.249479 0.525463 0.019792 0.039815
0 0.055469 0.087037 0.034896 0.044444
0 0.524479 0.387500 0.019792 0.045370
0 0.617969 0.700926 0.017188 0.031481
0 0.896094 0.131481 0.017188 0.031481
0 0.455208 0.125000 0.021875 0.029630
0 0.040104 0.215278 0.023958 0.052778
0 0.349740 0.096759 0.016146 0.034259
0 0.589323 0.365278 0.018229 0.041667
0 0.071615 0.588889 0.019271 0.029630
0 0.086719 0.985648 0.028646 0.026852
0 0.575260 0.724537 0.025521 0.028704
0 0.035156 0.979167 0.021354 0.041667
0 0.099479 0.017130 0.038542 0.032407
0 0.319010 0.978704 0.035937 0.037037
0 0.766927 0.013889 0.017188 0.025926
0 0.408333 0.976852 0.030208 0.040741
0 0.538802 0.973611 0.021354 0.045370
0 0.248698 0.761111 0.018229 0.038889
0 0.701042 0.972685 0.030208 0.021296
0 0.142708 0.038426 0.021875 0.037963
0 0.415625 0.101389 0.014583 0.026852
0 0.005208 0.350463 0.009375 0.037963
0 0.035156 0.346759 0.018229 0.030556
0 0.447656 0.584259 0.016146 0.025926
0 0.581250 0.975000 0.046875 0.031481
0 0.530469 0.037037 0.013021 0.025926
0 0.680208 0.904630 0.015625 0.027778
0 0.435677 0.975463 0.028646 0.030556
0 0.696094 0.903241 0.019271 0.026852
0 0.060937 0.964815 0.022917 0.018519
0 0.642708 0.243981 0.023958 0.056481
0 0.687240 0.306944 0.018229 0.047222
0 0.994271 0.740741 0.011458 0.031481
0 0.994531 0.679167 0.009896 0.069444
0 0.771354 0.242130 0.019792 0.037963
0 0.765104 0.283796 0.023958 0.045370
0 0.665885 0.245370 0.021354 0.066667
0 0.642448 0.116667 0.017188 0.055556
0 0.680469 0.093056 0.031771 0.039815
0 0.180729 0.398611 0.035417 0.062037
