0 0.742969 0.387037 0.024479 0.068519
0 0.409375 0.787500 0.028125 0.060185
0 0.275781 0.271759 0.025521 0.065741
0 0.371094 0.075926 0.019271 0.068519
0 0.413021 0.316204 0.029167 0.063889
0 0.334115 0.293519 0.027604 0.061111
0 0.416406 0.154167 0.020313 0.065741
0 0.347396 0.076389 0.022917 0.067593
0 0.310677 0.360185 0.035937 0.044444
0 0.620052 0.777778 0.031771 0.050000
0 0.309635 0.442130 0.029687 0.060185
0 0.470573 0.118056 0.020313 0.069444
0 0.437240 0.449537 0.033854 0.037963
0 0.582031 0.478241 0.034896 0.049074
0 0.658854 0.481481 0.025000 0.061111
0 0.629427 0.309259 0.018229 0.064815
0 0.454167 0.351389 0.017708 0.065741
0 0.536198 0.206944 0.025521 0.060185
0 0.343229 0.579630 0.032292 0.051852
0 0.528125 0.773148 0.032292 0.042593
0 0.815625 0.822685 0.030208 0.058333
0 0.630208 0.522685 0.030208 0.052778
0 0.609896 0.336574 0.021875 0.063889
0 0.420312 0.618519 0.027083 0.066667
0 0.746875 0.452778 0.034375 0.044444
0 0.457292 0.550926 0.029167 0.051852
0 0.685677 0.363426 0.019271 0.063889
0 0.704427 0.339815 0.022396 0.061111
0 0.770312 0.723148 0.025000 0.057407
0 0.638281 0.135648 0.024479 0.058333
0 0.753385 0.239815 0.020313 0.057407
0 0.587500 0.556944 0.033333 0.041667
0 0.132031 0.459722 0.032813 0.056481
0 0.517708 0.385648 0.035417 0.037963
0 0.355990 0.200463 0.022396 0.063889
0 0.633854 0.839815 0.034375 0.038889
0 0.524479 0.434722 0.031250 0.050926
0 0.507552 0.320370 0.032813 0.048148
0 0.482031 0.413889 0.026562 0.059259
0 0.444010 0.774074 0.031771 0.055556
0 0.773177 0.449537 0.021354 0.063889
0 0.720052 0.567130 0.022396 0.063889
0 0.782031 0.291204 0.024479 0.063889
0 0.461979 0.214352 0.020833 0.067593
0 0.333854 0.134722 0.019792 0.069444
0 0.216667 0.313426 0.023958 0.065741
0 0.544792 0.602315 0.016667 0.065741
0 0.674479 0.538426 0.031250 0.050926
0 0.535417 0.323611 0.030208 0.054630
0 0.175000 0.237963 0.028125 0.070370
0 0.603646 0.640278 0.026042 0.056481
0 0.725781 0.240741 0.029687 0.057407
0 0.740365 0.307407 0.036979 0.048148
0 0.560417 0.224074 0.026042 0.059259
0 0.368229 0.174537 0.025000 0.063889
0 0.310417 0.632870 0.036458 0.050926
0 0.356771 0.337963 0.038542 0.046296
0 0.693229 0.674537 0.020833 0.065741
0 0.823958 0.437500 0.035417 0.060185
0 0.570573 0.178241 0.031771 0.052778
0 0.188021 0.263889 0.023958 0.072222
0 0.702865 0.751852 0.022396 0.062963
0 0.180469 0.176852 0.030729 0.064815
0 0.113542 0.555556 0.032292 0.057407
0 0.909896 0.216204 0.021875 0.062037
0 0.368750 0.243519 0.038542 0.042593
0 0.702344 0.450463 0.021354 0.062037
0 0.822135 0.624074 0.021354 0.062963
0 0.437500 0.224537 0.033333 0.049074
0 0.252604 0.274074 0.028125 0.068519
0 0.399479 0.262037 0.026042 0.059259
0 0.644792 0.243519 0.031250 0.055556
0 0.657031 0.628241 0.023438 0.054630
0 0.786458 0.857870 0.031250 0.050926
0 0.278385 0.643519 0.024479 0.070370
0 0.886979 0.178704 0.018750 0.062963
0 0.450260 0.726389 0.041146 0.047222
0 0.702344 0.623148 0.034896 0.038889
0 0.787760 0.622222 0.028646 0.051852
0 0.464062 0.396759 0.033333 0.036111
0 0.866146 0.786574 0.031250 0.056481
0 0.675000 0.327315 0.034375 0.041667
0 0.398177 0.089352 0.018229 0.067593
0 0.376823 0.454167 0.020313 0.067593
0 0.542188 0.663426 0.038542 0.036111
0 0.490365 0.055556 0.017188 0.061111
0 0.874219 0.708796 0.031771 0.049074
0 0.498437 0.463889 0.021875 0.064815
0 0.777083 0.538426 0.033333 0.041667
0 0.822656 0.144444 0.023438 0.061111
0 0.472917 0.474537 0.018750 0.062037
0 0.195052 0.141667 0.032813 0.050000
0 0.640365 0.378241 0.018229 0.067593
0 0.216927 0.489352 0.021354 0.067593
0 0.752604 0.641204 0.028125 0.056481
0 0.041927 0.554630 0.038021 0.057407
0 0.592708 0.862963 0.031250 0.040741
0 0.602344 0.460185 0.031771 0.059259
0 0.540625 0.705093 0.038542 0.032407
0 0.777344 0.070370 0.025521 0.059259
0 0.772396 0.129630 0.031250 0.046296
0 0.402344 0.193981 0.018229 0.065741
0 0.572917 0.650000 0.018750 0.066667
0 0.735156 0.826852 0.023438 0.055556
0 0.468229 0.852315 0.022917 0.060185
0 0.547917 0.046759 0.026042 0.058333
0 0.890365 0.246759 0.020313 0.062037
0 0.675521 0.842593 0.030208 0.042593
0 0.874219 0.354167 0.020313 0.069444
0 0.238542 0.659722 0.022917 0.065741
0 0.463281 0.278704 0.019271 0.055556
0 0.812760 0.193519 0.020313 0.061111
0 0.298958 0.218519 0.034375 0.050000
0 0.982552 0.558796 0.029687 0.056481
0 0.057292 0.648148 0.031250 0.064815
0 0.551042 0.860185 0.031250 0.042593
0 0.233594 0.175926 0.035937 0.051852
0 0.745313 0.178241 0.035417 0.043519
0 0.587500 0.261574 0.034375 0.049074
0 0.528125 0.071759 0.017708 0.065741
0 0.912760 0.280093 0.036979 0.041667
0 0.653646 0.083796 0.022917 0.056481
0 0.762500 0.584722 0.018750 0.058333
0 0.263281 0.372222 0.024479 0.061111
0 0.668229 0.788426 0.017708 0.058333
0 0.850000 0.820370 0.025000 0.059259
0 0.180469 0.432870 0.039062 0.036111
0 0.745833 0.131944 0.018750 0.054630
0 0.304167 0.507870 0.032292 0.054630
0 0.730729 0.600463 0.035417 0.036111
0 0.835156 0.250926 0.040104 0.040741
0 0.099219 0.768056 0.038021 0.045370
0 0.921615 0.633796 0.024479 0.065741
0 0.784375 0.237500 0.034375 0.041667
0 0.396615 0.041204 0.033854 0.050926
0 0.598958 0.388426 0.029167 0.047222
0 0.685677 0.142130 0.039062 0.036111
0 0.191146 0.568056 0.027083 0.069444
0 0.609635 0.697685 0.018229 0.067593
0 0.795052 0.673148 0.035937 0.038889
0 0.039583 0.673148 0.029167 0.064815
0 0.716667 0.201389 0.038542 0.037963
0 0.727865 0.531481 0.030729 0.044444
0 0.431250 0.268981 0.037500 0.032407
0 0.848698 0.724537 0.024479 0.060185
0 0.950781 0.546759 0.027604 0.052778
0 0.984635 0.439815 0.029687 0.048148
0 0.982812 0.354167 0.025000 0.063889
0 0.714583 0.806019 0.017708 0.060185
0 0.578906 0.089352 0.038021 0.039815
0 0.508854 0.164815 0.018750 0.059259
0 0.937240 0.764352 0.035937 0.034259
0 0.069010 0.719444 0.038021 0.046296
0 0.367448 0.762500 0.023438 0.067593
0 0.219531 0.434722 0.030729 0.054630
0 0.671354 0.447685 0.021875 0.054630
0 0.912500 0.562500 0.037500 0.030556
0 0.944010 0.610185 0.033854 0.037037
0 0.700781 0.839815 0.018229 0.053704
0 0.957031 0.817130 0.033854 0.045370
0 0.796875 0.171759 0.035417 0.043519
0 0.956250 0.289352 0.039583 0.034259
0 0.259635 0.854630 0.028646 0.055556
0 0.083333 0.514352 0.031250 0.062037
0 0.345573 0.486111 0.019271 0.074074
0 0.293490 0.587963 0.040104 0.042593
0 0.447656 0.843981 0.018229 0.065741
0 0.485417 0.826852 0.017708 0.061111
0 0.515365 0.032870 0.024479 0.058333
0 0.175521 0.826852 0.035417 0.042593
0 0.499740 0.880556 0.022396 0.048148
0 0.083594 0.307870 0.035937 0.054630
0 0.332292 0.202315 0.037500 0.036111
0 0.656510 0.875926 0.021354 0.051852
0 0.201042 0.665741 0.029167 0.050000
0 0.608333 0.118519 0.037500 0.046296
0 0.020052 0.620370 0.036979 0.057407
0 0.689583 0.041204 0.034375 0.036111
0 0.073958 0.371759 0.027083 0.067593
0 0.810417 0.070370 0.023958 0.061111
0 0.622396 0.097685 0.033333 0.039815
0 0.057552 0.787963 0.023438 0.061111
0 0.233594 0.113426 0.040104 0.043519
0 0.894531 0.091204 0.035937 0.039815
0 0.024479 0.710648 0.030208 0.065741
0 0.137240 0.151852 0.028646 0.055556
0 0.189323 0.469444 0.028646 0.035185
0 0.852865 0.880556 0.038021 0.037037
0 0.125521 0.091667 0.030208 0.057407
0 0.217188 0.397685 0.031250 0.043519
0 0.370052 0.022685 0.040104 0.037963
0 0.521875 0.475000 0.032292 0.033333
0 0.294271 0.900463 0.034375 0.039815
0 0.914583 0.837037 0.027083 0.066667
0 0.870833 0.066667 0.018750 0.070370
0 0.523958 0.872222 0.022917 0.044444
0 0.723437 0.023611 0.034375 0.045370
0 0.081250 0.079630 0.025000 0.070370
0 0.317188 0.917130 0.032292 0.054630
0 0.986458 0.846296 0.027083 0.059259
0 0.154688 0.706481 0.033333 0.077778
0 0.583594 0.713426 0.017188 0.043519
0 0.011198 0.525000 0.021354 0.066667
0 0.902604 0.957870 0.028125 0.058333
0 0.950000 0.094907 0.038542 0.030556
0 0.891927 0.915278 0.034896 0.032407
0 0.293750 0.859722 0.023958 0.052778
0 0.631250 0.017593 0.036458 0.033333
0 0.234635 0.825926 0.034896 0.053704
0 0.217188 0.774537 0.041667 0.047222
0 0.074219 0.015741 0.036979 0.029630
0 0.497396 0.912963 0.022917 0.042593
0 0.270833 0.932870 0.034375 0.043519
0 0.922656 0.877315 0.035937 0.054630
0 0.092708 0.908333 0.039583 0.044444
0 0.107031 0.146759 0.028646 0.054630
0 0.868750 0.963889 0.028125 0.057407
0 0.121094 0.853241 0.020313 0.043519
0 0.034375 0.014352 0.034375 0.026852
0 0.995573 0.205093 0.008854 0.028704
0 0.837240 0.963889 0.042188 0.042593
0 0.995313 0.162500 0.009375 0.026852
0 0.769792 0.942593 0.035417 0.048148
0 0.095573 0.153241 0.016146 0.028704
0 0.306771 0.973148 0.036458 0.035185
0 0.009896 0.871296 0.018750 0.050000
0 0.245833 0.008333 0.020833 0.014815
0 0.109896 0.955093 0.026042 0.069444
0 0.076823 0.612963 0.021354 0.029630
0 0.955208 0.978241 0.026042 0.043519
0 0.991146 0.175926 0.016667 0.053704
0 0.826823 0.987500 0.035937 0.025000
0 0.807813 0.026852 0.038542 0.037037
0 0.997396 0.281481 0.005208 0.020370
0 0.067969 0.974074 0.051562 0.044444
0 0.145313 0.961574 0.041667 0.049074
0 0.886979 0.965741 0.021875 0.053704
0 0.005208 0.098611 0.009375 0.063889
0 0.356510 0.980556 0.036979 0.038889
