0 0.319531 0.155556 0.025521 0.061111
0 0.192708 0.256944 0.019792 0.069444
0 0.151042 0.238426 0.022917 0.069444
0 0.596094 0.487037 0.030729 0.057407
0 0.550521 0.255556 0.020833 0.061111
0 0.488021 0.322685 0.022917 0.065741
0 0.623437 0.383333 0.021875 0.064815
0 0.626823 0.545833 0.026562 0.054630
0 0.691667 0.283333 0.022917 0.064815
0 0.315885 0.212037 0.032813 0.050000
0 0.160156 0.202778 0.032813 0.057407
0 0.274219 0.293056 0.038021 0.043519
0 0.489583 0.165278 0.021875 0.062037
0 0.671094 0.635648 0.023438 0.062037
0 0.766927 0.677778 0.029687 0.055556
0 0.397396 0.368981 0.035417 0.036111
0 0.614062 0.248611 0.018750 0.065741
0 0.528385 0.389815 0.030729 0.053704
0 0.708333 0.626852 0.027083 0.053704
0 0.308594 0.339352 0.039062 0.036111
0 0.214583 0.303704 0.030208 0.051852
0 0.261198 0.242130 0.027604 0.054630
0 0.229427 0.356019 0.039062 0.036111
0 0.413542 0.312037 0.021875 0.070370
0 0.465885 0.187963 0.019271 0.068519
0 0.708333 0.760648 0.028125 0.062037
0 0.478906 0.395370 0.024479 0.066667
0 0.432552 0.203241 0.020313 0.063889
0 0.674479 0.489815 0.034375 0.046296
0 0.661979 0.412500 0.035417 0.045370
0 0.355729 0.338889 0.039583 0.037037
0 0.739583 0.131019 0.018750 0.065741
0 0.536719 0.447222 0.030729 0.051852
0 0.619792 0.740741 0.033333 0.053704
0 0.563802 0.356019 0.032813 0.049074
0 0.083594 0.657870 0.027604 0.063889
0 0.529427 0.697222 0.030729 0.053704
0 0.595833 0.418981 0.025000 0.058333
0 0.415104 0.442593 0.022917 0.055556
0 0.665885 0.358796 0.022396 0.060185
0 0.771094 0.446759 0.030729 0.060185
0 0.370573 0.457407 0.022396 0.064815
0 0.567448 0.221759 0.023438 0.063889
0 0.643750 0.245370 0.022917 0.062963
0 0.863802 0.526389 0.021354 0.065741
0 0.386198 0.119444 0.020313 0.064815
0 0.402604 0.253704 0.032292 0.044444
0 0.283854 0.176389 0.032292 0.054630
0 0.424740 0.811111 0.026562 0.057407
0 0.694010 0.379167 0.033854 0.054630
0 0.456771 0.287963 0.025000 0.053704
0 0.856771 0.609722 0.035417 0.039815
0 0.457292 0.720833 0.033333 0.056481
0 0.498177 0.401852 0.019271 0.064815
0 0.523958 0.334722 0.034375 0.050926
0 0.587240 0.099537 0.019271 0.063889
0 0.697135 0.678704 0.023438 0.061111
0 0.582552 0.175926 0.027604 0.050000
0 0.363802 0.735185 0.032813 0.050000
0 0.688281 0.216667 0.026562 0.055556
0 0.719792 0.566204 0.023958 0.063889
0 0.674479 0.188889 0.028125 0.061111
0 0.592708 0.712037 0.029167 0.053704
0 0.347656 0.257870 0.039062 0.037963
0 0.713281 0.305093 0.030729 0.045370
0 0.659115 0.281481 0.032813 0.044444
0 0.785417 0.561574 0.032292 0.039815
0 0.479687 0.749074 0.032292 0.046296
0 0.402865 0.183333 0.032813 0.037037
0 0.116927 0.676852 0.026562 0.061111
0 0.408073 0.140278 0.032813 0.050926
0 0.367448 0.229630 0.034896 0.042593
0 0.901042 0.183333 0.020833 0.064815
0 0.501302 0.550926 0.032813 0.048148
0 0.755990 0.507407 0.036979 0.046296
0 0.759896 0.147685 0.019792 0.067593
0 0.726302 0.479630 0.019271 0.059259
0 0.213021 0.723611 0.037500 0.056481
0 0.817708 0.823148 0.023958 0.062963
0 0.774219 0.610648 0.025521 0.063889
0 0.413021 0.523611 0.033333 0.032407
0 0.650521 0.730556 0.034375 0.037037
0 0.547135 0.769444 0.034896 0.040741
0 0.300781 0.510185 0.039062 0.044444
0 0.345313 0.486111 0.018750 0.072222
0 0.875521 0.360648 0.020833 0.063889
0 0.845313 0.821296 0.018750 0.062963
0 0.239583 0.662500 0.025000 0.065741
0 0.364583 0.548148 0.039583 0.040741
0 0.385156 0.485648 0.021354 0.067593
0 0.304167 0.605093 0.040625 0.034259
0 0.787760 0.481944 0.021354 0.060185
0 0.827344 0.698148 0.023438 0.066667
0 0.150260 0.319444 0.022396 0.070370
0 0.803125 0.873611 0.032292 0.041667
0 0.653906 0.085185 0.020313 0.057407
0 0.081250 0.579630 0.037500 0.050000
0 0.802604 0.171296 0.020833 0.064815
0 0.946875 0.445833 0.023958 0.067593
0 0.345313 0.755556 0.034375 0.048148
0 0.557292 0.434722 0.018750 0.065741
0 0.711458 0.516667 0.036458 0.046296
0 0.400781 0.708796 0.031771 0.034259
0 0.261198 0.152315 0.035937 0.049074
0 0.894792 0.256481 0.027083 0.053704
0 0.169531 0.412500 0.023438 0.071296
0 0.226042 0.104167 0.039583 0.047222
0 0.688281 0.153704 0.020313 0.062963
0 0.569010 0.673148 0.021354 0.062963
0 0.525521 0.076389 0.017708 0.069444
0 0.780729 0.164352 0.020833 0.063889
0 0.733594 0.654167 0.023438 0.060185
0 0.951042 0.264352 0.020833 0.060185
0 0.821354 0.600926 0.032292 0.057407
0 0.554427 0.304167 0.036979 0.034259
0 0.545573 0.590278 0.033854 0.030556
0 0.189323 0.393519 0.031771 0.035185
0 0.514583 0.830093 0.023958 0.056481
0 0.254948 0.596296 0.039062 0.037037
0 0.511979 0.793519 0.028125 0.053704
0 0.422135 0.089815 0.028646 0.057407
0 0.082292 0.846296 0.036458 0.048148
0 0.833333 0.747685 0.034375 0.032407
0 0.910937 0.425000 0.032292 0.035185
0 0.460156 0.857870 0.020313 0.069444
0 0.911719 0.872222 0.034896 0.053704
0 0.841667 0.080556 0.022917 0.062963
0 0.538802 0.805556 0.034896 0.051852
0 0.490885 0.252778 0.019271 0.068519
0 0.327865 0.105093 0.039062 0.043519
0 0.155990 0.372222 0.023438 0.057407
0 0.220312 0.170370 0.035417 0.037037
0 0.710156 0.809259 0.033854 0.035185
0 0.942969 0.777315 0.038021 0.037963
0 0.291406 0.556944 0.039062 0.037963
0 0.576562 0.260648 0.032292 0.039815
0 0.959375 0.547222 0.025000 0.059259
0 0.748698 0.631481 0.036979 0.050000
0 0.509375 0.166667 0.018750 0.061111
0 0.567708 0.120833 0.030208 0.034259
0 0.929167 0.173611 0.018750 0.047222
0 0.056250 0.584722 0.022917 0.067593
0 0.092448 0.890278 0.036979 0.049074
0 0.219010 0.430093 0.040104 0.045370
0 0.802083 0.220370 0.033333 0.033333
0 0.721354 0.692593 0.020833 0.061111
0 0.944010 0.742593 0.034896 0.042593
0 0.767448 0.064815 0.034896 0.037037
0 0.154167 0.696759 0.023958 0.065741
0 0.449219 0.450000 0.022396 0.050000
0 0.967448 0.317593 0.020313 0.064815
0 0.888281 0.315278 0.038021 0.032407
0 0.644792 0.844444 0.036458 0.033333
0 0.072917 0.172685 0.031250 0.063889
0 0.871094 0.068981 0.018229 0.069444
0 0.269792 0.684722 0.020833 0.060185
0 0.621615 0.097222 0.030729 0.035185
0 0.651563 0.168519 0.033333 0.038889
0 0.789844 0.112037 0.033854 0.044444
0 0.949219 0.513426 0.028646 0.069444
0 0.026823 0.665741 0.040104 0.055556
0 0.858594 0.432870 0.035937 0.045370
0 0.246875 0.851852 0.023958 0.066667
0 0.604688 0.031019 0.020833 0.058333
0 0.155990 0.906019 0.040104 0.060185
0 0.743229 0.033333 0.023958 0.057407
0 0.084115 0.512963 0.030729 0.064815
0 0.988021 0.820370 0.023958 0.061111
0 0.011979 0.544907 0.022917 0.062037
0 0.974219 0.701852 0.026562 0.062963
0 0.880729 0.428704 0.026042 0.053704
0 0.885417 0.861111 0.038542 0.037037
0 0.723958 0.024537 0.030208 0.047222
0 0.114583 0.850000 0.027083 0.044444
0 0.936198 0.835185 0.025521 0.061111
0 0.072135 0.921296 0.038021 0.055556
0 0.519271 0.472685 0.033333 0.034259
0 0.767969 0.021296 0.033854 0.040741
0 0.029167 0.238426 0.027083 0.063889
0 0.277865 0.873148 0.025521 0.057407
0 0.632031 0.015741 0.035937 0.029630
0 0.972917 0.873148 0.021875 0.066667
0 0.969531 0.059722 0.023438 0.060185
0 0.134635 0.953241 0.036979 0.041667
0 0.594531 0.369907 0.017188 0.049074
0 0.122656 0.398148 0.021354 0.044444
0 0.822135 0.036574 0.022396 0.041667
0 0.853385 0.036111 0.033854 0.040741
0 0.233854 0.825000 0.031250 0.046296
0 0.806510 0.331019 0.016146 0.036111
0 0.223958 0.208796 0.039583 0.060185
0 0.086458 0.129167 0.037500 0.069444
0 0.054688 0.020833 0.033333 0.039815
0 0.241927 0.014352 0.039062 0.026852
0 0.758073 0.918981 0.033854 0.045370
0 0.039062 0.961111 0.037500 0.038889
0 0.556510 0.890278 0.024479 0.052778
0 0.994531 0.490741 0.010937 0.050000
0 0.109635 0.952315 0.023438 0.069444
0 0.908594 0.940278 0.033854 0.054630
0 0.026823 0.100463 0.044271 0.039815
0 0.634115 0.611111 0.023438 0.038889
0 0.870833 0.756019 0.016667 0.039815
0 0.023958 0.939352 0.037500 0.056481
0 0.081771 0.061574 0.030208 0.071296
0 0.624479 0.445370 0.018750 0.033333
0 0.781510 0.360185 0.020313 0.025926
0 0.589063 0.598148 0.020833 0.040741
0 0.007812 0.773148 0.014583 0.062963
0 0.908073 0.908796 0.035937 0.028704
0 0.079427 0.980556 0.036979 0.037037
0 0.988802 0.028241 0.022396 0.036111
0 0.152865 0.053704 0.024479 0.057407
0 0.987500 0.952778 0.021875 0.064815
0 0.422396 0.011111 0.014583 0.020370
0 0.329167 0.966667 0.035417 0.051852
0 0.866406 0.945833 0.034896 0.039815
0 0.012240 0.871759 0.023438 0.063889
0 0.177865 0.556944 0.017188 0.030556
0 0.791667 0.724537 0.018750 0.026852
0 0.729688 0.765741 0.017708 0.027778
0 0.896615 0.643519 0.013021 0.020370
0 0.220312 0.392130 0.023958 0.037963
0 0.679948 0.904167 0.015104 0.026852
0 0.677604 0.766204 0.014583 0.025000
0 0.371615 0.008796 0.018229 0.015741
0 0.063542 0.970833 0.038542 0.034259
0 0.075521 0.613889 0.022917 0.029630
0 0.794271 0.986111 0.026042 0.027778
0 0.573958 0.559722 0.016667 0.032407
0 0.357292 0.980093 0.032292 0.039815
0 0.430208 0.979167 0.031250 0.041667
0 0.555469 0.975463 0.026562 0.034259
