0 0.466406 0.382870 0.030729 0.054630
0 0.210156 0.323148 0.033854 0.055556
0 0.523698 0.234722 0.020313 0.060185
0 0.399219 0.429630 0.035937 0.046296
0 0.370833 0.252315 0.019792 0.067593
0 0.453385 0.328704 0.033854 0.050000
0 0.413802 0.311111 0.023438 0.070370
0 0.521354 0.704167 0.031250 0.041667
0 0.407031 0.635185 0.034896 0.046296
0 0.236719 0.230093 0.020313 0.063889
0 0.505729 0.516204 0.021875 0.054630
0 0.095052 0.754167 0.026562 0.063889
0 0.654427 0.522222 0.029687 0.053704
0 0.606771 0.733796 0.034375 0.043519
0 0.591146 0.239352 0.025000 0.058333
0 0.570052 0.343519 0.022396 0.053704
0 0.436458 0.713426 0.034375 0.045370
0 0.170573 0.231944 0.027604 0.062037
0 0.352344 0.650463 0.035937 0.050926
0 0.495573 0.436574 0.020313 0.063889
0 0.503125 0.326389 0.025000 0.056481
0 0.522396 0.412500 0.033333 0.049074
0 0.661719 0.673611 0.030729 0.054630
0 0.607552 0.646296 0.024479 0.062963
0 0.452344 0.443519 0.022396 0.066667
0 0.227604 0.288889 0.025000 0.062963
0 0.621615 0.207407 0.030729 0.055556
0 0.413021 0.113889 0.030208 0.061111
0 0.254948 0.286574 0.032813 0.052778
0 0.679427 0.459259 0.021354 0.062963
0 0.613542 0.567130 0.021875 0.063889
0 0.554948 0.471759 0.029687 0.043519
0 0.865885 0.538426 0.032813 0.058333
0 0.523698 0.384259 0.032813 0.048148
0 0.135677 0.554167 0.030729 0.060185
0 0.400781 0.250926 0.033854 0.057407
0 0.703125 0.518519 0.034375 0.046296
0 0.586719 0.454167 0.021354 0.063889
0 0.609635 0.462500 0.018229 0.065741
0 0.544531 0.092130 0.028646 0.054630
0 0.890365 0.249537 0.021354 0.067593
0 0.117969 0.663426 0.032813 0.058333
0 0.781510 0.165278 0.021354 0.063889
0 0.457292 0.273148 0.023958 0.062963
0 0.677344 0.406019 0.032813 0.049074
0 0.508594 0.579630 0.036979 0.046296
0 0.692448 0.188889 0.027604 0.057407
0 0.964063 0.555556 0.028125 0.062963
0 0.671615 0.352778 0.029687 0.055556
0 0.255990 0.228704 0.025521 0.066667
0 0.324219 0.755556 0.033854 0.062963
0 0.276042 0.169907 0.027083 0.069444
0 0.817187 0.631019 0.036458 0.034259
0 0.772135 0.442593 0.028646 0.062963
0 0.095312 0.575926 0.040625 0.031481
0 0.668750 0.622222 0.034375 0.048148
0 0.430729 0.077778 0.034375 0.046296
0 0.731250 0.314352 0.022917 0.063889
0 0.557813 0.415278 0.018750 0.063889
0 0.585677 0.400926 0.032813 0.035185
0 0.490625 0.618519 0.035417 0.042593
0 0.401562 0.756481 0.027083 0.048148
0 0.428385 0.404167 0.036979 0.036111
0 0.206250 0.358796 0.033333 0.043519
0 0.610156 0.333333 0.017188 0.066667
0 0.179688 0.348611 0.026042 0.067593
0 0.589063 0.656481 0.035417 0.037037
0 0.526042 0.077778 0.018750 0.061111
0 0.832812 0.101852 0.020833 0.061111
0 0.732552 0.242593 0.021354 0.068519
0 0.239063 0.661111 0.022917 0.066667
0 0.779687 0.522222 0.026042 0.062963
0 0.720833 0.127778 0.018750 0.061111
0 0.390365 0.125000 0.019271 0.066667
0 0.195833 0.167593 0.030208 0.066667
0 0.371615 0.459722 0.018229 0.063889
0 0.868490 0.424074 0.033854 0.055556
0 0.358333 0.607407 0.040625 0.046296
0 0.216406 0.524537 0.029687 0.058333
0 0.251823 0.733333 0.039062 0.038889
0 0.815625 0.158796 0.019792 0.062037
0 0.551302 0.605556 0.031771 0.051852
0 0.663281 0.200000 0.036979 0.035185
0 0.637500 0.281019 0.038542 0.039815
0 0.316927 0.204630 0.039062 0.037037
0 0.757031 0.580556 0.036979 0.040741
0 0.103385 0.327778 0.029687 0.064815
0 0.241927 0.410648 0.031771 0.065741
0 0.714583 0.688889 0.022917 0.057407
0 0.154427 0.692593 0.022396 0.066667
0 0.745313 0.106019 0.023958 0.062037
0 0.702865 0.796296 0.030729 0.055556
0 0.564583 0.809259 0.020833 0.062963
0 0.304688 0.671759 0.039583 0.037963
0 0.514323 0.043981 0.017188 0.058333
0 0.654167 0.454630 0.019792 0.070370
0 0.442188 0.180093 0.033333 0.047222
0 0.852344 0.113426 0.023438 0.062037
0 0.292969 0.092593 0.027604 0.062963
0 0.759635 0.674537 0.033854 0.045370
0 0.509115 0.165741 0.019271 0.061111
0 0.795573 0.186574 0.020313 0.067593
0 0.823438 0.379630 0.037500 0.040741
0 0.515885 0.803704 0.030729 0.061111
0 0.877604 0.358333 0.019792 0.068519
0 0.768229 0.245833 0.025000 0.069444
0 0.115625 0.752778 0.021875 0.062963
0 0.913802 0.343981 0.040104 0.041667
0 0.745313 0.372685 0.037500 0.036111
0 0.060937 0.725926 0.034375 0.042593
0 0.687240 0.592130 0.034896 0.039815
0 0.946875 0.447685 0.026042 0.065741
0 0.740104 0.640741 0.034375 0.046296
0 0.193229 0.658796 0.023958 0.062037
0 0.446354 0.030556 0.028125 0.057407
0 0.699479 0.058796 0.034375 0.039815
0 0.707812 0.256944 0.020833 0.058333
0 0.135677 0.756944 0.027604 0.060185
0 0.783073 0.689815 0.023438 0.064815
0 0.704427 0.743981 0.036979 0.032407
0 0.386458 0.045370 0.033333 0.040741
0 0.345833 0.486574 0.018750 0.071296
0 0.517969 0.472685 0.033854 0.039815
0 0.022135 0.739815 0.040104 0.040741
0 0.142448 0.442593 0.030729 0.042593
0 0.760938 0.624537 0.039583 0.039815
0 0.641406 0.372222 0.020313 0.070370
0 0.924740 0.275000 0.039062 0.044444
0 0.726302 0.194444 0.033854 0.033333
0 0.741927 0.539352 0.024479 0.058333
0 0.491927 0.871759 0.025521 0.065741
0 0.388021 0.075000 0.035417 0.040741
0 0.903385 0.389352 0.038021 0.034259
0 0.856771 0.350000 0.026042 0.068519
0 0.620833 0.098611 0.033333 0.037963
0 0.332813 0.815278 0.038542 0.045370
0 0.085677 0.284259 0.034896 0.046296
0 0.942969 0.801852 0.034896 0.051852
0 0.839063 0.731481 0.021875 0.072222
0 0.924740 0.625000 0.041146 0.035185
0 0.472917 0.180556 0.029167 0.042593
0 0.798438 0.310648 0.029167 0.050926
0 0.187240 0.256944 0.030729 0.067593
0 0.355729 0.339352 0.038542 0.043519
0 0.803385 0.074537 0.029687 0.056481
0 0.963802 0.747222 0.036979 0.040741
0 0.871354 0.064352 0.019792 0.067593
0 0.143750 0.831944 0.034375 0.067593
0 0.641667 0.064352 0.036458 0.045370
0 0.031250 0.783333 0.023958 0.061111
0 0.300260 0.511574 0.038021 0.039815
0 0.973958 0.337963 0.037500 0.042593
0 0.300000 0.845833 0.030208 0.054630
0 0.083854 0.511574 0.031250 0.063889
0 0.043750 0.409722 0.034375 0.049074
0 0.225781 0.104167 0.040104 0.047222
0 0.882552 0.125463 0.035937 0.045370
0 0.375781 0.022222 0.035937 0.042593
0 0.670833 0.842593 0.032292 0.046296
0 0.489583 0.783333 0.033333 0.062963
0 0.922656 0.497222 0.039062 0.033333
0 0.980729 0.842593 0.034375 0.046296
0 0.018490 0.551852 0.026562 0.064815
0 0.870573 0.751389 0.020313 0.052778
0 0.459375 0.854630 0.026042 0.064815
0 0.633594 0.858333 0.033854 0.053704
0 0.164583 0.326389 0.026042 0.037963
0 0.846094 0.820833 0.019271 0.065741
0 0.797135 0.118519 0.031771 0.046296
0 0.817187 0.821296 0.023958 0.062963
0 0.225260 0.178704 0.033854 0.033333
0 0.140365 0.168056 0.045312 0.039815
0 0.357552 0.708333 0.029687 0.031481
0 0.434375 0.460648 0.030208 0.032407
0 0.723437 0.570370 0.022917 0.068519
0 0.800000 0.871759 0.035417 0.043519
0 0.392448 0.218981 0.027604 0.043519
0 0.043490 0.934722 0.035937 0.056481
0 0.799479 0.772222 0.031250 0.038889
0 0.975781 0.688426 0.027604 0.054630
0 0.975260 0.177315 0.025521 0.062037
0 0.725000 0.023611 0.031250 0.045370
0 0.579948 0.016667 0.035937 0.031481
0 0.631771 0.017130 0.035417 0.032407
0 0.244271 0.864815 0.021875 0.066667
0 0.012760 0.477778 0.024479 0.051852
0 0.932292 0.868981 0.019792 0.069444
0 0.206771 0.570370 0.019792 0.042593
0 0.134375 0.711574 0.029167 0.049074
0 0.129688 0.929167 0.029167 0.062037
0 0.583333 0.594907 0.025000 0.050926
0 0.107031 0.950926 0.021354 0.070370
0 0.633073 0.445833 0.027604 0.034259
0 0.234635 0.823611 0.032813 0.045370
0 0.024740 0.187037 0.033854 0.050000
0 0.898698 0.902315 0.041146 0.032407
0 0.970573 0.060648 0.022396 0.058333
0 0.219271 0.392130 0.025000 0.026852
0 0.820573 0.030556 0.017188 0.048148
0 0.692187 0.674537 0.022917 0.065741
0 0.080469 0.080556 0.027604 0.068519
0 0.994010 0.493056 0.011979 0.050926
0 0.941667 0.970833 0.023958 0.049074
0 0.013021 0.927778 0.025000 0.033333
0 0.119271 0.853241 0.027083 0.041667
0 0.150260 0.038426 0.026562 0.063889
0 0.964583 0.916204 0.032292 0.039815
0 0.012240 0.865278 0.023438 0.050926
0 0.836719 0.979630 0.035937 0.037037
0 0.583333 0.713426 0.020833 0.047222
0 0.996094 0.215278 0.007812 0.056481
0 0.014323 0.968056 0.027604 0.034259
0 0.770312 0.937037 0.036458 0.038889
0 0.083594 0.971759 0.036979 0.049074
0 0.201563 0.016667 0.021875 0.031481
0 0.247396 0.011574 0.019792 0.021296
0 0.092969 0.937037 0.022396 0.040741
0 0.076302 0.613426 0.021354 0.026852
0 0.008594 0.059259 0.016146 0.040741
0 0.095833 0.155093 0.017708 0.030556
0 0.804948 0.975000 0.028646 0.040741
0 0.828385 0.946759 0.034896 0.049074
0 0.986719 0.887037 0.026562 0.062963
0 0.129688 0.989352 0.035417 0.021296
0 0.974219 0.975926 0.031771 0.037037
0 0.896875 0.963889 0.027083 0.055556
0 0.830469 0.466204 0.020313 0.026852
0 0.105990 0.150926 0.029687 0.051852
0 0.985677 0.950000 0.026562 0.044444
0 0.404427 0.975000 0.035937 0.040741
0 0.772656 0.989815 0.023438 0.020370
0 0.035156 0.345833 0.017188 0.028704
0 0.982552 0.923148 0.033854 0.051852
0 0.526042 0.979167 0.035417 0.041667
0 0.626823 0.972685 0.028646 0.039815
0 0.358073 0.978241 0.029687 0.043519
