0 0.525000 0.137037 0.019792 0.062963
0 0.455208 0.268981 0.023958 0.063889
0 0.177083 0.403704 0.028125 0.055556
0 0.554427 0.210648 0.022396 0.060185
0 0.746354 0.364352 0.027083 0.062037
0 0.467187 0.412500 0.034375 0.050926
0 0.387240 0.236574 0.027604 0.062037
0 0.615104 0.585185 0.019792 0.064815
0 0.660417 0.485185 0.021875 0.061111
0 0.457552 0.340741 0.033854 0.038889
0 0.566667 0.161111 0.021875 0.066667
0 0.930469 0.582407 0.020313 0.062963
0 0.411979 0.312963 0.032292 0.061111
0 0.122917 0.484722 0.029167 0.063889
0 0.705469 0.591204 0.021354 0.060185
0 0.658854 0.185648 0.018750 0.063889
0 0.410417 0.530556 0.029167 0.051852
0 0.552083 0.531944 0.037500 0.037963
0 0.635417 0.469907 0.027083 0.049074
0 0.320052 0.447685 0.022396 0.065741
0 0.463021 0.168519 0.019792 0.066667
0 0.049219 0.560648 0.031771 0.063889
0 0.561198 0.564352 0.036979 0.037963
0 0.525781 0.292593 0.032813 0.050000
0 0.644271 0.554167 0.035417 0.034259
0 0.653125 0.635185 0.033333 0.042593
0 0.856771 0.540278 0.027083 0.049074
0 0.605729 0.328704 0.023958 0.064815
0 0.530990 0.391204 0.019271 0.063889
0 0.502604 0.406481 0.022917 0.066667
0 0.348438 0.835185 0.032292 0.062963
0 0.166406 0.445370 0.020313 0.070370
0 0.561719 0.314815 0.027604 0.064815
0 0.661719 0.253704 0.023438 0.057407
0 0.286979 0.464815 0.038542 0.040741
0 0.550000 0.254630 0.031250 0.059259
0 0.427083 0.718056 0.030208 0.062037
0 0.411979 0.787500 0.032292 0.054630
0 0.478385 0.234259 0.031771 0.044444
0 0.592448 0.187037 0.030729 0.057407
0 0.588542 0.249074 0.019792 0.064815
0 0.094271 0.587500 0.040625 0.054630
0 0.366406 0.471296 0.017188 0.066667
0 0.250521 0.530556 0.035417 0.044444
0 0.537240 0.092130 0.026562 0.058333
0 0.701823 0.450000 0.030729 0.046296
0 0.406250 0.204167 0.026042 0.058333
0 0.423698 0.469444 0.020313 0.068519
0 0.503125 0.545370 0.017708 0.070370
0 0.629167 0.334259 0.022917 0.057407
0 0.953906 0.499074 0.033854 0.050000
0 0.196354 0.366667 0.034375 0.048148
0 0.200260 0.483796 0.035937 0.052778
0 0.692187 0.708333 0.036458 0.044444
0 0.640885 0.235185 0.021354 0.059259
0 0.384635 0.181944 0.034896 0.045370
0 0.297656 0.383796 0.031771 0.067593
0 0.774740 0.857407 0.036979 0.040741
0 0.487760 0.489815 0.019271 0.068519
0 0.844531 0.423611 0.022396 0.056481
0 0.726302 0.562500 0.024479 0.062037
0 0.594792 0.665741 0.022917 0.066667
0 0.740104 0.121759 0.022917 0.052778
0 0.064844 0.590741 0.024479 0.064815
0 0.383073 0.050000 0.023438 0.066667
0 0.773177 0.779167 0.024479 0.045370
0 0.539062 0.797685 0.029167 0.065741
0 0.295833 0.795370 0.026042 0.064815
0 0.204948 0.313889 0.021354 0.061111
0 0.710677 0.823611 0.031771 0.041667
0 0.905469 0.486111 0.026562 0.059259
0 0.716146 0.277778 0.019792 0.062963
0 0.668490 0.327315 0.016146 0.062037
0 0.488021 0.099074 0.033333 0.044444
0 0.396615 0.558796 0.032813 0.058333
0 0.687760 0.481019 0.033854 0.032407
0 0.128125 0.532870 0.036458 0.063889
0 0.345052 0.502778 0.019271 0.070370
0 0.462500 0.701852 0.031250 0.066667
0 0.879167 0.368056 0.023958 0.060185
0 0.892188 0.542593 0.033333 0.035185
0 0.344531 0.044907 0.023438 0.069444
0 0.933333 0.287037 0.022917 0.061111
0 0.213281 0.565741 0.036979 0.035185
0 0.907031 0.235648 0.021354 0.062037
0 0.605729 0.049074 0.033333 0.051852
0 0.386198 0.093981 0.034896 0.049074
0 0.131771 0.379630 0.034375 0.038889
0 0.202865 0.622685 0.039062 0.034259
0 0.772656 0.488889 0.033854 0.040741
0 0.093490 0.723611 0.026562 0.065741
0 0.134635 0.208796 0.038021 0.050926
0 0.699479 0.281019 0.017708 0.058333
0 0.856771 0.341667 0.023958 0.062963
0 0.239583 0.117130 0.029167 0.062037
0 0.758594 0.168519 0.033854 0.046296
0 0.328646 0.807407 0.039583 0.037037
0 0.468490 0.059259 0.028646 0.061111
0 0.856250 0.135648 0.023958 0.058333
0 0.338542 0.381481 0.039583 0.053704
0 0.308854 0.738426 0.034375 0.045370
0 0.042448 0.689815 0.023438 0.062963
0 0.702344 0.089815 0.027604 0.050000
0 0.967187 0.342130 0.022917 0.063889
0 0.115104 0.860185 0.038542 0.055556
0 0.823958 0.480093 0.026042 0.062037
0 0.862500 0.196296 0.032292 0.037037
0 0.101302 0.147685 0.038021 0.049074
0 0.012240 0.625926 0.022396 0.061111
0 0.434896 0.200463 0.037500 0.034259
0 0.472135 0.752315 0.034896 0.041667
0 0.637500 0.059259 0.022917 0.059259
0 0.251042 0.167130 0.022917 0.071296
0 0.695052 0.780556 0.036979 0.040741
0 0.232552 0.376852 0.030729 0.053704
0 0.919271 0.444907 0.040625 0.034259
0 0.952865 0.139352 0.021354 0.062037
0 0.869531 0.056944 0.025521 0.062037
0 0.920312 0.652315 0.033333 0.030556
0 0.103646 0.793056 0.023958 0.069444
0 0.075260 0.225000 0.040104 0.040741
0 0.828646 0.325926 0.034375 0.046296
0 0.787760 0.694907 0.032813 0.045370
0 0.248958 0.645370 0.025000 0.066667
0 0.042188 0.257407 0.021875 0.062963
0 0.223698 0.470833 0.039062 0.036111
0 0.730469 0.066667 0.031771 0.050000
0 0.789323 0.221296 0.024479 0.053704
0 0.972396 0.748611 0.033333 0.039815
0 0.898698 0.731481 0.027604 0.037037
0 0.125521 0.741667 0.036458 0.037037
0 0.153385 0.691204 0.028646 0.060185
0 0.847917 0.042130 0.019792 0.063889
0 0.368490 0.773148 0.026562 0.062963
0 0.970052 0.673611 0.029687 0.049074
0 0.863542 0.283333 0.031250 0.031481
0 0.826302 0.071296 0.027604 0.057407
0 0.119531 0.127315 0.039062 0.052778
0 0.908594 0.322222 0.021354 0.061111
0 0.953906 0.312963 0.027604 0.053704
0 0.866927 0.649074 0.036979 0.038889
0 0.967187 0.780556 0.023958 0.053704
0 0.853385 0.797222 0.027604 0.051852
0 0.669531 0.094444 0.033854 0.042593
0 0.045833 0.845833 0.021875 0.063889
0 0.028385 0.194444 0.021354 0.066667
0 0.074479 0.750000 0.022917 0.066667
0 0.712240 0.918981 0.025521 0.054630
0 0.198437 0.671296 0.025000 0.042593
0 0.823958 0.689815 0.039583 0.038889
0 0.874740 0.890278 0.036979 0.039815
0 0.394792 0.755556 0.025000 0.064815
0 0.750260 0.735185 0.034896 0.031481
0 0.467448 0.843981 0.038021 0.045370
0 0.968490 0.205556 0.033854 0.048148
0 0.830990 0.136574 0.030729 0.049074
0 0.820052 0.191204 0.032813 0.052778
0 0.303385 0.079630 0.028646 0.059259
0 0.578906 0.715741 0.029687 0.048148
0 0.038542 0.785185 0.040625 0.051852
0 0.578385 0.093056 0.034896 0.060185
0 0.934375 0.356944 0.026042 0.058333
0 0.918750 0.764352 0.029167 0.032407
0 0.424219 0.228241 0.040104 0.036111
0 0.923698 0.127778 0.035937 0.046296
0 0.567969 0.048148 0.036979 0.042593
0 0.466146 0.026389 0.025000 0.049074
0 0.556510 0.108333 0.032813 0.038889
0 0.396354 0.147222 0.031250 0.033333
0 0.935417 0.878241 0.035417 0.041667
0 0.529167 0.037500 0.036458 0.034259
0 0.870052 0.102778 0.034896 0.033333
0 0.766927 0.287963 0.028646 0.044444
0 0.651563 0.831944 0.019792 0.067593
0 0.988021 0.450000 0.020833 0.042593
0 0.880469 0.840278 0.033854 0.041667
0 0.768750 0.248148 0.027083 0.042593
0 0.359896 0.868056 0.020833 0.071296
0 0.010677 0.769444 0.020313 0.068519
0 0.884115 0.446759 0.020313 0.063889
0 0.683333 0.897685 0.023958 0.062037
0 0.023177 0.337963 0.042188 0.040741
0 0.957292 0.859259 0.032292 0.042593
0 0.008333 0.187500 0.015625 0.060185
0 0.112240 0.068981 0.043229 0.045370
0 0.641406 0.916667 0.020313 0.064815
0 0.014323 0.093056 0.025521 0.063889
0 0.067187 0.906481 0.029167 0.053704
0 0.263281 0.827315 0.018229 0.058333
0 0.188802 0.897685 0.042188 0.041667
0 0.863021 0.919907 0.034375 0.045370
0 0.671615 0.936111 0.033854 0.048148
0 0.876042 0.939352 0.026042 0.054630
0 0.995313 0.552778 0.009375 0.042593
0 0.034115 0.453704 0.023438 0.044444
0 0.451562 0.893056 0.032292 0.043519
0 0.073177 0.501389 0.021354 0.037963
0 0.697656 0.979630 0.031771 0.040741
0 0.734896 0.944907 0.035417 0.043519
0 0.936198 0.976852 0.034896 0.033333
0 0.292969 0.922222 0.032813 0.046296
0 0.730729 0.011574 0.025000 0.021296
0 0.363542 0.943056 0.023958 0.056481
0 0.658594 0.698148 0.016146 0.042593
0 0.930469 0.022222 0.036979 0.042593
0 0.011458 0.867130 0.021875 0.049074
0 0.832031 0.012500 0.028646 0.023148
0 0.589583 0.364815 0.018750 0.040741
0 0.012760 0.912037 0.024479 0.044444
0 0.931771 0.945833 0.033333 0.036111
0 0.584635 0.968981 0.034896 0.041667
0 0.338281 0.576852 0.016146 0.031481
0 0.290104 0.202315 0.018750 0.028704
0 0.645312 0.979630 0.038542 0.037037
0 0.566146 0.875000 0.039583 0.033333
0 0.742969 0.963889 0.040104 0.044444
0 0.563021 0.948148 0.037500 0.061111
0 0.384115 0.969907 0.038021 0.045370
0 0.454427 0.477778 0.018229 0.033333
0 0.307552 0.971759 0.026562 0.049074
0 0.567969 0.382870 0.014063 0.025000
0 0.178646 0.557870 0.017708 0.028704
0 0.544010 0.883333 0.023438 0.033333
0 0.226562 0.935185 0.034375 0.046296
0 0.557031 0.644444 0.016146 0.022222
0 0.415104 0.100463 0.013542 0.025000
0 0.105208 0.979630 0.032292 0.029630
0 0.336458 0.973148 0.037500 0.051852
0 0.966667 0.908333 0.051042 0.035185
0 0.418490 0.960648 0.051562 0.062037
0 0.636198 0.127315 0.024479 0.060185
0 0.665104 0.131944 0.032292 0.043519
0 0.994531 0.314815 0.010937 0.033333
0 0.995052 0.096296 0.009896 0.022222
0 0.995573 0.052778 0.008854 0.029630
0 0.836719 0.725463 0.040104 0.028704
0 0.836198 0.757407 0.030729 0.037037
0 0.848698 0.746759 0.021354 0.028704
0 0.871094 0.773148 0.017188 0.066667
0 0.889062 0.780556 0.025000 0.064815
0 0.844792 0.837963 0.025000 0.053704
0 0.765104 0.709722 0.031250 0.058333
0 0.706510 0.675463 0.027604 0.069444
0 0.684115 0.617593 0.027604 0.051852
0 0.722656 0.633796 0.038021 0.045370
0 0.750000 0.632870 0.026042 0.069444
0 0.766146 0.637500 0.021875 0.069444
0 0.786198 0.621296 0.021354 0.075926
0 0.824740 0.621296 0.024479 0.068519
0 0.883333 0.681944 0.032292 0.054630
0 0.911719 0.836574 0.029687 0.045370
0 0.925521 0.851389 0.017708 0.052778
0 0.676042 0.826389 0.036458 0.052778
0 0.666927 0.868981 0.034896 0.054630
0 0.382552 0.557407 0.020313 0.033333
0 0.986458 0.783796 0.027083 0.045370
0 0.248438 0.821296 0.027083 0.070370
0 0.233073 0.823611 0.030729 0.041667
0 0.247396 0.764352 0.017708 0.026852
0 0.518750 0.975463 0.027083 0.049074
0 0.496354 0.969444 0.017708 0.040741
0 0.535937 0.984722 0.019792 0.030556
0 0.683073 0.255556 0.020313 0.072222
0 0.687500 0.307870 0.012500 0.034259
0 0.990365 0.658333 0.019271 0.046296
0 0.986198 0.975463 0.024479 0.015741
