0 0.485938 0.311111 0.027083 0.059259
0 0.651042 0.556481 0.030208 0.059259
0 0.708854 0.511574 0.029167 0.054630
0 0.615885 0.525000 0.033854 0.044444
0 0.396875 0.346759 0.035417 0.050926
0 0.647135 0.503241 0.035937 0.047222
0 0.690365 0.312037 0.023438 0.057407
0 0.491667 0.637500 0.032292 0.058333
0 0.608073 0.613426 0.022396 0.060185
0 0.644271 0.646759 0.034375 0.049074
0 0.727344 0.563426 0.026562 0.063889
0 0.480990 0.395370 0.024479 0.064815
0 0.692187 0.135648 0.019792 0.063889
0 0.803385 0.478704 0.029687 0.061111
0 0.647656 0.228241 0.025521 0.060185
0 0.292448 0.359722 0.025521 0.062037
0 0.360156 0.451389 0.025521 0.063889
0 0.672396 0.687963 0.027083 0.050000
0 0.453125 0.178241 0.029167 0.054630
0 0.552604 0.243981 0.022917 0.060185
0 0.771615 0.444444 0.035937 0.048148
0 0.703906 0.219444 0.024479 0.064815
0 0.714063 0.110185 0.023958 0.061111
0 0.534375 0.809722 0.032292 0.049074
0 0.306771 0.263426 0.029167 0.056481
0 0.413802 0.309259 0.020313 0.066667
0 0.671615 0.111574 0.023438 0.056481
0 0.246615 0.166204 0.027604 0.062037
0 0.467448 0.742130 0.032813 0.049074
0 0.523958 0.235185 0.036458 0.051852
0 0.880208 0.600463 0.022917 0.067593
0 0.782031 0.525000 0.025521 0.061111
0 0.609635 0.674537 0.030729 0.052778
0 0.388542 0.270833 0.031250 0.052778
0 0.385937 0.213889 0.033333 0.048148
0 0.801042 0.676389 0.023958 0.056481
0 0.568750 0.221759 0.021875 0.063889
0 0.308594 0.215278 0.026562 0.060185
0 0.551042 0.476389 0.027083 0.060185
0 0.311719 0.159722 0.022396 0.058333
0 0.648698 0.599537 0.030729 0.049074
0 0.433073 0.206019 0.018229 0.063889
0 0.459375 0.398611 0.017708 0.067593
0 0.603646 0.450463 0.017708 0.063889
0 0.523698 0.076852 0.018229 0.072222
0 0.858073 0.431481 0.032813 0.061111
0 0.792448 0.394907 0.030729 0.054630
0 0.588542 0.393056 0.023958 0.050926
0 0.693490 0.600463 0.021354 0.060185
0 0.651042 0.298611 0.023958 0.062037
0 0.778125 0.161111 0.020833 0.062963
0 0.345052 0.205556 0.025521 0.059259
0 0.592969 0.303704 0.019271 0.064815
0 0.516667 0.363889 0.027083 0.050000
0 0.773698 0.075926 0.024479 0.057407
0 0.561719 0.417130 0.031771 0.039815
0 0.720313 0.649074 0.033333 0.048148
0 0.620833 0.385648 0.018750 0.060185
0 0.258594 0.115278 0.025521 0.065741
0 0.375260 0.584722 0.032813 0.049074
0 0.617969 0.281944 0.033854 0.045370
0 0.352865 0.346759 0.034896 0.058333
0 0.750781 0.356019 0.021354 0.062037
0 0.689583 0.265278 0.036458 0.043519
0 0.640365 0.356944 0.017188 0.063889
0 0.784115 0.619907 0.023438 0.065741
0 0.482812 0.106019 0.031250 0.050926
0 0.122135 0.345833 0.029687 0.054630
0 0.885156 0.221296 0.030729 0.055556
0 0.117969 0.651389 0.031771 0.058333
0 0.729167 0.175463 0.019792 0.065741
0 0.745833 0.406019 0.037500 0.043519
0 0.542708 0.312963 0.033333 0.048148
0 0.639062 0.423148 0.037500 0.038889
0 0.494271 0.252315 0.021875 0.063889
0 0.499219 0.397222 0.018229 0.066667
0 0.890365 0.127315 0.027604 0.056481
0 0.458854 0.068056 0.031250 0.060185
0 0.840365 0.176389 0.023438 0.062037
0 0.846094 0.822222 0.019271 0.064815
0 0.704427 0.687037 0.022396 0.064815
0 0.714063 0.819444 0.029167 0.059259
0 0.835156 0.639352 0.033854 0.043519
0 0.410417 0.687037 0.036458 0.044444
0 0.362500 0.777778 0.026042 0.061111
0 0.146875 0.238426 0.026042 0.069444
0 0.772135 0.577778 0.035937 0.037037
0 0.240625 0.658333 0.026042 0.062963
0 0.530469 0.538889 0.019271 0.068519
0 0.957812 0.423611 0.026042 0.060185
0 0.278385 0.593519 0.038021 0.044444
0 0.255990 0.703704 0.027604 0.062963
0 0.744531 0.651389 0.019271 0.062037
0 0.573958 0.501852 0.018750 0.064815
0 0.684896 0.051852 0.031250 0.059259
0 0.351042 0.155093 0.038542 0.041667
0 0.417708 0.480556 0.019792 0.059259
0 0.523177 0.724074 0.029687 0.059259
0 0.893750 0.254630 0.030208 0.055556
0 0.767708 0.643981 0.021875 0.058333
0 0.439063 0.119907 0.033333 0.037963
0 0.833854 0.224074 0.037500 0.040741
0 0.722917 0.029630 0.021875 0.055556
0 0.706771 0.382870 0.034375 0.047222
0 0.378125 0.401852 0.028125 0.061111
0 0.346094 0.487500 0.020313 0.073148
0 0.401562 0.807870 0.018750 0.062037
0 0.874219 0.720370 0.032813 0.050000
0 0.849479 0.737500 0.026042 0.047222
0 0.417969 0.576852 0.036979 0.037037
0 0.613542 0.173611 0.019792 0.062037
0 0.354167 0.247222 0.037500 0.035185
0 0.299740 0.509722 0.036979 0.045370
0 0.810677 0.832870 0.027604 0.058333
0 0.823958 0.742130 0.030208 0.050926
0 0.573958 0.046296 0.028125 0.062963
0 0.591667 0.118056 0.031250 0.049074
0 0.544271 0.368981 0.033333 0.039815
0 0.053906 0.588889 0.040104 0.040741
0 0.533594 0.150926 0.029687 0.057407
0 0.144531 0.637500 0.024479 0.062037
0 0.808333 0.051389 0.032292 0.045370
0 0.965625 0.507870 0.023958 0.060185
0 0.344531 0.574537 0.040104 0.041667
0 0.876563 0.358796 0.021875 0.069444
0 0.414062 0.615278 0.033333 0.034259
0 0.192188 0.262500 0.018750 0.067593
0 0.645312 0.174074 0.029167 0.050000
0 0.897135 0.375000 0.024479 0.040741
0 0.400781 0.739352 0.035937 0.034259
0 0.479427 0.148148 0.034896 0.037037
0 0.074740 0.791667 0.040104 0.053704
0 0.875260 0.676852 0.031771 0.037037
0 0.154167 0.695833 0.025000 0.065741
0 0.225521 0.103704 0.038542 0.048148
0 0.422396 0.251389 0.037500 0.032407
0 0.050000 0.623611 0.039583 0.039815
0 0.321354 0.120370 0.031250 0.050000
0 0.217708 0.169907 0.032292 0.034259
0 0.581250 0.171296 0.036458 0.046296
0 0.816146 0.093519 0.037500 0.035185
0 0.956250 0.814815 0.026042 0.057407
0 0.518229 0.772222 0.026042 0.059259
0 0.270573 0.225926 0.040104 0.033333
0 0.177083 0.631019 0.038542 0.043519
0 0.388021 0.660648 0.032292 0.039815
0 0.816146 0.557407 0.032292 0.061111
0 0.130469 0.584722 0.035937 0.050926
0 0.028125 0.554167 0.039583 0.039815
0 0.870833 0.067130 0.018750 0.069444
0 0.621354 0.101389 0.035417 0.037963
0 0.120833 0.420370 0.031250 0.048148
0 0.508594 0.168519 0.018229 0.061111
0 0.630469 0.880093 0.031771 0.054630
0 0.620313 0.070370 0.036458 0.037037
0 0.056771 0.691667 0.041667 0.046296
0 0.390885 0.702778 0.036979 0.035185
0 0.334115 0.081944 0.038021 0.043519
0 0.982552 0.812037 0.031771 0.037037
0 0.179427 0.213426 0.039062 0.045370
0 0.800521 0.888426 0.036458 0.041667
0 0.932031 0.835185 0.035937 0.042593
0 0.083594 0.512500 0.031771 0.060185
0 0.945052 0.449074 0.023438 0.064815
0 0.497396 0.743519 0.019792 0.062963
0 0.143750 0.746296 0.034375 0.044444
0 0.118229 0.467130 0.042708 0.043519
0 0.049740 0.467130 0.030729 0.047222
0 0.224479 0.381944 0.037500 0.050926
0 0.206510 0.044444 0.028646 0.061111
0 0.803125 0.736111 0.032292 0.044444
0 0.016146 0.719907 0.031250 0.039815
0 0.019271 0.799537 0.034375 0.058333
0 0.058073 0.275463 0.031771 0.039815
0 0.085417 0.249537 0.038542 0.039815
0 0.412240 0.896759 0.023438 0.058333
0 0.017188 0.510185 0.031250 0.053704
0 0.864583 0.025926 0.034375 0.046296
0 0.268490 0.792593 0.025521 0.051852
0 0.459896 0.848611 0.020833 0.067593
0 0.980990 0.842130 0.035937 0.037963
0 0.175260 0.852778 0.039062 0.046296
0 0.743490 0.018056 0.025521 0.034259
0 0.985417 0.352315 0.028125 0.037963
0 0.242188 0.232870 0.025000 0.045370
0 0.199219 0.686111 0.030729 0.059259
0 0.014583 0.631944 0.028125 0.041667
0 0.244792 0.856944 0.025000 0.063889
0 0.632552 0.017130 0.034896 0.032407
0 0.518750 0.471759 0.032292 0.032407
0 0.993750 0.489352 0.012500 0.050926
0 0.836719 0.894444 0.039062 0.038889
0 0.153385 0.055093 0.026562 0.056481
0 0.233854 0.820833 0.031250 0.041667
0 0.116927 0.057407 0.040104 0.042593
0 0.191927 0.015741 0.038021 0.029630
0 0.049219 0.190278 0.031771 0.041667
0 0.908333 0.147222 0.017708 0.035185
0 0.401302 0.931481 0.028646 0.062963
0 0.699479 0.019907 0.025000 0.037963
0 0.052865 0.084259 0.021354 0.074074
0 0.976302 0.042130 0.021354 0.049074
0 0.730208 0.767130 0.017708 0.025000
0 0.084896 0.905556 0.031250 0.062963
0 0.110677 0.865278 0.033854 0.036111
0 0.581250 0.866667 0.020833 0.053704
0 0.108594 0.952778 0.027604 0.064815
0 0.451562 0.940741 0.034375 0.057407
0 0.422135 0.011111 0.015104 0.020370
0 0.988542 0.237037 0.020833 0.037037
0 0.242969 0.952778 0.023438 0.066667
0 0.519271 0.943519 0.023958 0.061111
0 0.980208 0.876389 0.028125 0.034259
0 0.084896 0.975926 0.036458 0.038889
0 0.204167 0.965741 0.029167 0.059259
0 0.604688 0.936111 0.035417 0.046296
0 0.484375 0.953704 0.039583 0.057407
0 0.679688 0.904630 0.015625 0.027778
0 0.012760 0.893981 0.024479 0.032407
0 0.050260 0.965741 0.041146 0.048148
0 0.462240 0.973611 0.031771 0.032407
0 0.902865 0.950926 0.028646 0.074074
0 0.877083 0.979167 0.030208 0.041667
0 0.178125 0.556944 0.016667 0.028704
0 0.713281 0.896296 0.030729 0.033333
0 0.138802 0.976389 0.028646 0.043519
0 0.363542 0.976389 0.042708 0.047222
0 0.304948 0.982407 0.032813 0.035185
0 0.561719 0.968981 0.033854 0.047222
0 0.654427 0.979167 0.033854 0.041667
