0 0.581771 0.301389 0.027083 0.062037
0 0.523438 0.396759 0.021875 0.062037
0 0.391146 0.445833 0.035417 0.052778
0 0.492969 0.264815 0.030729 0.059259
0 0.370573 0.504167 0.022396 0.065741
0 0.509375 0.484722 0.026042 0.060185
0 0.636979 0.453704 0.028125 0.055556
0 0.673958 0.328241 0.020833 0.062037
0 0.627604 0.187500 0.021875 0.063889
0 0.722917 0.682407 0.031250 0.057407
0 0.432292 0.484722 0.018750 0.063889
0 0.536979 0.261111 0.031250 0.053704
0 0.593490 0.406019 0.032813 0.043519
0 0.205208 0.317130 0.021875 0.065741
0 0.340625 0.502315 0.022917 0.071296
0 0.557813 0.190741 0.028125 0.064815
0 0.538802 0.089352 0.027604 0.058333
0 0.631771 0.713426 0.032292 0.039815
0 0.402344 0.263889 0.027604 0.066667
0 0.507552 0.340741 0.030729 0.059259
0 0.662240 0.652315 0.033854 0.056481
0 0.424219 0.109722 0.028646 0.060185
0 0.648958 0.504167 0.018750 0.063889
0 0.881510 0.621296 0.027604 0.059259
0 0.728125 0.565741 0.028125 0.062963
0 0.710677 0.301852 0.025521 0.061111
0 0.251302 0.406481 0.027604 0.062963
0 0.755990 0.439352 0.028646 0.060185
0 0.882552 0.181019 0.026562 0.056481
0 0.775000 0.574537 0.023958 0.065741
0 0.372917 0.213426 0.035417 0.054630
0 0.646354 0.242130 0.019792 0.058333
0 0.706250 0.594444 0.023958 0.064815
0 0.692448 0.654630 0.026562 0.061111
0 0.507812 0.537500 0.034375 0.045370
0 0.276302 0.370370 0.020313 0.066667
0 0.467187 0.701389 0.029167 0.063889
0 0.954427 0.498148 0.034896 0.048148
0 0.626302 0.776852 0.025521 0.062963
0 0.892448 0.568519 0.028646 0.057407
0 0.499740 0.407407 0.022396 0.062963
0 0.629687 0.326389 0.027083 0.063889
0 0.689844 0.396296 0.017188 0.057407
0 0.199219 0.368056 0.040104 0.036111
0 0.324219 0.455556 0.018229 0.066667
0 0.630729 0.392593 0.032292 0.051852
0 0.242969 0.359259 0.018229 0.066667
0 0.412240 0.373148 0.036979 0.037037
0 0.530469 0.817130 0.022396 0.058333
0 0.651563 0.347222 0.017708 0.061111
0 0.934375 0.286111 0.029167 0.055556
0 0.681250 0.714352 0.033333 0.043519
0 0.851302 0.825926 0.023438 0.055556
0 0.324479 0.196296 0.022917 0.062963
0 0.780990 0.756019 0.032813 0.047222
0 0.753646 0.634259 0.023958 0.062963
0 0.436979 0.206944 0.033333 0.037963
0 0.710677 0.843519 0.023438 0.062963
0 0.363281 0.093981 0.019271 0.063889
0 0.486719 0.482870 0.020313 0.062037
0 0.590885 0.672222 0.018229 0.064815
0 0.836719 0.685185 0.025521 0.061111
0 0.468490 0.519907 0.025521 0.058333
0 0.342187 0.040278 0.025000 0.063889
0 0.738021 0.292130 0.023958 0.062037
0 0.347656 0.584722 0.027604 0.058333
0 0.814323 0.602778 0.021354 0.066667
0 0.878646 0.367593 0.023958 0.059259
0 0.155729 0.517593 0.028125 0.066667
0 0.167187 0.445833 0.020833 0.069444
0 0.685937 0.229167 0.033333 0.049074
0 0.464844 0.060648 0.020313 0.058333
0 0.668750 0.123148 0.018750 0.070370
0 0.380990 0.054630 0.020313 0.068519
0 0.612500 0.146759 0.021875 0.060185
0 0.465885 0.172685 0.030729 0.039815
0 0.334635 0.561574 0.035937 0.039815
0 0.685937 0.746296 0.036458 0.042593
0 0.057552 0.470370 0.029687 0.059259
0 0.904948 0.485185 0.021354 0.062963
0 0.284896 0.287500 0.035417 0.052778
0 0.600521 0.066204 0.019792 0.075000
0 0.492448 0.685648 0.018229 0.069444
0 0.887500 0.700463 0.022917 0.058333
0 0.387240 0.138889 0.032813 0.048148
0 0.481510 0.638426 0.035937 0.049074
0 0.174479 0.601389 0.036458 0.036111
0 0.987500 0.762037 0.025000 0.055556
0 0.763802 0.507870 0.022396 0.063889
0 0.917708 0.218981 0.034375 0.050926
0 0.379948 0.789352 0.026562 0.067593
0 0.876042 0.506481 0.028125 0.061111
0 0.179167 0.521759 0.027083 0.052778
0 0.800781 0.427315 0.029687 0.060185
0 0.472656 0.219907 0.034896 0.041667
0 0.744271 0.740278 0.032292 0.036111
0 0.786458 0.152315 0.021875 0.062037
0 0.307812 0.467593 0.019792 0.066667
0 0.124219 0.555093 0.024479 0.065741
0 0.738802 0.123611 0.020313 0.052778
0 0.303385 0.078241 0.029687 0.056481
0 0.582031 0.807870 0.035937 0.034259
0 0.333854 0.830093 0.035417 0.052778
0 0.510417 0.031481 0.031250 0.051852
0 0.889062 0.436574 0.020833 0.062037
0 0.875260 0.313426 0.033854 0.045370
0 0.687240 0.599074 0.019271 0.066667
0 0.819531 0.187037 0.020313 0.061111
0 0.863542 0.767130 0.022917 0.062037
0 0.307031 0.705093 0.023438 0.067593
0 0.498177 0.815278 0.020313 0.063889
0 0.290885 0.453241 0.018229 0.062037
0 0.734896 0.070833 0.032292 0.050926
0 0.893750 0.085185 0.026042 0.061111
0 0.927083 0.392130 0.040625 0.036111
0 0.827604 0.068519 0.030208 0.062963
0 0.923438 0.843519 0.030208 0.050000
0 0.233594 0.732407 0.032813 0.050000
0 0.851823 0.504630 0.021354 0.064815
0 0.563802 0.759259 0.036979 0.042593
0 0.248698 0.640741 0.026562 0.066667
0 0.447917 0.132870 0.032292 0.045370
0 0.777083 0.471296 0.027083 0.046296
0 0.188802 0.224537 0.039062 0.041667
0 0.820573 0.467593 0.038021 0.029630
0 0.843490 0.625000 0.033854 0.031481
0 0.366406 0.711111 0.036979 0.037037
0 0.963542 0.671759 0.033333 0.043519
0 0.933333 0.578704 0.022917 0.059259
0 0.956250 0.599074 0.032292 0.057407
0 0.834635 0.243056 0.020313 0.058333
0 0.250521 0.163889 0.023958 0.066667
0 0.592969 0.736574 0.024479 0.058333
0 0.930990 0.448611 0.039062 0.041667
0 0.817969 0.840278 0.035937 0.047222
0 0.081510 0.850000 0.034896 0.057407
0 0.667188 0.609259 0.032292 0.044444
0 0.127865 0.419907 0.031771 0.049074
0 0.975260 0.656019 0.036979 0.054630
0 0.966406 0.781944 0.023438 0.060185
0 0.787760 0.088426 0.031771 0.056481
0 0.460677 0.821296 0.030729 0.061111
0 0.652083 0.830093 0.017708 0.067593
0 0.847917 0.742130 0.021875 0.056481
0 0.934375 0.148148 0.035417 0.046296
0 0.103385 0.286111 0.027604 0.064815
0 0.810156 0.701852 0.020313 0.062963
0 0.192708 0.641204 0.036458 0.034259
0 0.148958 0.563889 0.036458 0.035185
0 0.335677 0.118519 0.031771 0.035185
0 0.652604 0.076852 0.017708 0.057407
0 0.904948 0.321296 0.021354 0.062963
0 0.483073 0.353241 0.027604 0.058333
0 0.691667 0.888426 0.018750 0.050926
0 0.819531 0.274074 0.034896 0.050000
0 0.572917 0.632870 0.040625 0.045370
0 0.227865 0.355093 0.016146 0.052778
0 0.204687 0.130556 0.033333 0.064815
0 0.852344 0.134722 0.033854 0.065741
0 0.153125 0.691667 0.028125 0.061111
0 0.931510 0.800926 0.022396 0.059259
0 0.065365 0.886111 0.036979 0.051852
0 0.768229 0.287963 0.032292 0.048148
0 0.029167 0.399074 0.033333 0.051852
0 0.865104 0.063889 0.030208 0.064815
0 0.113021 0.378241 0.030208 0.052778
0 0.336979 0.393519 0.032292 0.033333
0 0.767188 0.043981 0.033333 0.045370
0 0.140365 0.130093 0.024479 0.058333
0 0.204427 0.670370 0.034896 0.031481
0 0.578906 0.714815 0.025521 0.048148
0 0.833854 0.103241 0.030208 0.047222
0 0.034635 0.570370 0.026562 0.074074
0 0.937240 0.068519 0.025521 0.064815
0 0.893750 0.868519 0.032292 0.042593
0 0.805469 0.924074 0.025521 0.059259
0 0.070573 0.663889 0.034896 0.038889
0 0.717969 0.752315 0.032813 0.045370
0 0.042188 0.881481 0.029167 0.062963
0 0.481510 0.872685 0.019271 0.063889
0 0.965885 0.335185 0.016146 0.062963
0 0.232813 0.474074 0.032292 0.027778
0 0.157812 0.839352 0.039583 0.041667
0 0.014844 0.862500 0.028646 0.050926
0 0.107031 0.137500 0.042188 0.043519
0 0.247135 0.455556 0.031771 0.031481
0 0.875781 0.925926 0.025521 0.061111
0 0.764583 0.930093 0.022917 0.058333
0 0.346094 0.168981 0.016146 0.058333
0 0.768229 0.249537 0.025000 0.043519
0 0.607552 0.014352 0.036979 0.026852
0 0.296875 0.881019 0.039583 0.050926
0 0.472917 0.019444 0.026042 0.037037
0 0.923177 0.755556 0.020313 0.040741
0 0.175781 0.128241 0.033854 0.047222
0 0.896094 0.932407 0.032813 0.048148
0 0.234635 0.827315 0.034896 0.047222
0 0.995573 0.553704 0.007812 0.042593
0 0.234635 0.887500 0.028646 0.056481
0 0.019010 0.122685 0.036979 0.036111
0 0.676823 0.020833 0.021354 0.039815
0 0.451823 0.890741 0.030729 0.046296
0 0.382031 0.558333 0.021354 0.033333
0 0.021875 0.048611 0.027083 0.063889
0 0.444271 0.513426 0.021875 0.041667
0 0.589583 0.363889 0.019792 0.044444
0 0.571094 0.943981 0.029687 0.060185
0 0.995313 0.430093 0.009375 0.028704
0 0.523438 0.936111 0.030208 0.042593
0 0.111458 0.932407 0.033333 0.055556
0 0.631771 0.918056 0.036458 0.039815
0 0.017188 0.910185 0.033333 0.038889
0 0.028125 0.458796 0.019792 0.026852
0 0.720833 0.965741 0.039583 0.040741
0 0.870313 0.979630 0.040625 0.033333
0 0.748437 0.975926 0.033333 0.040741
0 0.903646 0.982407 0.033333 0.035185
0 0.492188 0.959259 0.039583 0.051852
0 0.330990 0.935185 0.036979 0.050000
0 0.965104 0.947685 0.033333 0.062037
0 0.703385 0.938426 0.039062 0.054630
0 0.525781 0.962963 0.033854 0.057407
0 0.207813 0.937500 0.034375 0.045370
0 0.625260 0.967593 0.021354 0.059259
0 0.490104 0.147222 0.028125 0.074074
0 0.527604 0.040741 0.033333 0.025926
0 0.525260 0.127315 0.027604 0.069444
0 0.554948 0.129167 0.027604 0.069444
0 0.590885 0.104630 0.039062 0.031481
0 0.585156 0.146296 0.036979 0.042593
0 0.640625 0.123148 0.018750 0.062963
0 0.599219 0.212963 0.032813 0.033333
0 0.562500 0.228704 0.027083 0.070370
0 0.418229 0.975463 0.031250 0.045370
0 0.250000 0.956019 0.045833 0.067593
0 0.297917 0.956944 0.042708 0.075000
0 0.464844 0.966667 0.035937 0.055556
0 0.412500 0.939352 0.033333 0.049074
0 0.549219 0.876389 0.014063 0.028704
0 0.320573 0.976852 0.028646 0.046296
0 0.136979 0.969907 0.039583 0.058333
0 0.063802 0.962500 0.036979 0.049074
0 0.091667 0.962963 0.035417 0.051852
0 0.939063 0.965741 0.025000 0.012963
0 0.972656 0.880556 0.027604 0.033333
0 0.870573 0.096759 0.031771 0.037963
0 0.782031 0.009722 0.017188 0.017593
0 0.947135 0.334259 0.024479 0.059259
0 0.258854 0.974074 0.035417 0.029630
0 0.244531 0.766667 0.021354 0.033333
0 0.009635 0.049074 0.018229 0.050000
0 0.996354 0.311111 0.007292 0.020370
