0 0.557813 0.285648 0.031250 0.054630
0 0.485156 0.496759 0.031771 0.049074
0 0.567448 0.645833 0.031771 0.052778
0 0.353385 0.348611 0.032813 0.058333
0 0.648177 0.363426 0.020313 0.063889
0 0.369010 0.531944 0.031771 0.065741
0 0.443750 0.185648 0.025000 0.062037
0 0.732292 0.686111 0.025000 0.057407
0 0.845573 0.544444 0.028646 0.053704
0 0.534896 0.587037 0.029167 0.061111
0 0.477083 0.434722 0.019792 0.063889
0 0.889583 0.617593 0.029167 0.057407
0 0.529427 0.181019 0.030729 0.062037
0 0.700000 0.234722 0.031250 0.052778
0 0.381250 0.225926 0.019792 0.068519
0 0.705469 0.573611 0.025521 0.058333
0 0.800521 0.864352 0.028125 0.060185
0 0.425260 0.114352 0.026562 0.056481
0 0.900260 0.482870 0.021354 0.063889
0 0.434115 0.306944 0.034896 0.045370
0 0.754687 0.492593 0.038542 0.037037
0 0.505729 0.394907 0.018750 0.067593
0 0.471354 0.606944 0.035417 0.047222
0 0.639323 0.130093 0.016146 0.058333
0 0.818750 0.458333 0.020833 0.062963
0 0.487500 0.696759 0.023958 0.063889
0 0.451042 0.100000 0.031250 0.062963
0 0.659896 0.239815 0.022917 0.057407
0 0.428646 0.491667 0.038542 0.037037
0 0.825521 0.851389 0.020833 0.065741
0 0.509896 0.210648 0.018750 0.062037
0 0.681510 0.599537 0.032813 0.041667
0 0.721094 0.825463 0.031771 0.054630
0 0.140625 0.211574 0.038542 0.052778
0 0.773958 0.680556 0.027083 0.055556
0 0.411198 0.276389 0.032813 0.058333
0 0.377344 0.050000 0.024479 0.064815
0 0.810417 0.420370 0.022917 0.059259
0 0.613021 0.775463 0.031250 0.052778
0 0.740885 0.625926 0.019271 0.062963
0 0.641927 0.230556 0.019271 0.061111
0 0.650781 0.664352 0.019271 0.060185
0 0.675000 0.165278 0.028125 0.050926
0 0.725260 0.561574 0.025521 0.063889
0 0.478646 0.558333 0.020833 0.064815
0 0.491667 0.073611 0.029167 0.052778
0 0.313542 0.426852 0.032292 0.050000
0 0.284896 0.454630 0.035417 0.035185
0 0.797917 0.524074 0.037500 0.037037
0 0.771615 0.591204 0.034896 0.037963
0 0.628125 0.294444 0.023958 0.061111
0 0.919531 0.307870 0.021354 0.063889
0 0.874740 0.186111 0.020313 0.057407
0 0.617969 0.243519 0.029687 0.051852
0 0.705990 0.119907 0.033854 0.050926
0 0.776563 0.884259 0.034375 0.046296
0 0.564323 0.592593 0.034896 0.042593
0 0.654687 0.815278 0.025000 0.062037
0 0.531510 0.087500 0.030729 0.052778
0 0.529948 0.301389 0.021354 0.067593
0 0.905469 0.697685 0.030729 0.037963
0 0.702865 0.181481 0.027604 0.057407
0 0.824479 0.378704 0.033333 0.048148
0 0.875781 0.852315 0.028646 0.056481
0 0.900521 0.264352 0.023958 0.060185
0 0.653385 0.759259 0.029687 0.053704
0 0.584115 0.199074 0.028646 0.042593
0 0.801042 0.289815 0.021875 0.068519
0 0.332813 0.480556 0.018750 0.062963
0 0.569531 0.151852 0.024479 0.062963
0 0.878646 0.368519 0.020833 0.062963
0 0.716667 0.259722 0.025000 0.056481
0 0.498437 0.639815 0.017708 0.064815
0 0.780990 0.631944 0.035937 0.034259
0 0.322396 0.064352 0.022917 0.067593
0 0.971094 0.450463 0.023438 0.062037
0 0.377083 0.103704 0.036458 0.040741
0 0.472396 0.088889 0.019792 0.066667
0 0.242969 0.537963 0.039062 0.040741
0 0.984115 0.762500 0.031771 0.041667
0 0.938802 0.732870 0.019271 0.063889
0 0.674740 0.643981 0.033854 0.036111
0 0.708594 0.628704 0.019271 0.061111
0 0.957812 0.494444 0.025000 0.068519
0 0.649740 0.057407 0.022396 0.072222
0 0.522656 0.452778 0.021354 0.048148
0 0.920573 0.247222 0.027604 0.057407
0 0.939583 0.182870 0.028125 0.058333
0 0.124740 0.389815 0.038021 0.037037
0 0.808073 0.747222 0.025521 0.062963
0 0.569531 0.859259 0.026562 0.061111
0 0.458073 0.640741 0.033854 0.040741
0 0.605208 0.715741 0.033333 0.048148
0 0.467448 0.246759 0.017188 0.060185
0 0.878125 0.434722 0.019792 0.062037
0 0.664844 0.119444 0.026562 0.050000
0 0.306510 0.110648 0.036979 0.041667
0 0.923958 0.655093 0.041667 0.043519
0 0.344792 0.034259 0.030208 0.057407
0 0.904687 0.335648 0.018750 0.062037
0 0.785937 0.162500 0.025000 0.060185
0 0.424740 0.055556 0.030729 0.050000
0 0.372135 0.600926 0.039062 0.048148
0 0.813802 0.170370 0.025521 0.064815
0 0.247656 0.453241 0.022396 0.069444
0 0.189583 0.422222 0.032292 0.072222
0 0.748698 0.331019 0.036979 0.041667
0 0.894271 0.405556 0.017708 0.061111
0 0.969531 0.787963 0.031771 0.037037
0 0.335156 0.885648 0.028646 0.056481
0 0.284635 0.506481 0.019271 0.066667
0 0.396354 0.732407 0.037500 0.044444
0 0.741406 0.873611 0.018229 0.060185
0 0.868750 0.487963 0.038542 0.042593
0 0.744271 0.232407 0.035417 0.050000
0 0.682292 0.785185 0.021875 0.061111
0 0.249219 0.646296 0.024479 0.064815
0 0.485417 0.825926 0.036458 0.038889
0 0.224479 0.461111 0.027083 0.050000
0 0.839583 0.744444 0.023958 0.062963
0 0.788281 0.722222 0.022396 0.059259
0 0.317188 0.290741 0.021875 0.064815
0 0.927604 0.386111 0.021875 0.057407
0 0.804688 0.681019 0.020833 0.058333
0 0.644792 0.859722 0.033333 0.037963
0 0.727604 0.038889 0.019792 0.066667
0 0.520312 0.842130 0.019792 0.058333
0 0.409375 0.198148 0.036458 0.042593
0 0.760156 0.151852 0.034896 0.050000
0 0.228646 0.590278 0.029167 0.071296
0 0.348438 0.501852 0.020833 0.070370
0 0.374740 0.816204 0.034896 0.045370
0 0.911458 0.392130 0.019792 0.060185
0 0.940625 0.510648 0.018750 0.063889
0 0.862500 0.235185 0.034375 0.040741
0 0.159635 0.111574 0.040104 0.034259
0 0.051823 0.524074 0.028646 0.068519
0 0.855729 0.442130 0.018750 0.047222
0 0.678385 0.552315 0.017188 0.049074
0 0.365365 0.877778 0.031771 0.050000
0 0.513021 0.045833 0.033333 0.045370
0 0.912500 0.754630 0.034375 0.053704
0 0.917188 0.131019 0.022917 0.058333
0 0.663802 0.890741 0.024479 0.059259
0 0.197135 0.139815 0.041146 0.040741
0 0.190365 0.663889 0.035937 0.050000
0 0.845833 0.202778 0.037500 0.038889
0 0.959375 0.828241 0.033333 0.037963
0 0.841146 0.339815 0.033333 0.033333
0 0.736979 0.120833 0.020833 0.043519
0 0.983073 0.649537 0.031771 0.050926
0 0.042188 0.727315 0.034375 0.060185
0 0.218750 0.271296 0.032292 0.046296
0 0.077604 0.510648 0.026042 0.069444
0 0.195573 0.719907 0.025521 0.056481
0 0.869010 0.062037 0.023438 0.066667
0 0.944531 0.858796 0.026562 0.054630
0 0.182552 0.168519 0.036979 0.051852
0 0.194010 0.285185 0.024479 0.066667
0 0.975521 0.877778 0.032292 0.057407
0 0.785677 0.033333 0.019271 0.064815
0 0.700000 0.050926 0.037500 0.046296
0 0.581250 0.714352 0.023958 0.045370
0 0.015625 0.436111 0.030208 0.046296
0 0.915104 0.882870 0.039583 0.060185
0 0.683333 0.877315 0.020833 0.058333
0 0.429948 0.023611 0.033854 0.039815
0 0.464062 0.903241 0.021875 0.065741
0 0.243750 0.731481 0.037500 0.053704
0 0.888281 0.100926 0.038021 0.038889
0 0.575781 0.453241 0.031771 0.039815
0 0.133594 0.330093 0.034896 0.050926
0 0.060677 0.343519 0.027604 0.062963
0 0.258594 0.174537 0.024479 0.069444
0 0.253646 0.047222 0.041667 0.040741
0 0.154948 0.693981 0.023438 0.065741
0 0.814323 0.074537 0.040104 0.037963
0 0.152083 0.064352 0.041667 0.039815
0 0.196875 0.333796 0.023958 0.056481
0 0.875260 0.130556 0.026562 0.035185
0 0.994010 0.458333 0.011979 0.064815
0 0.075000 0.278241 0.038542 0.058333
0 0.680469 0.923148 0.032813 0.044444
0 0.034635 0.368519 0.039062 0.051852
0 0.064844 0.866204 0.034896 0.075000
0 0.380990 0.918519 0.020313 0.057407
0 0.232292 0.358333 0.040625 0.046296
0 0.009375 0.289352 0.017708 0.056481
0 0.667969 0.784259 0.019271 0.057407
0 0.865625 0.898611 0.045833 0.034259
0 0.410938 0.886574 0.033333 0.052778
0 0.199479 0.815741 0.039583 0.044444
0 0.252865 0.916204 0.031771 0.041667
0 0.011198 0.618519 0.021354 0.050000
0 0.943750 0.123611 0.037500 0.037963
0 0.504687 0.013426 0.034375 0.025000
0 0.010156 0.494907 0.019271 0.065741
0 0.026562 0.766204 0.032292 0.058333
0 0.663281 0.333796 0.016146 0.032407
0 0.482812 0.939352 0.035417 0.047222
0 0.569531 0.935185 0.028646 0.059259
0 0.082552 0.128241 0.021354 0.075000
0 0.012760 0.889352 0.024479 0.043519
0 0.589063 0.364815 0.017708 0.040741
0 0.447917 0.888426 0.027083 0.047222
0 0.227344 0.874537 0.039062 0.047222
0 0.089844 0.027315 0.028646 0.052778
0 0.544271 0.235185 0.021875 0.029630
0 0.708854 0.918519 0.031250 0.037037
0 0.688281 0.308333 0.015104 0.035185
0 0.604688 0.964815 0.033333 0.053704
0 0.235937 0.822685 0.033333 0.039815
0 0.648177 0.941204 0.048438 0.049074
0 0.851823 0.109722 0.014063 0.028704
0 0.986458 0.054630 0.023958 0.061111
0 0.203646 0.940278 0.034375 0.037963
0 0.178906 0.226852 0.024479 0.051852
0 0.818229 0.936111 0.037500 0.031481
0 0.010417 0.152778 0.019792 0.038889
0 0.426302 0.963426 0.038021 0.039815
0 0.626042 0.011111 0.015625 0.020370
0 0.311458 0.939815 0.034375 0.050000
0 0.008333 0.770370 0.015625 0.062963
0 0.928906 0.936111 0.031771 0.046296
0 0.392188 0.694444 0.018750 0.040741
0 0.878125 0.944907 0.037500 0.037963
0 0.786719 0.964815 0.036979 0.055556
0 0.634115 0.608796 0.020313 0.032407
0 0.701042 0.966204 0.038542 0.041667
0 0.567969 0.382870 0.014063 0.025000
0 0.105729 0.973611 0.033333 0.039815
0 0.655469 0.978704 0.035937 0.037037
0 0.556250 0.037037 0.013542 0.027778
0 0.298698 0.969907 0.029687 0.041667
0 0.195052 0.979630 0.034896 0.038889
0 0.040625 0.206944 0.018750 0.032407
0 0.152344 0.962500 0.036979 0.054630
0 0.331510 0.976852 0.038021 0.040741
0 0.395052 0.876852 0.025521 0.037037
0 0.401562 0.951852 0.019792 0.066667
0 0.864844 0.979167 0.035937 0.039815
0 0.760156 0.980556 0.021354 0.037037
0 0.960156 0.889352 0.032813 0.043519
0 0.228906 0.984722 0.029687 0.028704
0 0.994010 0.458333 0.011979 0.064815
0 0.491667 0.167593 0.040625 0.042593
0 0.496875 0.133333 0.028125 0.046296
0 0.535677 0.140741 0.030729 0.061111
0 0.608854 0.266667 0.029167 0.055556
0 0.381510 0.558796 0.023438 0.037963
0 0.827344 0.149537 0.021354 0.043519
0 0.765885 0.288889 0.031771 0.038889
0 0.769792 0.247222 0.020833 0.037037
0 0.821354 0.317130 0.025000 0.032407
0 0.975521 0.946759 0.041667 0.049074
0 0.977604 0.290741 0.022917 0.064815
0 0.129167 0.985185 0.025000 0.029630
