0 0.420312 0.596296 0.031250 0.055556
0 0.635417 0.501852 0.026042 0.057407
0 0.812760 0.664815 0.029687 0.051852
0 0.383854 0.575463 0.034375 0.050926
0 0.500000 0.618981 0.034375 0.054630
0 0.479687 0.393981 0.025000 0.065741
0 0.409115 0.222685 0.028646 0.056481
0 0.838542 0.467593 0.033333 0.046296
0 0.558333 0.093519 0.020833 0.070370
0 0.491146 0.500463 0.029167 0.065741
0 0.570052 0.539352 0.029687 0.049074
0 0.217188 0.378704 0.035417 0.051852
0 0.304427 0.219444 0.025521 0.068519
0 0.674479 0.121759 0.026042 0.060185
0 0.451042 0.331019 0.034375 0.034259
0 0.713542 0.637500 0.029167 0.052778
0 0.239063 0.529167 0.036458 0.050926
0 0.810156 0.527778 0.023438 0.057407
0 0.434115 0.206019 0.017188 0.063889
0 0.285156 0.576389 0.038021 0.054630
0 0.518750 0.260648 0.023958 0.060185
0 0.606771 0.448611 0.031250 0.049074
0 0.426823 0.460185 0.035937 0.037037
0 0.609896 0.676389 0.034375 0.047222
0 0.358333 0.453704 0.023958 0.062963
0 0.291406 0.627778 0.034896 0.048148
0 0.270833 0.279167 0.027083 0.069444
0 0.223958 0.498148 0.034375 0.061111
0 0.375000 0.396296 0.026042 0.066667
0 0.331771 0.642593 0.036458 0.050000
0 0.685417 0.361574 0.031250 0.052778
0 0.653646 0.087037 0.021875 0.061111
0 0.773958 0.450000 0.031250 0.053704
0 0.523958 0.078704 0.017708 0.072222
0 0.708073 0.456019 0.030729 0.049074
0 0.568490 0.216667 0.024479 0.061111
0 0.144531 0.235648 0.026562 0.067593
0 0.689583 0.191204 0.029167 0.062037
0 0.541146 0.517593 0.033333 0.040741
0 0.248698 0.203241 0.031771 0.065741
0 0.754687 0.399074 0.035417 0.044444
0 0.746875 0.172685 0.020833 0.065741
0 0.678646 0.632407 0.029167 0.050000
0 0.567708 0.453241 0.034375 0.045370
0 0.261979 0.393056 0.026042 0.067593
0 0.842708 0.148611 0.028125 0.054630
0 0.590625 0.114352 0.029167 0.050926
0 0.121875 0.346759 0.030208 0.058333
0 0.739062 0.523611 0.032292 0.047222
0 0.279167 0.201389 0.019792 0.065741
0 0.853906 0.321759 0.032813 0.056481
0 0.110156 0.675463 0.040104 0.054630
0 0.354167 0.346759 0.035417 0.060185
0 0.621875 0.382870 0.019792 0.063889
0 0.584115 0.271759 0.032813 0.045370
0 0.727865 0.563889 0.030729 0.061111
0 0.346094 0.611574 0.034896 0.047222
0 0.663281 0.208796 0.028646 0.063889
0 0.596615 0.547222 0.025521 0.048148
0 0.880469 0.706944 0.030729 0.039815
0 0.542188 0.313889 0.031250 0.051852
0 0.888802 0.256944 0.029687 0.056481
0 0.774740 0.171296 0.024479 0.064815
0 0.643229 0.178704 0.033333 0.055556
0 0.617448 0.283333 0.021354 0.062963
0 0.180208 0.348611 0.033333 0.062037
0 0.495052 0.200463 0.034896 0.043519
0 0.874740 0.583333 0.026562 0.061111
0 0.573438 0.411111 0.031250 0.046296
0 0.053385 0.593056 0.035937 0.056481
0 0.535937 0.431019 0.032292 0.043519
0 0.782031 0.531019 0.022396 0.052778
0 0.413542 0.307870 0.021875 0.065741
0 0.311458 0.090278 0.037500 0.049074
0 0.479167 0.534722 0.018750 0.065741
0 0.756250 0.344907 0.032292 0.037963
0 0.869271 0.647685 0.036458 0.036111
0 0.243490 0.149074 0.038021 0.046296
0 0.298958 0.509722 0.036458 0.047222
0 0.192448 0.260648 0.020313 0.069444
0 0.792188 0.231019 0.039583 0.049074
0 0.316927 0.568519 0.019271 0.068519
0 0.176302 0.552315 0.027604 0.063889
0 0.466146 0.143981 0.035417 0.041667
0 0.535417 0.644444 0.025000 0.059259
0 0.499740 0.396296 0.019271 0.066667
0 0.653125 0.625000 0.020833 0.059259
0 0.722656 0.848611 0.025521 0.054630
0 0.756250 0.626852 0.036458 0.042593
0 0.157292 0.505556 0.036458 0.048148
0 0.388542 0.637500 0.018750 0.063889
0 0.345833 0.487963 0.020833 0.072222
0 0.353385 0.244907 0.039062 0.039815
0 0.877344 0.359722 0.020313 0.065741
0 0.941146 0.349537 0.022917 0.067593
0 0.846875 0.824074 0.020833 0.064815
0 0.703906 0.690741 0.022396 0.062963
0 0.501042 0.737963 0.020833 0.061111
0 0.858594 0.730093 0.034896 0.036111
0 0.806250 0.455556 0.035417 0.044444
0 0.360677 0.078704 0.032813 0.050000
0 0.374479 0.201852 0.032292 0.055556
0 0.837240 0.767130 0.024479 0.054630
0 0.684635 0.429630 0.030729 0.035185
0 0.326302 0.185185 0.032813 0.057407
0 0.308333 0.162500 0.033333 0.049074
0 0.508073 0.162500 0.022396 0.058333
0 0.536979 0.843519 0.031250 0.053704
0 0.566146 0.034259 0.031250 0.051852
0 0.240625 0.658796 0.025000 0.065741
0 0.498698 0.869444 0.027604 0.059259
0 0.418229 0.166204 0.034375 0.036111
0 0.661979 0.574074 0.038542 0.035185
0 0.362240 0.137037 0.036979 0.051852
0 0.810417 0.834722 0.025000 0.060185
0 0.356771 0.168519 0.027083 0.051852
0 0.120052 0.618981 0.044271 0.039815
0 0.850260 0.691204 0.028646 0.043519
0 0.478646 0.805093 0.036458 0.041667
0 0.818229 0.209259 0.035417 0.055556
0 0.845833 0.092593 0.030208 0.055556
0 0.354948 0.861574 0.027604 0.063889
0 0.422396 0.250926 0.037500 0.031481
0 0.153906 0.697222 0.026562 0.064815
0 0.965625 0.507870 0.025000 0.063889
0 0.898958 0.360185 0.026042 0.057407
0 0.947135 0.448148 0.024479 0.070370
0 0.492708 0.254167 0.020833 0.063889
0 0.747135 0.662500 0.035937 0.030556
0 0.057031 0.512037 0.038021 0.053704
0 0.869271 0.761111 0.034375 0.029630
0 0.401302 0.352315 0.033854 0.039815
0 0.296094 0.129167 0.035937 0.036111
0 0.697656 0.041667 0.030729 0.055556
0 0.528125 0.729167 0.032292 0.069444
0 0.797396 0.155556 0.032292 0.040741
0 0.924219 0.118519 0.035937 0.042593
0 0.757552 0.116667 0.039062 0.038889
0 0.469271 0.772685 0.037500 0.036111
0 0.871354 0.069444 0.018750 0.068519
0 0.659896 0.681944 0.030208 0.036111
0 0.078906 0.575463 0.030729 0.063889
0 0.946094 0.680556 0.034896 0.033333
0 0.417187 0.493981 0.022917 0.050926
0 0.476562 0.857870 0.018750 0.069444
0 0.216406 0.874074 0.033854 0.050000
0 0.620313 0.097685 0.033333 0.036111
0 0.227604 0.100926 0.043750 0.042593
0 0.035417 0.800926 0.042708 0.044444
0 0.459115 0.851852 0.018229 0.068519
0 0.519792 0.473148 0.032292 0.035185
0 0.243750 0.856481 0.025000 0.066667
0 0.273438 0.793519 0.030208 0.059259
0 0.151042 0.035648 0.036458 0.052778
0 0.590885 0.024074 0.023438 0.046296
0 0.198958 0.684259 0.032292 0.062963
0 0.019792 0.570370 0.025000 0.068519
0 0.032552 0.853241 0.043229 0.049074
0 0.219792 0.173148 0.035417 0.037037
0 0.631510 0.019444 0.034896 0.035185
0 0.082812 0.515741 0.029167 0.064815
0 0.167187 0.081019 0.033333 0.041667
0 0.127083 0.417130 0.022917 0.049074
0 0.271354 0.887963 0.039583 0.053704
0 0.390885 0.882407 0.022396 0.066667
0 0.147135 0.747685 0.035937 0.045370
0 0.058073 0.693519 0.038021 0.044444
0 0.784375 0.025926 0.023958 0.050000
0 0.718490 0.029167 0.032813 0.056481
0 0.865104 0.027315 0.036458 0.050926
0 0.115885 0.057870 0.031771 0.058333
0 0.917708 0.173148 0.020833 0.042593
0 0.078125 0.662500 0.035417 0.049074
0 0.960156 0.049074 0.030729 0.055556
0 0.897396 0.778704 0.043750 0.037037
0 0.025521 0.484722 0.026042 0.065741
0 0.789323 0.099537 0.019271 0.043519
0 0.267969 0.027315 0.018229 0.052778
0 0.830729 0.887037 0.033333 0.037037
0 0.197396 0.927778 0.028125 0.057407
0 0.672135 0.019907 0.019271 0.037963
0 0.936719 0.831481 0.023438 0.066667
0 0.052604 0.085185 0.022917 0.072222
0 0.085938 0.185648 0.022917 0.067593
0 0.252344 0.911111 0.021354 0.061111
0 0.235156 0.822685 0.035937 0.043519
0 0.110677 0.863889 0.031771 0.035185
0 0.897135 0.904167 0.039062 0.039815
0 0.988802 0.738426 0.022396 0.060185
0 0.946354 0.936111 0.037500 0.040741
0 0.993750 0.493056 0.012500 0.054630
0 0.551562 0.909259 0.031250 0.064815
0 0.009115 0.761574 0.017188 0.036111
0 0.045312 0.016667 0.040625 0.031481
0 0.931510 0.959722 0.024479 0.058333
0 0.666927 0.911111 0.041146 0.044444
0 0.108073 0.950463 0.022396 0.069444
0 0.027865 0.225000 0.024479 0.051852
0 0.379688 0.940278 0.023958 0.069444
0 0.036198 0.308333 0.049479 0.061111
0 0.515885 0.931019 0.024479 0.058333
0 0.906510 0.955093 0.022396 0.065741
0 0.422656 0.011111 0.015104 0.020370
0 0.945573 0.875000 0.025521 0.031481
0 0.595833 0.933796 0.034375 0.041667
0 0.171615 0.943056 0.035937 0.060185
0 0.988021 0.236574 0.021875 0.036111
0 0.414323 0.950926 0.023438 0.068519
0 0.996094 0.403241 0.007812 0.058333
0 0.447135 0.082407 0.014063 0.024074
0 0.080729 0.976852 0.032292 0.035185
0 0.012500 0.891204 0.023958 0.032407
0 0.510417 0.971759 0.035417 0.039815
0 0.676042 0.766667 0.013542 0.024074
0 0.813281 0.949537 0.043229 0.045370
0 0.478906 0.952778 0.038021 0.046296
0 0.363802 0.979630 0.039062 0.035185
0 0.879427 0.969907 0.030729 0.052778
0 0.977344 0.030093 0.015104 0.026852
0 0.059635 0.972222 0.033854 0.033333
0 0.729688 0.766667 0.014583 0.024074
0 0.859115 0.976852 0.034896 0.038889
0 0.708594 0.976389 0.036979 0.047222
