0 0.673698 0.388889 0.026562 0.057407
0 0.559635 0.453241 0.029687 0.052778
0 0.611198 0.735185 0.034896 0.050000
0 0.863281 0.584722 0.033854 0.049074
0 0.744010 0.740741 0.022396 0.053704
0 0.660417 0.270833 0.020833 0.063889
0 0.479167 0.330093 0.022917 0.060185
0 0.578906 0.808796 0.027604 0.063889
0 0.469010 0.595370 0.024479 0.061111
0 0.598177 0.450000 0.023438 0.064815
0 0.734115 0.556481 0.025521 0.064815
0 0.605208 0.079167 0.020833 0.069444
0 0.696875 0.231481 0.020833 0.068519
0 0.451042 0.488889 0.026042 0.057407
0 0.330469 0.457870 0.020313 0.063889
0 0.795312 0.342130 0.027083 0.058333
0 0.576302 0.681481 0.026562 0.059259
0 0.769792 0.612963 0.035417 0.040741
0 0.533594 0.429630 0.022396 0.066667
0 0.615885 0.198611 0.022396 0.075000
0 0.469271 0.445833 0.030208 0.056481
0 0.217708 0.407407 0.027083 0.062963
0 0.560677 0.191204 0.025521 0.062037
0 0.344792 0.541204 0.039583 0.041667
0 0.401823 0.489815 0.034896 0.042593
0 0.506510 0.440278 0.032813 0.050926
0 0.698958 0.608796 0.019792 0.067593
0 0.522135 0.577778 0.035937 0.037037
0 0.919531 0.525926 0.030729 0.048148
0 0.770833 0.816667 0.035417 0.038889
0 0.672135 0.852315 0.032813 0.047222
0 0.850781 0.828704 0.024479 0.062963
0 0.900781 0.487037 0.036979 0.040741
0 0.391927 0.439815 0.031771 0.055556
0 0.646094 0.712500 0.036979 0.037963
0 0.640885 0.123148 0.019271 0.057407
0 0.369271 0.149074 0.022917 0.055556
0 0.617448 0.368519 0.035937 0.044444
0 0.714063 0.587037 0.027083 0.059259
0 0.663802 0.677315 0.033854 0.041667
0 0.710677 0.320833 0.022396 0.060185
0 0.438281 0.081481 0.023438 0.062963
0 0.857292 0.144907 0.029167 0.052778
0 0.130729 0.599537 0.040625 0.037963
0 0.520833 0.069907 0.017708 0.069444
0 0.508333 0.188426 0.034375 0.049074
0 0.554948 0.254167 0.028646 0.050926
0 0.716927 0.202315 0.025521 0.062037
0 0.817187 0.633796 0.034375 0.037963
0 0.737500 0.125000 0.018750 0.057407
0 0.829427 0.461574 0.023438 0.062037
0 0.377083 0.573611 0.029167 0.054630
0 0.950781 0.568981 0.022396 0.063889
0 0.673177 0.599537 0.032813 0.034259
0 0.667708 0.135648 0.022917 0.060185
0 0.878646 0.751389 0.027083 0.049074
0 0.429948 0.635648 0.035937 0.039815
0 0.493229 0.514352 0.020833 0.065741
0 0.537500 0.517593 0.021875 0.057407
0 0.840885 0.521296 0.027604 0.055556
0 0.598698 0.314815 0.033854 0.040741
0 0.537240 0.170833 0.019271 0.063889
0 0.122396 0.467130 0.035417 0.043519
0 0.667188 0.328704 0.023958 0.059259
0 0.952083 0.699074 0.021875 0.059259
0 0.394792 0.628704 0.033333 0.055556
0 0.821094 0.849537 0.026562 0.062037
0 0.932031 0.798148 0.028646 0.059259
0 0.358854 0.458796 0.018750 0.063889
0 0.510156 0.713889 0.026562 0.066667
0 0.448177 0.546296 0.034896 0.038889
0 0.594010 0.644907 0.031771 0.063889
0 0.865885 0.203241 0.029687 0.063889
0 0.154427 0.695370 0.033854 0.055556
0 0.067969 0.575926 0.036979 0.038889
0 0.866927 0.535648 0.028646 0.058333
0 0.817187 0.273611 0.025000 0.065741
0 0.696094 0.463426 0.039062 0.034259
0 0.957292 0.500463 0.038542 0.041667
0 0.536979 0.096759 0.028125 0.060185
0 0.118750 0.406481 0.027083 0.064815
0 0.584115 0.241667 0.018229 0.064815
0 0.715104 0.261111 0.028125 0.057407
0 0.773698 0.491667 0.021354 0.066667
0 0.952865 0.393519 0.028646 0.059259
0 0.693750 0.071759 0.032292 0.052778
0 0.333594 0.300926 0.029687 0.051852
0 0.400521 0.254167 0.030208 0.062037
0 0.349219 0.604630 0.021354 0.062963
0 0.964063 0.333333 0.021875 0.062963
0 0.884375 0.678704 0.036458 0.038889
0 0.400000 0.581944 0.027083 0.060185
0 0.655729 0.635185 0.032292 0.038889
0 0.086458 0.345370 0.037500 0.046296
0 0.463281 0.238426 0.019271 0.056481
0 0.636979 0.307870 0.021875 0.058333
0 0.166667 0.655556 0.037500 0.048148
0 0.423177 0.779167 0.025521 0.063889
0 0.651042 0.830556 0.019792 0.064815
0 0.641927 0.246759 0.021354 0.062037
0 0.249219 0.166204 0.023438 0.071296
0 0.283594 0.277778 0.026562 0.061111
0 0.762500 0.223148 0.030208 0.044444
0 0.803125 0.421759 0.022917 0.063889
0 0.976302 0.621296 0.038021 0.040741
0 0.283333 0.637963 0.023958 0.062963
0 0.309375 0.299074 0.023958 0.059259
0 0.519792 0.502315 0.019792 0.063889
0 0.225260 0.476852 0.034896 0.037037
0 0.440625 0.138889 0.027083 0.059259
0 0.888802 0.411574 0.033854 0.047222
0 0.919010 0.351389 0.025521 0.058333
0 0.239583 0.377778 0.035417 0.038889
0 0.852865 0.370370 0.031771 0.048148
0 0.459115 0.059259 0.020313 0.062963
0 0.751563 0.400000 0.019792 0.064815
0 0.539323 0.748148 0.034896 0.037037
0 0.802344 0.923148 0.025521 0.059259
0 0.079687 0.506944 0.031250 0.041667
0 0.755208 0.323148 0.036458 0.064815
0 0.518750 0.249074 0.018750 0.072222
0 0.816667 0.192593 0.020833 0.068519
0 0.773177 0.150463 0.032813 0.049074
0 0.963802 0.777778 0.027604 0.055556
0 0.251563 0.645370 0.023958 0.070370
0 0.639844 0.543981 0.038021 0.036111
0 0.037760 0.656481 0.039062 0.037037
0 0.522656 0.853241 0.034896 0.050926
0 0.878125 0.365741 0.029167 0.051852
0 0.768229 0.110648 0.030208 0.060185
0 0.314844 0.095370 0.029687 0.059259
0 0.864844 0.644444 0.033854 0.033333
0 0.430729 0.588426 0.021875 0.062037
0 0.746615 0.275926 0.029687 0.055556
0 0.285677 0.157870 0.030729 0.062037
0 0.412500 0.534722 0.030208 0.041667
0 0.125000 0.330093 0.029167 0.067593
0 0.661979 0.082870 0.034375 0.039815
0 0.829167 0.062037 0.032292 0.057407
0 0.773177 0.900000 0.026562 0.057407
0 0.471875 0.117130 0.030208 0.060185
0 0.163802 0.285185 0.029687 0.061111
0 0.854688 0.060648 0.032292 0.049074
0 0.940104 0.856019 0.027083 0.049074
0 0.612240 0.273148 0.030729 0.038889
0 0.770833 0.860648 0.041667 0.036111
0 0.236198 0.347222 0.035937 0.031481
0 0.946094 0.343056 0.022396 0.056481
0 0.194531 0.240741 0.039062 0.048148
0 0.916406 0.166204 0.039062 0.037963
0 0.602865 0.874537 0.029687 0.056481
0 0.557292 0.828241 0.018750 0.060185
0 0.465365 0.152315 0.025521 0.047222
0 0.987240 0.301852 0.025521 0.059259
0 0.852865 0.100926 0.036979 0.035185
0 0.927865 0.756019 0.028646 0.041667
0 0.977604 0.817593 0.029167 0.053704
0 0.256510 0.094444 0.038021 0.055556
0 0.985938 0.844907 0.027083 0.058333
0 0.850260 0.746759 0.026562 0.030556
0 0.244010 0.059722 0.033854 0.049074
0 0.958333 0.108333 0.020833 0.062963
0 0.265104 0.378704 0.021875 0.053704
0 0.977344 0.143519 0.027604 0.062963
0 0.276042 0.107870 0.033333 0.054630
0 0.203385 0.329167 0.035937 0.060185
0 0.046615 0.484259 0.041146 0.048148
0 0.403906 0.027315 0.025521 0.052778
0 0.054688 0.793981 0.035417 0.043519
0 0.021094 0.601852 0.034896 0.037037
0 0.776042 0.759259 0.026042 0.059259
0 0.821094 0.139815 0.024479 0.055556
0 0.894271 0.295370 0.031250 0.053704
0 0.382812 0.054167 0.017708 0.069444
0 0.474740 0.029630 0.032813 0.037037
0 0.016927 0.631944 0.032813 0.036111
0 0.376563 0.724074 0.035417 0.053704
0 0.675521 0.022685 0.027083 0.043519
0 0.179427 0.333796 0.026562 0.050926
0 0.414583 0.211111 0.033333 0.050000
0 0.261979 0.861111 0.025000 0.061111
0 0.093750 0.189815 0.028125 0.055556
0 0.276042 0.750463 0.021875 0.069444
0 0.419792 0.884722 0.025000 0.058333
0 0.324219 0.833333 0.033854 0.048148
0 0.077604 0.122685 0.023958 0.060185
0 0.219531 0.855556 0.036979 0.040741
0 0.353385 0.107870 0.021354 0.043519
0 0.801042 0.118056 0.038542 0.052778
0 0.914583 0.056481 0.034375 0.035185
0 0.233854 0.820370 0.031250 0.046296
0 0.012500 0.716204 0.023958 0.037963
0 0.018229 0.359722 0.035417 0.043519
0 0.765885 0.950926 0.032813 0.050000
0 0.226302 0.517130 0.035937 0.036111
0 0.456510 0.891204 0.024479 0.052778
0 0.013281 0.157870 0.025521 0.067593
0 0.900521 0.792593 0.033333 0.048148
0 0.340625 0.394444 0.031250 0.035185
0 0.011719 0.813889 0.022396 0.051852
0 0.224479 0.882407 0.035417 0.038889
0 0.835938 0.705556 0.020833 0.031481
0 0.846875 0.945833 0.018750 0.067593
0 0.962500 0.922222 0.029167 0.059259
0 0.056771 0.153241 0.036458 0.043519
0 0.132031 0.892593 0.029687 0.053704
0 0.191927 0.688889 0.021354 0.044444
0 0.896354 0.132870 0.023958 0.037963
0 0.827865 0.950926 0.022396 0.068519
0 0.503646 0.925926 0.023958 0.055556
0 0.464323 0.925000 0.029687 0.055556
0 0.064323 0.019444 0.021354 0.037037
0 0.153906 0.018981 0.035937 0.034259
0 0.994271 0.458333 0.010417 0.037037
0 0.525521 0.388889 0.022917 0.044444
0 0.620052 0.704167 0.018229 0.034259
0 0.041406 0.211574 0.024479 0.041667
0 0.642448 0.929167 0.024479 0.054630
0 0.767708 0.013426 0.016667 0.025000
0 0.930729 0.898148 0.028125 0.029630
0 0.247917 0.762963 0.019792 0.037037
0 0.007292 0.067593 0.013542 0.033333
0 0.040365 0.938426 0.036979 0.054630
0 0.091927 0.937963 0.038021 0.044444
0 0.589063 0.363889 0.018750 0.038889
0 0.102604 0.980093 0.037500 0.039815
0 0.415365 0.100000 0.016146 0.027778
0 0.021875 0.978704 0.035417 0.040741
0 0.530990 0.949074 0.034896 0.037037
0 0.177604 0.557870 0.016667 0.028704
0 0.939063 0.959722 0.038542 0.073148
0 0.539844 0.975926 0.023438 0.040741
0 0.247396 0.525463 0.021875 0.039815
0 0.568229 0.382870 0.014583 0.026852
0 0.679948 0.905093 0.014063 0.025000
0 0.606771 0.959722 0.037500 0.047222
0 0.290885 0.975000 0.040104 0.031481
0 0.708594 0.720370 0.025521 0.059259
0 0.322656 0.958333 0.043229 0.075926
0 0.353646 0.968519 0.021875 0.018519
0 0.009375 0.868981 0.017708 0.050926
0 0.765104 0.282407 0.031250 0.048148
0 0.772656 0.243056 0.024479 0.039815
0 0.708594 0.446296 0.026562 0.044444
0 0.991406 0.733333 0.017188 0.037037
0 0.993229 0.775926 0.013542 0.035185
0 0.994010 0.550926 0.011979 0.038889
0 0.993750 0.403704 0.012500 0.027778
0 0.685677 0.299074 0.023438 0.033333
0 0.994271 0.138426 0.011458 0.043519
0 0.913802 0.300463 0.024479 0.067593
0 0.994531 0.511111 0.010937 0.025926
0 0.986719 0.975926 0.026562 0.016667
