0 0.620052 0.321759 0.027604 0.054630
0 0.487240 0.326852 0.032813 0.050000
0 0.426823 0.479630 0.026562 0.061111
0 0.525521 0.308333 0.025000 0.061111
0 0.399740 0.139352 0.025521 0.062037
0 0.381250 0.222222 0.020833 0.068519
0 0.214062 0.400463 0.029167 0.062037
0 0.518750 0.361574 0.032292 0.054630
0 0.291667 0.518056 0.029167 0.063889
0 0.683854 0.341204 0.026042 0.062037
0 0.746094 0.306481 0.026562 0.061111
0 0.256771 0.294907 0.034375 0.045370
0 0.595052 0.132407 0.026562 0.051852
0 0.470313 0.545833 0.034375 0.045370
0 0.492708 0.236111 0.028125 0.062963
0 0.916146 0.306019 0.019792 0.063889
0 0.669271 0.403704 0.026042 0.062963
0 0.805208 0.421296 0.023958 0.057407
0 0.838281 0.411574 0.022396 0.063889
0 0.706771 0.121759 0.026042 0.065741
0 0.408594 0.194444 0.023438 0.068519
0 0.753646 0.444444 0.036458 0.040741
0 0.496615 0.156944 0.031771 0.054630
0 0.484115 0.490741 0.034896 0.040741
0 0.515365 0.646759 0.028646 0.056481
0 0.720313 0.269444 0.018750 0.066667
0 0.346094 0.053704 0.020313 0.068519
0 0.675521 0.591667 0.035417 0.044444
0 0.256250 0.229167 0.037500 0.049074
0 0.437760 0.201852 0.033854 0.050000
0 0.635677 0.085648 0.028646 0.058333
0 0.703646 0.588889 0.028125 0.057407
0 0.306510 0.094907 0.030729 0.056481
0 0.538542 0.163889 0.023958 0.059259
0 0.203906 0.259722 0.032813 0.058333
0 0.485677 0.693519 0.026562 0.061111
0 0.314323 0.424074 0.034896 0.044444
0 0.897656 0.246296 0.020313 0.064815
0 0.331250 0.310648 0.026042 0.062037
0 0.508594 0.440278 0.035937 0.034259
0 0.203906 0.539815 0.036979 0.053704
0 0.660937 0.248611 0.031250 0.047222
0 0.527604 0.087963 0.028125 0.051852
0 0.800521 0.349537 0.032292 0.056481
0 0.181771 0.617593 0.026042 0.059259
0 0.797396 0.270833 0.032292 0.047222
0 0.856250 0.215741 0.022917 0.061111
0 0.396354 0.480093 0.037500 0.039815
0 0.958854 0.492130 0.031250 0.058333
0 0.775521 0.679630 0.025000 0.057407
0 0.660937 0.120370 0.028125 0.055556
0 0.672656 0.536574 0.021354 0.062037
0 0.700000 0.667130 0.034375 0.037963
0 0.692187 0.267130 0.017708 0.062037
0 0.566667 0.257870 0.036458 0.036111
0 0.655469 0.722222 0.025521 0.062963
0 0.767969 0.802315 0.031771 0.056481
0 0.065625 0.421759 0.027083 0.063889
0 0.952083 0.259722 0.031250 0.058333
0 0.910937 0.696759 0.025000 0.062037
0 0.256250 0.172222 0.018750 0.066667
0 0.470052 0.243519 0.019271 0.059259
0 0.901042 0.484259 0.019792 0.064815
0 0.583594 0.656019 0.038021 0.050926
0 0.867188 0.298148 0.034375 0.046296
0 0.109635 0.430556 0.025521 0.068519
0 0.269792 0.540741 0.022917 0.064815
0 0.070052 0.512963 0.028646 0.062963
0 0.374740 0.057407 0.030729 0.062963
0 0.774479 0.624537 0.027083 0.054630
0 0.687760 0.734259 0.034896 0.035185
0 0.705729 0.273148 0.017708 0.062963
0 0.855469 0.592130 0.026562 0.047222
0 0.855208 0.527315 0.019792 0.052778
0 0.277344 0.458333 0.023438 0.057407
0 0.813281 0.171296 0.025521 0.062963
0 0.115365 0.360648 0.030729 0.065741
0 0.344792 0.502778 0.020833 0.070370
0 0.696875 0.171296 0.033333 0.044444
0 0.807813 0.506019 0.020833 0.063889
0 0.849740 0.344907 0.033854 0.050926
0 0.094010 0.642593 0.033854 0.059259
0 0.276823 0.421296 0.035937 0.048148
0 0.972917 0.465741 0.033333 0.057407
0 0.603646 0.481019 0.035417 0.037963
0 0.930729 0.196759 0.032292 0.043519
0 0.198958 0.303241 0.035417 0.052778
0 0.498177 0.591667 0.039062 0.044444
0 0.799479 0.624074 0.026042 0.064815
0 0.094271 0.340278 0.030208 0.062037
0 0.535937 0.620370 0.030208 0.055556
0 0.721875 0.561574 0.025000 0.063889
0 0.931510 0.593981 0.039062 0.041667
0 0.976823 0.294907 0.025521 0.065741
0 0.460677 0.657407 0.035937 0.033333
0 0.623698 0.609722 0.036979 0.037963
0 0.696094 0.626389 0.031771 0.050926
0 0.616406 0.213889 0.035937 0.040741
0 0.426042 0.057407 0.036458 0.061111
0 0.239063 0.515278 0.027083 0.071296
0 0.413542 0.277778 0.035417 0.059259
0 0.793229 0.468056 0.037500 0.036111
0 0.028646 0.394907 0.037500 0.052778
0 0.937760 0.500926 0.020313 0.061111
0 0.425781 0.156481 0.035937 0.051852
0 0.849219 0.763426 0.023438 0.054630
0 0.874740 0.483333 0.036979 0.040741
0 0.153125 0.527315 0.039583 0.058333
0 0.397135 0.732870 0.034896 0.043519
0 0.342969 0.420833 0.019271 0.065741
0 0.950521 0.692593 0.032292 0.055556
0 0.934375 0.367130 0.034375 0.043519
0 0.205729 0.345833 0.032292 0.043519
0 0.776563 0.526389 0.032292 0.032407
0 0.185938 0.142130 0.038542 0.047222
0 0.783854 0.755556 0.038542 0.044444
0 0.762760 0.104630 0.035937 0.042593
0 0.691927 0.788889 0.023438 0.066667
0 0.049740 0.378704 0.027604 0.072222
0 0.821354 0.807870 0.038542 0.039815
0 0.050781 0.775926 0.039062 0.055556
0 0.054688 0.586574 0.043750 0.045370
0 0.789844 0.721296 0.034896 0.038889
0 0.592969 0.798148 0.035937 0.038889
0 0.880208 0.800463 0.035417 0.045370
0 0.024479 0.455093 0.041667 0.049074
0 0.495052 0.071296 0.034896 0.044444
0 0.822135 0.852315 0.023438 0.062037
0 0.948438 0.737037 0.034375 0.061111
0 0.986979 0.370370 0.026042 0.042593
0 0.741667 0.852778 0.022917 0.059259
0 0.849219 0.451389 0.036979 0.037963
0 0.589063 0.756944 0.036458 0.039815
0 0.465365 0.102778 0.035937 0.038889
0 0.877604 0.099074 0.039583 0.037037
0 0.649740 0.817130 0.020313 0.063889
0 0.053385 0.709722 0.038021 0.043519
0 0.472656 0.040278 0.033854 0.045370
0 0.737500 0.120370 0.019792 0.042593
0 0.558333 0.777778 0.019792 0.066667
0 0.585677 0.573611 0.034896 0.062037
0 0.984635 0.646759 0.029687 0.043519
0 0.944010 0.857870 0.024479 0.050926
0 0.317448 0.053704 0.038021 0.042593
0 0.196354 0.734722 0.022917 0.065741
0 0.248177 0.648148 0.025521 0.064815
0 0.293490 0.829630 0.038021 0.035185
0 0.868750 0.059259 0.026042 0.066667
0 0.675521 0.786574 0.016667 0.062037
0 0.944531 0.652315 0.040104 0.039815
0 0.971354 0.833796 0.030208 0.047222
0 0.197135 0.575926 0.025521 0.062963
0 0.535937 0.765741 0.021875 0.074074
0 0.764844 0.876852 0.019271 0.064815
0 0.129948 0.399537 0.029687 0.047222
0 0.339583 0.808796 0.037500 0.041667
0 0.535417 0.056481 0.039583 0.055556
0 0.472135 0.847685 0.019271 0.069444
0 0.936198 0.094444 0.026562 0.066667
0 0.727083 0.037500 0.020833 0.065741
0 0.416406 0.889352 0.017188 0.060185
0 0.492969 0.816667 0.021354 0.070370
0 0.091146 0.287963 0.030208 0.038889
0 0.610677 0.863426 0.038021 0.049074
0 0.444010 0.023148 0.030729 0.044444
0 0.885938 0.137963 0.034375 0.042593
0 0.643490 0.905093 0.027604 0.067593
0 0.154948 0.693519 0.024479 0.064815
0 0.679948 0.042593 0.032813 0.035185
0 0.060937 0.870833 0.038542 0.041667
0 0.147656 0.115741 0.033854 0.040741
0 0.148438 0.890278 0.031250 0.060185
0 0.679948 0.877778 0.020313 0.070370
0 0.993229 0.230093 0.013542 0.063889
0 0.886198 0.861574 0.039062 0.039815
0 0.786198 0.033333 0.019271 0.064815
0 0.081250 0.133796 0.022917 0.071296
0 0.889844 0.895370 0.042188 0.038889
0 0.560156 0.020370 0.033854 0.038889
0 0.058594 0.323148 0.028646 0.035185
0 0.583073 0.713426 0.023438 0.047222
0 0.701823 0.882407 0.029687 0.050000
0 0.796094 0.868056 0.025521 0.071296
0 0.010417 0.343056 0.019792 0.032407
0 0.589583 0.365741 0.018750 0.040741
0 0.672656 0.933796 0.025521 0.060185
0 0.097917 0.923148 0.030208 0.059259
0 0.936719 0.907870 0.027604 0.037963
0 0.234896 0.825926 0.032292 0.050000
0 0.445312 0.865741 0.038542 0.038889
0 0.010156 0.150000 0.019271 0.044444
0 0.077083 0.082870 0.041667 0.036111
0 0.202083 0.936111 0.033333 0.051852
0 0.430729 0.108796 0.017708 0.034259
0 0.009375 0.298611 0.017708 0.043519
0 0.986458 0.054167 0.023958 0.060185
0 0.477604 0.895370 0.035417 0.050000
0 0.969531 0.912963 0.020313 0.075926
0 0.071875 0.940741 0.022917 0.061111
0 0.836979 0.703704 0.018750 0.029630
0 0.102344 0.019444 0.021354 0.037037
0 0.267448 0.912500 0.039062 0.036111
0 0.482292 0.435648 0.018750 0.030556
0 0.566667 0.961111 0.033333 0.055556
0 0.450521 0.939352 0.035417 0.050926
0 0.917188 0.947222 0.032292 0.062963
0 0.230208 0.474074 0.025000 0.027778
0 0.383073 0.559722 0.019271 0.030556
0 0.008333 0.774074 0.015625 0.062963
0 0.202604 0.855556 0.044792 0.050000
0 0.815365 0.931944 0.033854 0.037963
0 0.041146 0.206481 0.019792 0.033333
0 0.013281 0.881481 0.025521 0.059259
0 0.242969 0.937963 0.043229 0.046296
0 0.395833 0.953704 0.036458 0.042593
0 0.315104 0.934259 0.037500 0.044444
0 0.394531 0.876389 0.022396 0.034259
0 0.898177 0.976852 0.025521 0.038889
0 0.446615 0.896296 0.031771 0.031481
0 0.358594 0.936111 0.033854 0.042593
0 0.568229 0.383333 0.014583 0.025926
0 0.123177 0.968519 0.039062 0.044444
0 0.699479 0.948148 0.032292 0.059259
0 0.757552 0.937037 0.033854 0.051852
0 0.197135 0.474537 0.021354 0.030556
0 0.237760 0.969444 0.019271 0.046296
0 0.391667 0.697222 0.018750 0.037037
0 0.197917 0.976852 0.037500 0.040741
0 0.552083 0.907407 0.019792 0.042593
0 0.331250 0.977778 0.044792 0.038889
0 0.273177 0.977778 0.029687 0.035185
0 0.438802 0.965741 0.041146 0.057407
0 0.091146 0.968056 0.034375 0.028704
0 0.150781 0.980556 0.035937 0.038889
0 0.597917 0.969444 0.031250 0.022222
0 0.493229 0.950926 0.018750 0.022222
0 0.764323 0.980093 0.032813 0.039815
0 0.720313 0.946759 0.026042 0.049074
0 0.859635 0.974074 0.048438 0.046296
0 0.636719 0.134259 0.019271 0.072222
0 0.764583 0.247222 0.021875 0.053704
0 0.764062 0.284722 0.032292 0.052778
0 0.847396 0.156481 0.025000 0.062963
0 0.826302 0.147685 0.025521 0.054630
0 0.848698 0.103241 0.022396 0.043519
0 0.877604 0.192130 0.022917 0.056481
0 0.551302 0.230556 0.033854 0.031481
0 0.583854 0.194907 0.033333 0.050926
0 0.610677 0.260648 0.026562 0.062037
0 0.642708 0.232870 0.020833 0.073148
0 0.989583 0.544444 0.019792 0.075926
0 0.975781 0.706019 0.022396 0.045370
0 0.989323 0.737500 0.021354 0.037963
0 0.903906 0.444444 0.036979 0.038889
0 0.880469 0.435185 0.019271 0.068519
0 0.878646 0.362500 0.017708 0.067593
0 0.894531 0.357407 0.019271 0.075926
0 0.907552 0.385648 0.020313 0.060185
0 0.985417 0.976852 0.028125 0.022222
0 0.556771 0.866667 0.028125 0.031481
0 0.747135 0.626389 0.031771 0.067593
0 0.738281 0.573148 0.044271 0.029630
0 0.813542 0.761574 0.026042 0.062037
0 0.902344 0.809259 0.021354 0.072222
0 0.920052 0.779630 0.020313 0.066667
0 0.875260 0.836111 0.022396 0.035185
0 0.639583 0.938426 0.039583 0.052778
0 0.349219 0.102778 0.018229 0.024074
0 0.414323 0.100463 0.017188 0.023148
0 0.690625 0.978241 0.039583 0.028704
0 0.659375 0.329630 0.023958 0.051852
0 0.688021 0.302315 0.019792 0.034259
