0 0.49121354166666664 0.264537037037037 0.024140624999999954 0.05772222222222225
0 0.6865260416666668 0.35850925925925925 0.03402604166666663 0.052898148148148146
0 0.3266614583333334 0.4526944444444444 0.02279687499999999 0.06200925925925923
0 0.533203125 0.4852407407407407 0.030104166666666703 0.05112962962962966
0 0.6665052083333334 0.33073148148148146 0.026552083333333344 0.059842592592592586
0 0.6640625 0.2638888888888889 0.021864583333333344 0.06798148148148148
0 0.457765625 0.3253055555555555 0.033083333333333326 0.04114814814814809
0 0.4633802083333334 0.5967870370370371 0.023468749999999972 0.06635185185185193
0 0.5502916666666666 0.36327777777777776 0.03454687499999996 0.044435185185185196
0 0.6147447916666666 0.519962962962963 0.03540104166666656 0.04587037037037034
0 0.6323229166666666 0.0719074074074074 0.022843750000000065 0.062231481481481464
0 0.38403125 0.4943611111111111 0.027953125000000037 0.055259259259259265
0 0.8647447916666666 0.5811666666666666 0.025802083333333316 0.059027777777777776
0 0.5747083333333334 0.21049999999999996 0.022718749999999944 0.06331481481481478
0 0.6181666666666668 0.37065740740740744 0.03408854166666657 0.04712037037037036
0 0.6025416666666668 0.08078703703703703 0.0167239583333334 0.0661388888888889
0 0.3615729166666667 0.3085925925925926 0.028807291666666637 0.05718518518518518
0 0.6450208333333334 0.30642592592592593 0.018401041666666628 0.06342592592592593
0 0.5366197916666666 0.09776851851851852 0.026411458333333353 0.06087037037037038
0 0.40234375 0.537324074074074 0.025802083333333316 0.06450925925925932
0 0.7075208333333334 0.4613703703703703 0.024385416666666753 0.061685185185185135
0 0.361328125 0.4978333333333333 0.021817708333333387 0.05674999999999997
0 0.2983385416666666 0.16797222222222222 0.03384375000000001 0.04562962962962966
0 0.5966822916666668 0.6605925925925926 0.030671874999999935 0.04657407407407403
0 0.7045885416666666 0.23567592592592593 0.018479166666666675 0.06428703703703705
0 0.453859375 0.45269444444444445 0.03845312499999996 0.04274999999999996
0 0.5239270833333334 0.7929722222222222 0.03167708333333336 0.049314814814814804
0 0.6928697916666666 0.713111111111111 0.023026041666666684 0.06462037037037034
0 0.560546875 0.8350740740740741 0.029921874999999907 0.05382407407407418
0 0.8999010416666666 0.4926203703703703 0.030958333333333362 0.0481203703703704
0 0.919921875 0.525175925925926 0.0301510416666666 0.050370370370370454
0 0.4790052083333334 0.6610277777777778 0.019057291666666625 0.06851851851851852
0 0.234375 0.46049999999999996 0.030854166666666672 0.06836111111111115
0 0.4174791666666666 0.2033425925925926 0.02504166666666663 0.057620370370370384
0 0.7338854166666666 0.20258333333333334 0.02769270833333337 0.05392592592592593
0 0.4204114583333334 0.24457407407407405 0.03540104166666668 0.045351851851851865
0 0.6166979166666666 0.1490925925925926 0.029984375000000084 0.052000000000000025
0 0.3984375 0.317712962962963 0.03347916666666665 0.033796296296296297
0 0.4765625 0.10107407407407407 0.019166666666666644 0.06737962962962961
0 0.22155729166666666 0.5377592592592593 0.03881770833333332 0.03985185185185182
0 0.3422864583333334 0.14257407407407408 0.019010416666666665 0.06320370370370369
0 0.462890625 0.25021296296296297 0.02041666666666669 0.06624074074074074
0 0.5766614583333334 0.7899351851851851 0.03454687499999996 0.041314814814814714
0 0.556640625 0.6228333333333333 0.01998958333333339 0.06390740740740739
0 0.9604479166666666 0.4956574074074074 0.02056770833333322 0.062009259259259285
0 0.39575 0.6158888888888888 0.018692708333333384 0.06439814814814811
0 0.3342291666666667 0.29839814814814813 0.03372395833333333 0.04031481481481478
0 0.7377916666666666 0.24935185185185185 0.027374999999999972 0.05270370370370369
0 0.6127916666666666 0.6184907407407407 0.03396354166666669 0.04785185185185191
0 0.4958489583333333 0.8072962962962963 0.024656249999999956 0.06450925925925932
0 0.6215833333333334 0.5785555555555556 0.037046875000000055 0.03526851851851844
0 0.8920885416666666 0.8867222222222222 0.031203124999999925 0.056638888888888954
0 0.3647447916666666 0.1622222222222222 0.018052083333333375 0.06428703703703705
0 0.6640625 0.7847222222222222 0.03573437500000007 0.037759259259259235
0 0.5556666666666668 0.4765648148148149 0.020723958333333313 0.06813888888888886
0 0.7421875 0.34505555555555556 0.03173958333333336 0.05652777777777773
0 0.6635729166666666 0.2124537037037037 0.02784895833333323 0.051212962962962995
0 0.6577135416666666 0.07312962962962963 0.018156250000000065 0.06684259259259259
0 0.7456041666666666 0.7491296296296296 0.020692708333333344 0.06320370370370369
0 0.8852552083333334 0.6831574074074074 0.020796874999999916 0.06352777777777768
0 0.244875 0.5750833333333334 0.0366197916666667 0.0356759259259259
0 0.4348125 0.6115462962962963 0.019453124999999953 0.06775925925925932
0 0.23352083333333334 0.6210925925925925 0.0313125 0.05924074074074076
0 0.5366197916666666 0.5950555555555556 0.018692708333333325 0.0642870370370371
0 0.8168958333333334 0.1499537037037037 0.030729166666666665 0.05121296296296297
0 0.3911145833333334 0.19943518518518516 0.025619791666666693 0.06879629629629631
0 0.748046875 0.6414907407407406 0.03353645833333327 0.05433333333333339
0 0.3864739583333333 0.55425 0.019197916666666613 0.06179629629629631
0 0.8203125 0.3773888888888889 0.029541666666666563 0.05620370370370375
0 0.250734375 0.6441018518518519 0.02059895833333331 0.07274999999999994
0 0.8647447916666666 0.6588518518518518 0.03149479166666656 0.05642592592592598
0 0.4916979166666666 0.5169259259259259 0.020369791666666616 0.06684259259259265
0 0.541015625 0.23068518518518516 0.019302083333333307 0.06646296296296293
0 0.16308854166666667 0.4978333333333333 0.03689583333333335 0.05056481481481478
0 0.736328125 0.062333333333333324 0.021531250000000075 0.06798148148148149
0 0.86328125 0.14594444444444446 0.019380208333333353 0.05496296296296298
0 0.8017604166666668 0.0930462962962963 0.024385416666666753 0.06390740740740741
0 0.8666979166666666 0.4830740740740741 0.02947916666666662 0.05913888888888884
0 0.44921875 0.07275 0.028593750000000046 0.0691759259259259
0 0.603515625 0.3085925925925926 0.01771354166666678 0.06559259259259262
0 0.9028333333333334 0.84375 0.03488020833333323 0.04831481481481487
0 0.39160416666666664 0.11860185185185186 0.021208333333333346 0.07194444444444444
0 0.8232447916666668 0.6354166666666666 0.02161979166666678 0.06477777777777781
0 0.6782239583333334 0.04139814814814815 0.021484375 0.05881481481481481
0 0.3513177083333333 0.10335185185185186 0.03390624999999995 0.04969444444444446
0 0.276125 0.36241666666666666 0.02645833333333331 0.04543518518518523
0 0.09350520833333334 0.33659259259259255 0.0390625 0.040064814814814796
0 0.18371354166666667 0.5811666666666666 0.026260416666666644 0.07166666666666675
0 0.021817708333333335 0.7790833333333333 0.03332291666666666 0.05462962962962963
0 0.853515625 0.74175 0.03179687500000009 0.04831481481481487
0 0.6499010416666666 0.6202222222222222 0.018020833333333285 0.07156481481481478
0 0.9790052083333334 0.5763888888888888 0.03616145833333325 0.05121296296296291
0 0.9594739583333334 0.6102407407407406 0.021010416666666743 0.06130555555555559
0 0.7719739583333334 0.6124166666666666 0.0360104166666666 0.0382777777777777
0 0.2768541666666666 0.6488703703703703 0.03933854166666665 0.05191666666666661
0 0.41504166666666664 0.5972222222222222 0.018265624999999966 0.0651018518518518
0 0.888671875 0.4121111111111111 0.03302083333333338 0.04578703703703708
0 0.356203125 0.5846388888888888 0.021531249999999957 0.056314814814814755
0 0.7534166666666666 0.801212962962963 0.03533854166666662 0.03276851851851861
0 0.7924791666666666 0.7261296296296297 0.02056770833333322 0.06798148148148155
0 0.875 0.3652314814814815 0.03378125000000007 0.04114814814814809
0 0.3811041666666667 0.051509259259259255 0.02276562500000002 0.06955555555555556
0 0.7529322916666668 0.1803425925925926 0.03573437500000007 0.044675925925925924
0 0.3166510416666667 0.6228333333333333 0.022677083333333313 0.062333333333333275
0 0.31640625 0.10313888888888889 0.032229166666666725 0.05112962962962963
0 0.2524427083333333 0.16102777777777777 0.023557291666666678 0.06749074074074073
0 0.9321302083333334 0.5668425925925926 0.023999999999999962 0.05913888888888879
0 0.8408229166666668 0.46440740740740744 0.021406249999999953 0.06190740740740742
0 0.9877916666666666 0.7361111111111112 0.020723958333333313 0.057398148148148156
0 0.9560572916666668 0.6948796296296297 0.03732291666666659 0.03512962962962968
0 0.23938020833333334 0.3559074074074074 0.03634895833333331 0.04475925925925929
0 0.7553697916666666 0.3049074074074074 0.03515625 0.05251851851851854
0 0.08465625 0.38520370370370366 0.0390625 0.039629629629629584
0 0.6557604166666666 0.8307314814814816 0.02033854166666676 0.06944444444444445
0 0.5361354166666668 0.04424074074074074 0.018296875000000056 0.05392592592592593
0 0.32129166666666664 0.7543425925925926 0.021088541666666672 0.06575925925925924
0 0.9619166666666668 0.7786481481481482 0.023468749999999972 0.0588148148148148
0 0.9291979166666666 0.8025185185185185 0.01971354166666662 0.06119444444444437
0 0.4020989583333333 0.8142407407407407 0.03454687499999996 0.04598148148148156
0 0.619140625 0.2315555555555556 0.033140625000000055 0.04467592592592595
0 0.125609375 0.5117222222222222 0.04177604166666666 0.04519444444444439
0 0.7084947916666666 0.3027314814814815 0.018770833333333313 0.06428703703703699
0 0.5932604166666666 0.7473981481481482 0.032411458333333344 0.033037037037037094
0 0.9555677083333334 0.7365462962962963 0.029875000000000065 0.0481203703703704
0 0.8540052083333334 0.060981481481481484 0.03271354166666664 0.04598148148148148
0 0.572265625 0.3085925925925926 0.03408854166666657 0.044842592592592545
0 0.9594739583333334 0.1970462962962963 0.032468750000000074 0.049962962962962945
0 0.771484375 0.4856759259259259 0.031020833333333307 0.0642870370370371
0 0.9453125 0.5894074074074074 0.024276041666666734 0.06271296296296298
0 0.8681666666666668 0.27973148148148147 0.03277604166666658 0.05015740740740737
0 0.8432604166666666 0.5134537037037037 0.04009895833333322 0.0481203703703704
0 0.8081041666666666 0.8967037037037038 0.02670312499999999 0.05311111111111102
0 0.18261979166666667 0.24674074074074076 0.023468749999999972 0.07085185185185183
0 0.7954114583333334 0.6102407407407406 0.021776041666666638 0.06462037037037034
0 0.7856458333333334 0.2341574074074074 0.035947916666666656 0.04180555555555553
0 0.9565416666666666 0.3836851851851852 0.03125 0.05360185185185184
0 0.8256822916666666 0.7083333333333334 0.03295833333333344 0.04858333333333336
0 0.160890625 0.3606759259259259 0.029036458333333334 0.04961111111111115
0 0.0676875 0.7282962962962962 0.02908333333333333 0.06813888888888882
0 0.9096666666666666 0.35547222222222224 0.031984374999999926 0.036787037037037056
0 0.7846666666666666 0.8967037037037038 0.021531250000000075 0.06488888888888882
0 0.05611979166666667 0.17871296296296296 0.03179687500000001 0.05132407407407408
0 0.697265625 0.6072037037037037 0.019239583333333362 0.06380555555555563
0 0.8579114583333334 0.32378703703703704 0.03622395833333343 0.034453703703703736
0 0.123046875 0.4618055555555556 0.04153645833333333 0.053111111111111074
0 0.9096666666666666 0.7795185185185185 0.02215624999999998 0.06369444444444441
0 0.42480729166666664 0.14257407407407408 0.03448437500000002 0.056638888888888905
0 0.3828125 0.9036481481481482 0.03125 0.062333333333333275
0 0.8095729166666668 0.21083333333333332 0.024140624999999954 0.05576851851851854
0 0.7788072916666666 0.7604166666666666 0.019166666666666762 0.05848148148148156
0 0.5903333333333334 0.8854166666666666 0.025374999999999894 0.06711111111111112
0 0.9287135416666668 0.3997407407407408 0.020598958333333427 0.05870370370370368
0 0.5122083333333334 0.5221388888888888 0.018338541666666687 0.06212037037037029
0 0.9497083333333334 0.4316388888888889 0.03753645833333342 0.0463333333333333
0 0.8530260416666666 0.10014814814814814 0.03860416666666661 0.03526851851851852
0 0.1589375 0.5529537037037038 0.024703124999999975 0.05652777777777773
0 0.22925 0.7078981481481481 0.031020833333333366 0.05962037037037046
0 0.3413072916666666 0.9019074074074074 0.025802083333333316 0.06060185185185189
0 0.9169947916666668 0.16774999999999998 0.03747395833333324 0.04335185185185184
0 0.04821875 0.7482685185185185 0.023328124999999995 0.06624074074074071
0 0.9306666666666668 0.1496296296296296 0.03661979166666664 0.04730555555555553
0 0.12188541666666666 0.2912314814814815 0.03384374999999999 0.037842592592592594
0 0.070921875 0.4557314814814814 0.040682291666666676 0.05319444444444443
0 0.927734375 0.7526018518518518 0.023145833333333362 0.04283333333333333
0 0.4299322916666667 0.027537037037037033 0.035218749999999945 0.03909259259259259
0 0.169921875 0.8632777777777778 0.027010416666666672 0.06282407407407399
0 0.751953125 0.5759537037037037 0.03402604166666663 0.03857407407407415
0 0.8637708333333334 0.8337685185185185 0.022843750000000065 0.05587962962962954
0 0.15478645833333332 0.6953148148148148 0.03540104166666668 0.0544444444444444
0 0.034088541666666666 0.8654537037037038 0.03774999999999999 0.0463333333333333
0 0.3552239583333333 0.7842870370370371 0.03796354166666672 0.060055555555555466
0 0.26074479166666664 0.8559074074074075 0.027067708333333346 0.0614166666666666
0 0.45605729166666664 0.20301851851851851 0.02670312499999999 0.038490740740740735
0 0.080625 0.6796851851851852 0.03891145833333332 0.04023148148148152
0 0.3618177083333334 0.8355 0.022416666666666647 0.05555555555555555
0 0.4533697916666667 0.8897592592592594 0.020338541666666644 0.05121296296296291
0 0.33984375 0.3930092592592592 0.02865624999999999 0.03209259259259256
0 0.6494166666666668 0.025879629629629624 0.03628645833333337 0.03328703703703704
0 0.4255364583333333 0.09510185185185184 0.026260416666666706 0.0395462962962963
0 0.0910625 0.1582037037037037 0.031369791666666674 0.0371388888888889
0 0.8212916666666668 0.02689814814814815 0.03192187499999998 0.04052777777777778
0 0.9858385416666666 0.4470462962962963 0.022505208333333353 0.03792592592592596
0 0.8720729166666668 0.9340277777777778 0.033083333333333326 0.04831481481481477
0 0.2502447916666667 0.3791203703703704 0.018937500000000006 0.05351851851851848
0 0.035890624999999995 0.9036481481481482 0.035890624999999995 0.031740740740740715
0 0.8486354166666668 0.8233518518518519 0.02049479166666662 0.060379629629629665
0 0.009088541666666668 0.3125 0.017302083333333333 0.059138888888888894
0 0.07666145833333333 0.1268425925925926 0.035734375000000006 0.049509259259259274
0 0.301515625 0.900175925925926 0.04068229166666661 0.04367592592592599
0 0.4799791666666666 0.7586851851851851 0.040468750000000026 0.040694444444444484
0 0.689453125 0.30989814814814814 0.018369791666666656 0.04641666666666666
0 0.7661145833333334 0.9531296296296298 0.0343020833333334 0.04747222222222221
0 0.4240729166666667 0.536888888888889 0.025864583333333375 0.0371388888888888
0 0.5249010416666666 0.3906296296296296 0.020291666666666687 0.04212962962962963
0 0.8486354166666668 0.931425925925926 0.027374999999999972 0.04101851851851858
0 0.13073958333333333 0.0720462962962963 0.027177083333333338 0.04131481481481482
0 0.18713541666666667 0.32139814814814816 0.019270833333333334 0.03976851851851856
0 0.23547395833333334 0.8242222222222222 0.03338541666666668 0.04831481481481487
0 0.2502447916666667 0.5243055555555556 0.01616145833333332 0.039472222222222325
0 0.04132291666666667 0.2115925925925926 0.02232291666666667 0.04204629629629632
0 0.7993177083333334 0.9409722222222222 0.03854166666666667 0.04367592592592599
0 0.7612291666666666 0.980037037037037 0.04046874999999991 0.03425925925925926
0 0.4709479166666667 0.9644074074074074 0.04001041666666663 0.04676851851851861
0 0.896484375 0.13150925925925927 0.017182291666666554 0.029731481481481494
0 0.012479166666666668 0.9270833333333334 0.024885416666666667 0.0364351851851851
0 0.767578125 0.013574074074074073 0.015958333333333265 0.026490740740740742
0 0.249390625 0.7578148148148148 0.018828124999999987 0.044759259259259186
0 0.4670416666666667 0.13628703703703704 0.018984375000000022 0.03770370370370372
0 0.47925 0.012814814814814815 0.01658854166666662 0.024712962962962968
0 0.8608385416666666 0.962675925925926 0.03506250000000009 0.030194444444444458
0 0.6186510416666666 0.7026944444444444 0.015427083333333277 0.02815740740740748
0 0.07080208333333333 0.9375 0.038114583333333334 0.03985185185185182
0 0.006338541666666666 0.3654537037037037 0.011828125 0.046222222222222185
0 0.15332291666666667 0.9409722222222222 0.04077083333333332 0.032712962962962895
0 0.8681666666666668 0.981638888888889 0.022890624999999904 0.036712962962963044
0 0.890625 0.9696203703703704 0.022369791666666573 0.051916666666666715
0 0.6704114583333334 0.9453148148148148 0.018338541666666687 0.06737962962962961
0 0.27734375 0.010268518518518519 0.015364583333333333 0.02013888888888889
0 0.5893541666666666 0.36718518518518517 0.017380208333333275 0.04266666666666671
0 0.5346666666666666 0.9331574074074074 0.03634895833333331 0.03993518518518529
0 0.50390625 0.9774351851851852 0.032411458333333344 0.03466666666666672
0 0.005239583333333335 0.1854351851851852 0.010010416666666666 0.03412962962962964
0 0.5390625 0.9765648148148148 0.02386458333333336 0.04052777777777776
0 0.08404687500000001 0.980824074074074 0.040312499999999994 0.038342592592592456
0 0.07195833333333333 0.5915833333333333 0.01704166666666666 0.02637962962962964
0 0.49707291666666664 0.9461851851851851 0.03423958333333334 0.04180555555555553
0 0.4780260416666666 0.9218796296296298 0.030958333333333362 0.05815740740740746
0 0.21716145833333333 0.943574074074074 0.025223958333333307 0.05674999999999997
0 0.03521875 0.3474351851851852 0.019010416666666665 0.029842592592592608
0 0.31788020833333336 0.9801203703703704 0.035276041666666674 0.03975925925925931
0 0.23547395833333334 0.974824074074074 0.02670312499999999 0.032712962962962895
0 0.399171875 0.9713518518518518 0.01971354166666662 0.022796296296296197
0 0.4191875 0.9592037037037038 0.02461458333333333 0.013370370370370421
0 0.1989739583333333 0.9804166666666666 0.022078124999999994 0.039166666666666836
0 0.7314479166666668 0.9791666666666666 0.021364583333333322 0.029842592592592608
0 0.984375 0.9730925925925926 0.02161979166666678 0.028944444444444647
0 0.9938541666666667 0.7943703703703703 0.01229166666666662 0.05224074074074081
0 0.7335260416666666 0.5352870370370371 0.025328125000000055 0.0702500000000001
0 0.55015625 0.15519444444444447 0.019020833333333324 0.07251851851851851
0 0.6418020833333333 0.12286111111111112 0.020489583333333408 0.05159259259259261
0 0.6172291666666666 0.1965925925925926 0.03680729166666671 0.035462962962962974
0 0.643703125 0.2401574074074074 0.02209895833333325 0.05920370370370373
0 0.6558385416666667 0.16645370370370371 0.028999999999999915 0.0580648148148148
0 0.6665989583333333 0.13287037037037036 0.015786458333333305 0.0624074074074074
0 0.6792135416666666 0.17491666666666666 0.016328124999999954 0.07661111111111112
0 0.6913697916666667 0.21026851851851852 0.01778645833333338 0.06280555555555555
0 0.9936875000000001 0.54825 0.012624999999999886 0.03987962962962957
0 0.9209010416666668 0.31672222222222224 0.023270833333333248 0.0514444444444445
0 0.900390625 0.3120648148148148 0.025802083333333316 0.05794444444444448