0 0.648177 0.530556 0.032813 0.055556
0 0.709115 0.500463 0.026562 0.056481
0 0.525260 0.250000 0.030729 0.061111
0 0.882292 0.575463 0.031250 0.049074
0 0.719792 0.461574 0.025000 0.063889
0 0.439323 0.111574 0.023438 0.067593
0 0.955729 0.498148 0.036458 0.048148
0 0.725521 0.560648 0.029167 0.062037
0 0.777604 0.722222 0.022917 0.059259
0 0.693490 0.112500 0.029687 0.058333
0 0.759896 0.406481 0.032292 0.033333
0 0.818229 0.489352 0.029167 0.056481
0 0.645833 0.645833 0.032292 0.050926
0 0.751042 0.552778 0.023958 0.059259
0 0.571615 0.147685 0.027604 0.067593
0 0.956771 0.698148 0.027083 0.057407
0 0.739062 0.121296 0.021875 0.053704
0 0.620833 0.086111 0.028125 0.057407
0 0.510677 0.306944 0.020313 0.065741
0 0.140885 0.483796 0.036979 0.045370
0 0.941667 0.535185 0.028125 0.064815
0 0.745313 0.170833 0.031250 0.050926
0 0.660937 0.252315 0.023958 0.052778
0 0.879167 0.108796 0.029167 0.060185
0 0.122917 0.332870 0.032292 0.062037
0 0.430729 0.166204 0.034375 0.056481
0 0.681771 0.579167 0.021875 0.062037
0 0.873177 0.307407 0.026562 0.051852
0 0.476562 0.086111 0.027083 0.062963
0 0.836719 0.451852 0.027604 0.059259
0 0.826823 0.671759 0.019271 0.065741
0 0.698438 0.432870 0.021875 0.063889
0 0.552604 0.131481 0.028125 0.066667
0 0.677344 0.665278 0.030729 0.050926
0 0.476042 0.229630 0.023958 0.062963
0 0.256510 0.171296 0.026562 0.074074
0 0.526042 0.115278 0.020833 0.063889
0 0.694531 0.212037 0.020313 0.061111
0 0.232552 0.342593 0.028646 0.061111
0 0.217969 0.391204 0.035937 0.047222
0 0.658594 0.112037 0.028646 0.059259
0 0.736458 0.791667 0.033333 0.048148
0 0.734896 0.367593 0.016667 0.059259
0 0.135937 0.303241 0.033333 0.056481
0 0.174740 0.319444 0.028646 0.051852
0 0.829427 0.258796 0.023438 0.060185
0 0.548177 0.200000 0.025521 0.055556
0 0.346094 0.049537 0.022396 0.067593
0 0.711198 0.667593 0.021354 0.051852
0 0.745833 0.313426 0.032292 0.049074
0 0.749740 0.622222 0.023438 0.061111
0 0.500781 0.116667 0.034896 0.053704
0 0.984375 0.611111 0.028125 0.050000
0 0.604688 0.298611 0.020833 0.063889
0 0.657031 0.740278 0.034896 0.054630
0 0.720573 0.618981 0.029687 0.050926
0 0.705208 0.591667 0.021875 0.064815
0 0.628125 0.354167 0.023958 0.058333
0 0.927083 0.301389 0.021875 0.058333
0 0.913802 0.132870 0.033854 0.052778
0 0.541927 0.089815 0.018229 0.070370
0 0.804427 0.437963 0.031771 0.042593
0 0.857292 0.207407 0.029167 0.051852
0 0.306771 0.087037 0.029167 0.062963
0 0.902604 0.479630 0.022917 0.062963
0 0.717969 0.300926 0.032813 0.040741
0 0.404427 0.285648 0.028646 0.060185
0 0.641146 0.237037 0.018750 0.061111
0 0.707031 0.831019 0.030729 0.047222
0 0.973437 0.773611 0.027083 0.058333
0 0.741927 0.260185 0.029687 0.059259
0 0.802865 0.206481 0.028646 0.057407
0 0.578125 0.478241 0.031250 0.060185
0 0.779427 0.525926 0.020313 0.057407
0 0.102344 0.250000 0.039062 0.053704
0 0.822917 0.354167 0.033333 0.043519
0 0.951042 0.267593 0.036458 0.040741
0 0.818490 0.300926 0.033854 0.037037
0 0.772396 0.640278 0.028125 0.052778
0 0.913281 0.394907 0.023438 0.063889
0 0.931510 0.420370 0.018229 0.046296
0 0.139844 0.609722 0.039062 0.058333
0 0.834635 0.782870 0.028646 0.056481
0 0.985156 0.726852 0.025521 0.064815
0 0.838542 0.118981 0.032292 0.049074
0 0.526563 0.359259 0.019792 0.068519
0 0.394792 0.334259 0.027083 0.066667
0 0.436198 0.047685 0.032813 0.052778
0 0.580208 0.251852 0.023958 0.061111
0 0.605729 0.044444 0.028125 0.059259
0 0.640365 0.130093 0.018229 0.060185
0 0.332552 0.137037 0.036979 0.037037
0 0.706771 0.733333 0.036458 0.033333
0 0.905990 0.258333 0.029687 0.059259
0 0.869792 0.062963 0.025000 0.064815
0 0.586198 0.191667 0.031771 0.033333
0 0.439583 0.377778 0.021875 0.062963
0 0.798958 0.499074 0.021875 0.055556
0 0.172396 0.672685 0.031250 0.063889
0 0.110937 0.675463 0.033333 0.065741
0 0.498437 0.537963 0.026042 0.059259
0 0.381510 0.054630 0.021354 0.068519
0 0.880729 0.364815 0.019792 0.059259
0 0.342708 0.242130 0.035417 0.041667
0 0.838542 0.165278 0.035417 0.043519
0 0.813802 0.169444 0.027604 0.061111
0 0.143490 0.551852 0.040104 0.046296
0 0.709896 0.765278 0.037500 0.032407
0 0.944531 0.207870 0.027604 0.034259
0 0.789844 0.216667 0.026562 0.053704
0 0.875260 0.480556 0.038021 0.033333
0 0.236458 0.544444 0.032292 0.057407
0 0.375000 0.144444 0.037500 0.042593
0 0.704167 0.271296 0.035417 0.040741
0 0.975260 0.302778 0.022396 0.064815
0 0.878125 0.440741 0.019792 0.062963
0 0.159115 0.453241 0.036979 0.052778
0 0.610938 0.868981 0.036458 0.041667
0 0.938281 0.631481 0.026562 0.055556
0 0.727344 0.038889 0.023438 0.064815
0 0.170313 0.512037 0.035417 0.053704
0 0.452083 0.542130 0.025000 0.065741
0 0.541667 0.403704 0.019792 0.066667
0 0.071875 0.527315 0.028125 0.065741
0 0.291146 0.043519 0.030208 0.055556
0 0.840885 0.898148 0.026562 0.055556
0 0.293750 0.370833 0.039583 0.045370
0 0.795573 0.262037 0.030729 0.037037
0 0.829688 0.842593 0.022917 0.057407
0 0.528385 0.636111 0.024479 0.066667
0 0.333333 0.609259 0.030208 0.050000
0 0.588281 0.804630 0.036979 0.033333
0 0.399479 0.495833 0.019792 0.069444
0 0.369271 0.215741 0.036458 0.040741
0 0.879687 0.889352 0.032292 0.034259
0 0.799219 0.902315 0.029687 0.056481
0 0.911458 0.592593 0.025000 0.062963
0 0.657813 0.822222 0.019792 0.062963
0 0.160156 0.187500 0.034896 0.054630
0 0.115625 0.381019 0.034375 0.041667
0 0.275000 0.434722 0.042708 0.039815
0 0.325521 0.454167 0.017708 0.060185
0 0.192708 0.468519 0.030208 0.062963
0 0.895573 0.685648 0.040104 0.032407
0 0.880469 0.175926 0.024479 0.061111
0 0.687760 0.805093 0.017188 0.065741
0 0.482552 0.493981 0.031771 0.049074
0 0.363281 0.895833 0.027604 0.054630
0 0.411979 0.195370 0.035417 0.037037
0 0.248177 0.647222 0.024479 0.066667
0 0.262760 0.222685 0.039062 0.043519
0 0.596615 0.772685 0.036979 0.037963
0 0.442969 0.256481 0.020313 0.064815
0 0.786458 0.031944 0.020833 0.062037
0 0.593490 0.674074 0.019271 0.064815
0 0.887500 0.773148 0.041667 0.035185
0 0.201823 0.315278 0.022396 0.065741
0 0.474740 0.032870 0.034896 0.039815
0 0.672135 0.529630 0.027604 0.040741
0 0.383594 0.172685 0.033854 0.041667
0 0.377604 0.454630 0.035417 0.040741
0 0.202604 0.809259 0.030208 0.070370
0 0.435417 0.484259 0.023958 0.057407
0 0.294010 0.645370 0.022396 0.066667
0 0.203125 0.629167 0.037500 0.049074
0 0.863021 0.915278 0.035417 0.039815
0 0.351042 0.409722 0.027083 0.052778
0 0.351823 0.700926 0.034896 0.038889
0 0.609115 0.737963 0.018229 0.068519
0 0.073438 0.318981 0.034375 0.049074
0 0.661979 0.863889 0.030208 0.040741
0 0.154688 0.690741 0.026042 0.066667
0 0.460417 0.424537 0.025000 0.050926
0 0.907552 0.852315 0.035937 0.041667
0 0.227865 0.512500 0.041146 0.063889
0 0.683333 0.882407 0.023958 0.059259
0 0.907292 0.898611 0.032292 0.036111
0 0.106250 0.773611 0.027083 0.069444
0 0.502604 0.886111 0.034375 0.048148
0 0.905469 0.720833 0.028646 0.036111
0 0.404948 0.669907 0.025521 0.060185
0 0.952865 0.057870 0.035937 0.036111
0 0.280469 0.469444 0.025521 0.046296
0 0.422917 0.259722 0.026042 0.052778
0 0.030729 0.776852 0.034375 0.059259
0 0.016667 0.678241 0.032292 0.056481
0 0.385417 0.733796 0.039583 0.037963
0 0.233594 0.783796 0.033854 0.065741
0 0.051042 0.218981 0.038542 0.047222
0 0.926302 0.929167 0.039062 0.043519
0 0.709635 0.888426 0.030729 0.056481
0 0.420312 0.892593 0.034375 0.050000
0 0.321354 0.861574 0.031250 0.062037
0 0.341667 0.508333 0.022917 0.075926
0 0.497917 0.941204 0.031250 0.056481
0 0.488542 0.917130 0.032292 0.047222
0 0.583333 0.713426 0.021875 0.049074
0 0.235417 0.021759 0.020833 0.041667
0 0.305729 0.924074 0.018750 0.062963
0 0.890885 0.018519 0.033854 0.035185
0 0.506510 0.810648 0.039062 0.047222
0 0.208854 0.587963 0.021875 0.040741
0 0.514844 0.453241 0.020313 0.047222
0 0.463021 0.939815 0.032292 0.040741
0 0.089063 0.094444 0.038542 0.040741
0 0.958073 0.948148 0.038021 0.072222
0 0.688802 0.307870 0.015104 0.032407
0 0.271875 0.941204 0.017708 0.063889
0 0.589063 0.364352 0.017708 0.041667
0 0.450781 0.891204 0.030729 0.047222
0 0.527604 0.925000 0.028125 0.042593
0 0.039583 0.059722 0.034375 0.067593
0 0.245312 0.911574 0.037500 0.036111
0 0.678906 0.949537 0.020313 0.071296
0 0.979688 0.887963 0.033333 0.042593
0 0.397656 0.878704 0.026562 0.035185
0 0.426302 0.952778 0.035937 0.048148
0 0.746354 0.951852 0.021875 0.064815
0 0.013281 0.877778 0.025521 0.072222
0 0.659375 0.334722 0.015625 0.032407
0 0.009635 0.106019 0.018229 0.039815
0 0.235417 0.827778 0.034375 0.046296
0 0.383073 0.560185 0.019271 0.029630
0 0.704167 0.950926 0.030208 0.062963
0 0.081250 0.973611 0.035417 0.032407
0 0.566667 0.937963 0.033333 0.044444
0 0.547656 0.971759 0.030729 0.047222
0 0.246094 0.963889 0.031771 0.053704
0 0.448958 0.965278 0.029167 0.045370
0 0.872396 0.973611 0.038542 0.026852
0 0.128646 0.974537 0.022917 0.026852
0 0.184896 0.968056 0.032292 0.017593
0 0.335938 0.970370 0.027083 0.050000
0 0.304688 0.974074 0.023958 0.051852
0 0.501823 0.978704 0.025521 0.038889
0 0.516667 0.965741 0.022917 0.046296
0 0.942187 0.950926 0.035417 0.066667
0 0.875000 0.840278 0.030208 0.049074
0 0.942708 0.767130 0.023958 0.065741
0 0.897656 0.810648 0.020313 0.045370
0 0.920573 0.772685 0.022396 0.045370
0 0.946094 0.856019 0.028646 0.050926
0 0.923698 0.813426 0.038021 0.045370
0 0.869531 0.797222 0.036979 0.029630
0 0.863542 0.362037 0.023958 0.057407
0 0.859635 0.293056 0.026562 0.049074
0 0.769010 0.292130 0.030729 0.056481
0 0.216146 0.970833 0.020833 0.021296
0 0.414844 0.100926 0.014063 0.024074
0 0.478906 0.973148 0.017188 0.025926
0 0.983073 0.975926 0.031771 0.018519
0 0.987760 0.864352 0.024479 0.032407
0 0.990625 0.125000 0.017708 0.025926
0 0.771615 0.247222 0.021354 0.035185
0 0.849219 0.755556 0.029687 0.051852
0 0.530729 0.036111 0.013542 0.025926
0 0.567708 0.383796 0.014583 0.028704
0 0.312500 0.005093 0.022917 0.008333
0 0.348438 0.101389 0.011458 0.025000
0 0.830729 0.401389 0.039583 0.041667
0 0.768750 0.598611 0.025000 0.060185
0 0.153385 0.005093 0.014063 0.008333
0 0.989844 0.054630 0.020313 0.033333
0 0.993490 0.452778 0.013021 0.050000
