0 0.440625 0.607407 0.028125 0.057407
0 0.350521 0.340278 0.026042 0.062037
0 0.503646 0.184722 0.022917 0.065741
0 0.698958 0.476852 0.031250 0.061111
0 0.320052 0.451389 0.025521 0.062037
0 0.669792 0.432870 0.029167 0.052778
0 0.216927 0.528241 0.029687 0.056481
0 0.508594 0.469444 0.032813 0.050000
0 0.518229 0.323148 0.023958 0.059259
0 0.735417 0.378241 0.028125 0.054630
0 0.399740 0.584259 0.030729 0.053704
0 0.250260 0.447222 0.027604 0.061111
0 0.659115 0.386574 0.034896 0.043519
0 0.381771 0.812963 0.034375 0.044444
0 0.616406 0.472685 0.036979 0.041667
0 0.798698 0.598611 0.030729 0.052778
0 0.742969 0.529630 0.025521 0.059259
0 0.524219 0.607407 0.025521 0.062963
0 0.536458 0.777778 0.034375 0.048148
0 0.329688 0.723148 0.034375 0.053704
0 0.842448 0.749074 0.030729 0.051852
0 0.903385 0.656944 0.025521 0.060185
0 0.304948 0.253241 0.029687 0.062037
0 0.370052 0.384722 0.022396 0.063889
0 0.814583 0.665278 0.030208 0.050926
0 0.549219 0.302315 0.018229 0.065741
0 0.354948 0.223611 0.021354 0.067593
0 0.286719 0.488889 0.023438 0.064815
0 0.481510 0.487037 0.033854 0.035185
0 0.383594 0.687500 0.028646 0.056481
0 0.691146 0.327315 0.018750 0.060185
0 0.674479 0.540741 0.026042 0.053704
0 0.803125 0.419444 0.032292 0.061111
0 0.748437 0.645370 0.032292 0.046296
0 0.797135 0.474074 0.040104 0.042593
0 0.747135 0.614352 0.027604 0.052778
0 0.172917 0.240741 0.019792 0.066667
0 0.675521 0.316667 0.019792 0.059259
0 0.790885 0.278241 0.020313 0.058333
0 0.322917 0.291204 0.032292 0.054630
0 0.192448 0.236574 0.022396 0.067593
0 0.443229 0.781019 0.021875 0.065741
0 0.560417 0.244907 0.028125 0.049074
0 0.580729 0.502778 0.019792 0.057407
0 0.364063 0.737500 0.032292 0.058333
0 0.432812 0.428241 0.017708 0.062037
0 0.524219 0.371759 0.034896 0.034259
0 0.769792 0.368056 0.033333 0.043519
0 0.850260 0.156019 0.023438 0.060185
0 0.609635 0.537963 0.023438 0.051852
0 0.476823 0.062037 0.017188 0.070370
0 0.620833 0.262500 0.025000 0.058333
0 0.423177 0.806944 0.033854 0.039815
0 0.412500 0.279167 0.022917 0.069444
0 0.502083 0.246759 0.022917 0.054630
0 0.842187 0.303704 0.029167 0.057407
0 0.504167 0.411574 0.017708 0.063889
0 0.436979 0.858796 0.021875 0.067593
0 0.654167 0.592593 0.020833 0.062963
0 0.382031 0.229167 0.020313 0.065741
0 0.931771 0.287963 0.021875 0.066667
0 0.906771 0.592593 0.031250 0.051852
0 0.579688 0.098148 0.036458 0.040741
0 0.380469 0.049537 0.023438 0.063889
0 0.246875 0.231481 0.033333 0.057407
0 0.142448 0.544444 0.042188 0.044444
0 0.549479 0.432870 0.036458 0.034259
0 0.358333 0.553241 0.026042 0.056481
0 0.789323 0.089815 0.025521 0.055556
0 0.205208 0.389352 0.034375 0.036111
0 0.755729 0.461574 0.038542 0.043519
0 0.494010 0.790278 0.035937 0.037963
0 0.572917 0.641204 0.017708 0.063889
0 0.594531 0.231481 0.031771 0.046296
0 0.591146 0.756944 0.035417 0.041667
0 0.693490 0.618056 0.028646 0.050926
0 0.684115 0.232870 0.024479 0.058333
0 0.769271 0.153704 0.031250 0.057407
0 0.378906 0.559722 0.019271 0.067593
0 0.247917 0.647222 0.026042 0.062963
0 0.795052 0.193056 0.026562 0.062037
0 0.727865 0.850000 0.030729 0.053704
0 0.227865 0.439352 0.019271 0.060185
0 0.432812 0.227778 0.018750 0.061111
0 0.254167 0.171296 0.020833 0.070370
0 0.350521 0.674537 0.037500 0.045370
0 0.413542 0.105556 0.023958 0.064815
0 0.681771 0.159259 0.034375 0.046296
0 0.550000 0.618519 0.019792 0.068519
0 0.370833 0.871296 0.026042 0.064815
0 0.945573 0.428241 0.022396 0.067593
0 0.513802 0.078704 0.017188 0.062963
0 0.760156 0.883796 0.024479 0.062037
0 0.694531 0.540278 0.027604 0.056481
0 0.735417 0.137037 0.033333 0.053704
0 0.668750 0.062963 0.017708 0.064815
0 0.286719 0.174074 0.033854 0.053704
0 0.910417 0.205093 0.039583 0.041667
0 0.848698 0.689815 0.039062 0.040741
0 0.349479 0.481944 0.020833 0.069444
0 0.239063 0.287963 0.039583 0.035185
0 0.209375 0.202778 0.020833 0.059259
0 0.354948 0.067593 0.022396 0.066667
0 0.604167 0.343519 0.022917 0.068519
0 0.890365 0.094444 0.031771 0.051852
0 0.790365 0.848611 0.031771 0.056481
0 0.711979 0.320370 0.023958 0.059259
0 0.674219 0.612500 0.018229 0.063889
0 0.378125 0.097685 0.036458 0.045370
0 0.951823 0.766667 0.022396 0.062963
0 0.630208 0.133333 0.013542 0.062963
0 0.645573 0.120370 0.028646 0.055556
0 0.899219 0.363889 0.022396 0.057407
0 0.476823 0.230093 0.018229 0.060185
0 0.841406 0.631944 0.022396 0.065741
0 0.156771 0.378241 0.043750 0.045370
0 0.422135 0.185185 0.034896 0.044444
0 0.700521 0.781019 0.035417 0.047222
0 0.267969 0.773611 0.034896 0.058333
0 0.926042 0.776852 0.021875 0.055556
0 0.905469 0.463889 0.018229 0.066667
0 0.100521 0.516667 0.028125 0.051852
0 0.241927 0.102778 0.040104 0.044444
0 0.871615 0.490741 0.038021 0.046296
0 0.928906 0.700926 0.023438 0.061111
0 0.819531 0.800463 0.036979 0.047222
0 0.649219 0.811574 0.020313 0.062037
0 0.833073 0.167593 0.028646 0.062963
0 0.593490 0.268056 0.033854 0.036111
0 0.966667 0.305093 0.031250 0.056481
0 0.884115 0.854167 0.028646 0.060185
0 0.961198 0.516204 0.019271 0.067593
0 0.683333 0.851389 0.021875 0.063889
0 0.871354 0.064352 0.019792 0.067593
0 0.266927 0.730556 0.039062 0.037037
0 0.251302 0.579167 0.045312 0.041667
0 0.132552 0.162963 0.042188 0.046296
0 0.145833 0.091667 0.038542 0.044444
0 0.273698 0.204630 0.038021 0.042593
0 0.621875 0.826389 0.034375 0.034259
0 0.163802 0.490278 0.044271 0.045370
0 0.318229 0.137963 0.038542 0.038889
0 0.176823 0.073611 0.034896 0.052778
0 0.880990 0.369907 0.022396 0.065741
0 0.069531 0.484259 0.043229 0.035185
0 0.967448 0.562500 0.030729 0.058333
0 0.804948 0.162963 0.029687 0.061111
0 0.585156 0.037037 0.034896 0.037037
0 0.722917 0.562963 0.022917 0.062963
0 0.926562 0.163889 0.035417 0.046296
0 0.135156 0.465741 0.026562 0.055556
0 0.344271 0.835185 0.020833 0.070370
0 0.546094 0.467130 0.018229 0.052778
0 0.067969 0.240278 0.034896 0.058333
0 0.693490 0.672222 0.022396 0.062963
0 0.919271 0.621296 0.022917 0.057407
0 0.692187 0.275926 0.021875 0.050000
0 0.765365 0.287500 0.026562 0.047222
0 0.946094 0.539352 0.024479 0.067593
0 0.547396 0.032407 0.035417 0.035185
0 0.658073 0.767130 0.035937 0.036111
0 0.651042 0.068056 0.020833 0.052778
0 0.352865 0.031944 0.031771 0.056481
0 0.290885 0.066667 0.036979 0.064815
0 0.554427 0.174074 0.035937 0.037037
0 0.986458 0.450926 0.021875 0.062963
0 0.725260 0.039815 0.019271 0.064815
0 0.786458 0.031944 0.018750 0.062037
0 0.898698 0.307870 0.027604 0.063889
0 0.649219 0.889815 0.021354 0.059259
0 0.704948 0.831481 0.026562 0.061111
0 0.844010 0.848611 0.029687 0.060185
0 0.032031 0.501389 0.033854 0.067593
0 0.978906 0.763426 0.035937 0.036111
0 0.461458 0.562500 0.031250 0.039815
0 0.819531 0.101389 0.026562 0.047222
0 0.730729 0.801852 0.037500 0.037037
0 0.115104 0.644444 0.031250 0.040741
0 0.868229 0.372685 0.021875 0.063889
0 0.785937 0.709722 0.020833 0.062037
0 0.754167 0.116204 0.033333 0.039815
0 0.888021 0.188889 0.033333 0.066667
0 0.333854 0.906481 0.019792 0.057407
0 0.624219 0.881944 0.034896 0.043519
0 0.154688 0.693519 0.023958 0.061111
0 0.912240 0.822222 0.041146 0.038889
0 0.280990 0.423148 0.020313 0.044444
0 0.633854 0.939815 0.026042 0.059259
0 0.578906 0.716667 0.031771 0.046296
0 0.459375 0.877778 0.026042 0.062963
0 0.984115 0.824074 0.030729 0.059259
0 0.169531 0.857407 0.039062 0.050000
0 0.664323 0.909259 0.018229 0.062963
0 0.022396 0.248148 0.033333 0.046296
0 0.855208 0.020370 0.028125 0.038889
0 0.369792 0.915278 0.041667 0.037963
0 0.569010 0.875463 0.036979 0.049074
0 0.909375 0.870370 0.025000 0.059259
0 0.471875 0.935185 0.022917 0.066667
0 0.768229 0.251389 0.023958 0.043519
0 0.082552 0.111111 0.024479 0.074074
0 0.010677 0.566204 0.020313 0.078704
0 0.614323 0.921296 0.018229 0.062963
0 0.234896 0.826852 0.032292 0.050000
0 0.011719 0.372685 0.022396 0.034259
0 0.919792 0.916204 0.032292 0.050926
0 0.978125 0.921296 0.033333 0.053704
0 0.589583 0.365278 0.019792 0.043519
0 0.512500 0.886111 0.037500 0.044444
0 0.144792 0.912500 0.036458 0.047222
0 0.933333 0.538426 0.016667 0.045370
0 0.577865 0.944444 0.032813 0.050000
0 0.621875 0.975000 0.032292 0.038889
0 0.392188 0.875000 0.028125 0.035185
0 0.040885 0.205556 0.020313 0.035185
0 0.728385 0.937963 0.038021 0.044444
0 0.763021 0.961111 0.028125 0.064815
0 0.382031 0.962500 0.036979 0.050926
0 0.942708 0.896296 0.042708 0.029630
0 0.639323 0.010185 0.014063 0.018519
0 0.457813 0.971759 0.036458 0.037963
0 0.352604 0.976852 0.037500 0.046296
0 0.973958 0.964815 0.028125 0.050000
0 0.056250 0.055556 0.020833 0.042593
0 0.308333 0.975463 0.034375 0.037963
0 0.126562 0.955556 0.031250 0.064815
0 0.805208 0.971759 0.033333 0.050926
0 0.692187 0.966667 0.021875 0.048148
0 0.053385 0.006481 0.017188 0.011111
0 0.560156 0.971759 0.023438 0.023148
0 0.744792 0.957870 0.029167 0.050926
0 0.886979 0.975463 0.038542 0.041667
0 0.943750 0.976852 0.028125 0.035185
0 0.646615 0.238426 0.017188 0.065741
0 0.670833 0.223611 0.019792 0.056481
0 0.616146 0.146759 0.019792 0.054630
0 0.620052 0.206481 0.018229 0.061111
0 0.641406 0.174074 0.028646 0.055556
0 0.476042 0.889815 0.036458 0.037037
0 0.579427 0.201389 0.023438 0.041667
0 0.991667 0.851852 0.016667 0.029630
0 0.990885 0.881019 0.018229 0.025000
0 0.652604 0.976852 0.025000 0.040741
0 0.485417 0.971759 0.025000 0.030556
0 0.843229 0.363889 0.021875 0.025926
0 0.224219 0.960185 0.036979 0.059259
0 0.202604 0.979630 0.050000 0.040741
0 0.849479 0.396296 0.022917 0.068519
0 0.919010 0.976389 0.023438 0.037963
0 0.947656 0.961574 0.024479 0.023148
0 0.187500 0.897222 0.031250 0.064815
0 0.009375 0.870370 0.017708 0.051852
0 0.996354 0.072685 0.007292 0.032407
0 0.992448 0.938889 0.014063 0.033333
