0 0.468229 0.538426 0.027083 0.058333
0 0.367969 0.251389 0.032813 0.060185
0 0.439844 0.331019 0.024479 0.063889
0 0.549479 0.469444 0.031250 0.050000
0 0.666667 0.360648 0.023958 0.060185
0 0.480208 0.393519 0.026042 0.064815
0 0.413802 0.312963 0.022396 0.070370
0 0.157552 0.234259 0.029687 0.064815
0 0.508073 0.548148 0.031771 0.048148
0 0.722917 0.505093 0.031250 0.054630
0 0.406771 0.377315 0.026042 0.063889
0 0.597917 0.734259 0.028125 0.059259
0 0.687240 0.462037 0.027604 0.055556
0 0.448177 0.443056 0.024479 0.052778
0 0.555990 0.418056 0.025521 0.056481
0 0.415104 0.437500 0.023958 0.062037
0 0.514844 0.697685 0.029687 0.056481
0 0.670573 0.633333 0.021354 0.062963
0 0.638542 0.246759 0.020833 0.062037
0 0.191927 0.258333 0.021354 0.066667
0 0.284115 0.156019 0.019271 0.063889
0 0.348958 0.148148 0.028125 0.064815
0 0.539323 0.595833 0.027604 0.058333
0 0.580729 0.402778 0.032292 0.050000
0 0.620833 0.415278 0.019792 0.065741
0 0.618490 0.561574 0.020313 0.065741
0 0.530469 0.285185 0.026562 0.064815
0 0.561198 0.323611 0.032813 0.050926
0 0.206771 0.315741 0.036458 0.044444
0 0.387240 0.128704 0.023438 0.068519
0 0.696094 0.673611 0.026562 0.058333
0 0.876302 0.360648 0.021354 0.067593
0 0.590365 0.236574 0.026562 0.054630
0 0.521094 0.408333 0.033854 0.053704
0 0.479948 0.262500 0.020313 0.065741
0 0.653646 0.456481 0.028125 0.051852
0 0.699479 0.356019 0.019792 0.063889
0 0.713542 0.702315 0.019792 0.058333
0 0.663281 0.258796 0.028646 0.058333
0 0.368750 0.528704 0.029167 0.059259
0 0.412240 0.115278 0.025521 0.071296
0 0.179948 0.357407 0.027604 0.062963
0 0.667708 0.168519 0.028125 0.053704
0 0.749219 0.571296 0.023438 0.059259
0 0.356250 0.787037 0.033333 0.057407
0 0.516927 0.799537 0.031771 0.060185
0 0.742448 0.703704 0.029687 0.055556
0 0.561719 0.119444 0.029687 0.046296
0 0.298177 0.113426 0.027604 0.063889
0 0.702344 0.128704 0.025521 0.057407
0 0.631510 0.193981 0.033854 0.039815
0 0.733073 0.651389 0.019271 0.063889
0 0.509115 0.228704 0.025521 0.061111
0 0.512760 0.344907 0.035937 0.039815
0 0.451823 0.062037 0.025521 0.062963
0 0.613021 0.148148 0.017708 0.062963
0 0.898177 0.425926 0.020313 0.066667
0 0.391667 0.214352 0.028125 0.060185
0 0.433333 0.216204 0.037500 0.045370
0 0.394531 0.712963 0.033854 0.059259
0 0.868229 0.486574 0.034375 0.062037
0 0.600260 0.778704 0.035937 0.040741
0 0.525521 0.076852 0.018750 0.070370
0 0.700781 0.805556 0.031771 0.048148
0 0.855208 0.320370 0.022917 0.057407
0 0.709635 0.478241 0.025521 0.054630
0 0.817187 0.821759 0.023958 0.062037
0 0.585677 0.635648 0.035937 0.036111
0 0.250000 0.313889 0.037500 0.035185
0 0.340625 0.219907 0.037500 0.043519
0 0.655469 0.784722 0.030729 0.063889
0 0.116146 0.676852 0.030208 0.059259
0 0.845052 0.821296 0.018229 0.064815
0 0.404687 0.253241 0.031250 0.056481
0 0.610156 0.333333 0.017188 0.064815
0 0.766406 0.111574 0.020313 0.067593
0 0.721615 0.884259 0.031771 0.057407
0 0.927083 0.223611 0.023958 0.063889
0 0.932292 0.775926 0.031250 0.055556
0 0.945052 0.267130 0.021354 0.065741
0 0.197396 0.432870 0.025000 0.058333
0 0.842448 0.625463 0.034896 0.041667
0 0.498177 0.413426 0.019271 0.065741
0 0.797135 0.185185 0.021354 0.066667
0 0.356510 0.340278 0.039062 0.041667
0 0.690625 0.615278 0.019792 0.062037
0 0.533594 0.238889 0.029687 0.053704
0 0.742448 0.169444 0.025521 0.057407
0 0.573958 0.761574 0.017708 0.063889
0 0.509635 0.165741 0.019271 0.062963
0 0.329427 0.582870 0.024479 0.063889
0 0.191927 0.192130 0.035937 0.036111
0 0.719531 0.318056 0.033854 0.034259
0 0.588021 0.592593 0.035417 0.037037
0 0.772135 0.445370 0.028646 0.064815
0 0.409375 0.181019 0.031250 0.054630
0 0.788281 0.480093 0.022396 0.062037
0 0.857031 0.431481 0.033854 0.046296
0 0.231771 0.218519 0.037500 0.053704
0 0.782813 0.579630 0.029167 0.037037
0 0.817969 0.663426 0.022396 0.056481
0 0.238802 0.663426 0.024479 0.067593
0 0.800000 0.649074 0.030208 0.051852
0 0.871875 0.066204 0.018750 0.067593
0 0.946875 0.445833 0.026042 0.065741
0 0.894271 0.250926 0.025000 0.064815
0 0.808333 0.329630 0.022917 0.046296
0 0.978385 0.767130 0.034896 0.047222
0 0.960677 0.554630 0.027604 0.057407
0 0.439844 0.781019 0.028646 0.067593
0 0.690625 0.747222 0.019792 0.064815
0 0.463802 0.276852 0.019271 0.057407
0 0.565104 0.676852 0.038542 0.042593
0 0.866927 0.584259 0.040104 0.033333
0 0.096354 0.605093 0.040625 0.049074
0 0.772396 0.236111 0.027083 0.053704
0 0.852865 0.087037 0.019271 0.061111
0 0.345833 0.486574 0.018750 0.073148
0 0.881250 0.196759 0.032292 0.050926
0 0.310156 0.336111 0.036979 0.057407
0 0.371875 0.459722 0.020833 0.063889
0 0.044792 0.628704 0.037500 0.048148
0 0.735156 0.068519 0.033854 0.046296
0 0.758594 0.195833 0.022396 0.058333
0 0.724479 0.134259 0.018750 0.064815
0 0.147396 0.155093 0.035417 0.037963
0 0.225000 0.281944 0.039583 0.034259
0 0.638802 0.046759 0.035937 0.037963
0 0.460938 0.859259 0.018750 0.068519
0 0.398438 0.075000 0.033333 0.050000
0 0.660937 0.126389 0.035417 0.036111
0 0.094792 0.729167 0.039583 0.037963
0 0.140625 0.270370 0.041667 0.044444
0 0.586198 0.369907 0.027604 0.043519
0 0.345052 0.609722 0.018229 0.065741
0 0.270833 0.845833 0.021875 0.060185
0 0.801562 0.077315 0.026042 0.058333
0 0.766406 0.331019 0.021354 0.043519
0 0.247656 0.232870 0.036979 0.045370
0 0.838021 0.065278 0.018750 0.063889
0 0.153906 0.696759 0.023438 0.065741
0 0.782031 0.168519 0.022396 0.066667
0 0.819531 0.028704 0.019271 0.055556
0 0.832292 0.755093 0.034375 0.039815
0 0.314323 0.201389 0.035937 0.039815
0 0.225781 0.789815 0.032813 0.053704
0 0.301563 0.511111 0.040625 0.035185
0 0.800521 0.873148 0.036458 0.040741
0 0.583073 0.709722 0.018229 0.054630
0 0.977344 0.684722 0.026562 0.063889
0 0.506250 0.846296 0.017708 0.061111
0 0.548438 0.535185 0.023958 0.042593
0 0.057813 0.581481 0.029167 0.068519
0 0.724219 0.023611 0.032813 0.045370
0 0.885417 0.867130 0.021875 0.069444
0 0.192448 0.788889 0.038021 0.040741
0 0.622396 0.098611 0.030208 0.037963
0 0.177344 0.559259 0.032813 0.051852
0 0.200521 0.382407 0.027083 0.048148
0 0.518750 0.471759 0.033333 0.034259
0 0.014063 0.795370 0.027083 0.059259
0 0.225521 0.175926 0.037500 0.035185
0 0.243490 0.611111 0.039062 0.044444
0 0.083333 0.513426 0.030208 0.062037
0 0.720833 0.568056 0.021875 0.063889
0 0.154948 0.881019 0.021354 0.065741
0 0.917188 0.163426 0.040625 0.043519
0 0.225781 0.105556 0.041146 0.050000
0 0.024219 0.372685 0.034896 0.049074
0 0.191667 0.900000 0.022917 0.061111
0 0.823958 0.090741 0.019792 0.062963
0 0.267448 0.498148 0.040104 0.051852
0 0.244271 0.856944 0.033333 0.049074
0 0.079167 0.875000 0.033333 0.059259
0 0.930729 0.867130 0.022917 0.067593
0 0.632031 0.017130 0.035937 0.032407
0 0.154167 0.318056 0.035417 0.039815
0 0.336979 0.683796 0.019792 0.058333
0 0.771615 0.025926 0.023438 0.050000
0 0.038802 0.325463 0.038021 0.039815
0 0.477344 0.921296 0.033854 0.050000
0 0.016146 0.713889 0.031250 0.055556
0 0.366667 0.908333 0.038542 0.038889
0 0.104948 0.180556 0.034896 0.079630
0 0.125521 0.417593 0.031250 0.050000
0 0.994271 0.490741 0.011458 0.050000
0 0.575260 0.014815 0.019271 0.027778
0 0.401823 0.925000 0.025521 0.066667
0 0.772656 0.536574 0.025521 0.032407
0 0.115625 0.854630 0.028125 0.048148
0 0.871354 0.757870 0.016667 0.036111
0 0.080729 0.080093 0.028125 0.069444
0 0.237240 0.829167 0.034896 0.049074
0 0.967187 0.062963 0.023958 0.053704
0 0.342187 0.925463 0.033333 0.049074
0 0.973177 0.916204 0.022396 0.049074
0 0.021354 0.100926 0.038542 0.061111
0 0.113802 0.950926 0.025521 0.074074
0 0.038542 0.924074 0.043750 0.062963
0 0.204687 0.018056 0.025000 0.034259
0 0.913802 0.898148 0.024479 0.033333
0 0.993750 0.846296 0.012500 0.050000
0 0.033594 0.016667 0.039062 0.031481
0 0.014583 0.541667 0.028125 0.042593
0 0.011719 0.868519 0.022396 0.055556
0 0.161198 0.079167 0.026562 0.049074
0 0.222396 0.396296 0.023958 0.035185
0 0.730208 0.767593 0.019792 0.025926
0 0.241927 0.011111 0.024479 0.020370
0 0.894010 0.953241 0.025521 0.075000
0 0.650000 0.643981 0.014583 0.023148
0 0.985677 0.868519 0.025521 0.061111
0 0.008594 0.936574 0.016146 0.063889
0 0.422917 0.011111 0.014583 0.020370
0 0.995833 0.285648 0.008333 0.030556
0 0.992708 0.920370 0.014583 0.053704
0 0.917188 0.950463 0.044792 0.071296
0 0.136198 0.956019 0.033854 0.058333
0 0.797135 0.965741 0.023438 0.057407
0 0.463542 0.726852 0.012500 0.025926
0 0.078906 0.975463 0.039062 0.047222
0 0.680469 0.905093 0.016146 0.026852
0 0.221615 0.143519 0.016146 0.040741
0 0.051302 0.964815 0.042188 0.059259
0 0.359115 0.980556 0.041146 0.038889
0 0.842187 0.974074 0.029167 0.051852
