0 0.579427 0.261574 0.024479 0.065741
0 0.450521 0.270370 0.023958 0.066667
0 0.671094 0.458796 0.025521 0.060185
0 0.381250 0.132870 0.019792 0.069444
0 0.539323 0.568056 0.028646 0.054630
0 0.628906 0.331944 0.025521 0.058333
0 0.545312 0.721759 0.029167 0.065741
0 0.426042 0.248148 0.019792 0.070370
0 0.445052 0.670370 0.023438 0.061111
0 0.540885 0.087500 0.020313 0.067593
0 0.457292 0.137037 0.018750 0.068519
0 0.373958 0.725000 0.027083 0.061111
0 0.325781 0.451389 0.032813 0.054630
0 0.522135 0.268056 0.026562 0.069444
0 0.367448 0.440741 0.026562 0.061111
0 0.369531 0.352315 0.030729 0.056481
0 0.718490 0.470370 0.024479 0.061111
0 0.376823 0.619907 0.030729 0.060185
0 0.515365 0.354167 0.021354 0.065741
0 0.705729 0.591204 0.021875 0.062037
0 0.642188 0.234722 0.022917 0.062037
0 0.306771 0.397685 0.031250 0.058333
0 0.525000 0.114815 0.017708 0.070370
0 0.645312 0.297222 0.028125 0.055556
0 0.882552 0.182407 0.019271 0.062963
0 0.463021 0.817130 0.029167 0.062037
0 0.470052 0.179630 0.018229 0.059259
0 0.593750 0.780556 0.027083 0.061111
0 0.606250 0.444907 0.036458 0.039815
0 0.242708 0.403704 0.031250 0.059259
0 0.675521 0.780093 0.029167 0.062037
0 0.609115 0.109722 0.026562 0.060185
0 0.247656 0.645833 0.023438 0.065741
0 0.812240 0.365741 0.032813 0.051852
0 0.503125 0.544444 0.020833 0.068519
0 0.927604 0.698148 0.027083 0.055556
0 0.318490 0.150000 0.020313 0.066667
0 0.537240 0.185185 0.033854 0.046296
0 0.486719 0.491204 0.021354 0.065741
0 0.495312 0.231481 0.035417 0.046296
0 0.769271 0.377315 0.034375 0.054630
0 0.459635 0.454167 0.034896 0.043519
0 0.389583 0.423148 0.020833 0.068519
0 0.628646 0.482870 0.021875 0.060185
0 0.485677 0.106019 0.018229 0.065741
0 0.796094 0.418056 0.022396 0.063889
0 0.451823 0.212037 0.034896 0.050000
0 0.723958 0.278704 0.027083 0.057407
0 0.345313 0.046759 0.023958 0.069444
0 0.700521 0.291667 0.022917 0.068519
0 0.656771 0.191204 0.033333 0.050926
0 0.928906 0.275926 0.024479 0.062963
0 0.808333 0.740741 0.034375 0.048148
0 0.795052 0.605556 0.030729 0.055556
0 0.218750 0.431481 0.032292 0.057407
0 0.953385 0.500000 0.034896 0.050000
0 0.431510 0.508333 0.026562 0.050000
0 0.765365 0.064352 0.024479 0.063889
0 0.839063 0.452315 0.033333 0.052778
0 0.729948 0.562500 0.025521 0.063889
0 0.370312 0.215741 0.037500 0.042593
0 0.907031 0.486111 0.026562 0.062963
0 0.739323 0.123611 0.021354 0.056481
0 0.931250 0.576852 0.033333 0.050000
0 0.166146 0.443519 0.026042 0.068519
0 0.801562 0.502778 0.038542 0.042593
0 0.501042 0.408333 0.025000 0.064815
0 0.118750 0.430093 0.030208 0.056481
0 0.859635 0.278241 0.022396 0.063889
0 0.621875 0.800926 0.030208 0.057407
0 0.298438 0.782870 0.034375 0.054630
0 0.751563 0.632407 0.022917 0.059259
0 0.853385 0.133796 0.028646 0.050926
0 0.382292 0.054630 0.022917 0.068519
0 0.772656 0.662037 0.025521 0.057407
0 0.880729 0.444444 0.036458 0.046296
0 0.962760 0.779167 0.031771 0.049074
0 0.441146 0.610648 0.037500 0.047222
0 0.673698 0.593519 0.018229 0.059259
0 0.512500 0.162963 0.017708 0.061111
0 0.304167 0.082407 0.029167 0.059259
0 0.371615 0.314352 0.026562 0.065741
0 0.341406 0.582407 0.034896 0.046296
0 0.594010 0.178241 0.033854 0.045370
0 0.609115 0.038426 0.022396 0.063889
0 0.945052 0.358796 0.025521 0.060185
0 0.664844 0.352315 0.022396 0.058333
0 0.849740 0.745370 0.020313 0.057407
0 0.153385 0.693056 0.028646 0.062037
0 0.905208 0.245833 0.020833 0.062037
0 0.770833 0.118056 0.028125 0.063889
0 0.413281 0.188889 0.038021 0.037037
0 0.310417 0.333333 0.030208 0.057407
0 0.644792 0.452778 0.020833 0.068519
0 0.428646 0.156019 0.032292 0.037963
0 0.827865 0.069444 0.031771 0.062963
0 0.630469 0.753704 0.035937 0.050000
0 0.820052 0.664815 0.035937 0.040741
0 0.878646 0.364815 0.025000 0.057407
0 0.582292 0.137037 0.036458 0.044444
0 0.613021 0.617593 0.036458 0.038889
0 0.284375 0.637037 0.034375 0.062963
0 0.353385 0.399074 0.019271 0.066667
0 0.829167 0.722685 0.022917 0.060185
0 0.261979 0.801389 0.031250 0.063889
0 0.639062 0.817130 0.026042 0.062037
0 0.909896 0.322222 0.026042 0.064815
0 0.538281 0.030556 0.029687 0.053704
0 0.177344 0.693981 0.027604 0.062037
0 0.666146 0.868519 0.025000 0.062963
0 0.204167 0.318056 0.019792 0.065741
0 0.838802 0.278241 0.027604 0.062037
0 0.846875 0.601389 0.035417 0.036111
0 0.876823 0.478704 0.038021 0.033333
0 0.884635 0.243056 0.020313 0.058333
0 0.464583 0.764815 0.035417 0.037037
0 0.738542 0.073148 0.026042 0.057407
0 0.896875 0.575463 0.037500 0.039815
0 0.976302 0.302778 0.023438 0.064815
0 0.395313 0.677778 0.036458 0.035185
0 0.664844 0.091667 0.034896 0.038889
0 0.788281 0.221759 0.024479 0.056481
0 0.576042 0.667130 0.019792 0.062037
0 0.761979 0.727778 0.032292 0.048148
0 0.123698 0.512963 0.035937 0.059259
0 0.250781 0.168519 0.023438 0.068519
0 0.166667 0.637500 0.036458 0.037963
0 0.921094 0.777315 0.021354 0.052778
0 0.718490 0.763889 0.030729 0.040741
0 0.664323 0.126852 0.033854 0.037037
0 0.159375 0.303241 0.029167 0.060185
0 0.705469 0.707870 0.036979 0.037963
0 0.344531 0.505093 0.019271 0.071296
0 0.766406 0.286574 0.027604 0.047222
0 0.738542 0.708796 0.026042 0.050926
0 0.202604 0.628241 0.038542 0.039815
0 0.857292 0.409722 0.036458 0.039815
0 0.869271 0.057407 0.028125 0.061111
0 0.389062 0.847685 0.035417 0.056481
0 0.137760 0.398611 0.027604 0.054630
0 0.126302 0.579167 0.034896 0.049074
0 0.983594 0.803241 0.024479 0.063889
0 0.060937 0.680556 0.037500 0.050000
0 0.741406 0.028241 0.023438 0.054630
0 0.195312 0.664815 0.026042 0.051852
0 0.892188 0.775463 0.039583 0.041667
0 0.871354 0.100463 0.037500 0.036111
0 0.896875 0.362037 0.021875 0.053704
0 0.703385 0.075000 0.036979 0.038889
0 0.287760 0.166667 0.036979 0.046296
0 0.917708 0.860648 0.031250 0.058333
0 0.060417 0.315278 0.038542 0.041667
0 0.250781 0.362963 0.028646 0.044444
0 0.968490 0.641667 0.038021 0.038889
0 0.577344 0.716667 0.028646 0.048148
0 0.369792 0.829630 0.040625 0.042593
0 0.073958 0.504630 0.030208 0.068519
0 0.085677 0.889352 0.043229 0.041667
0 0.132812 0.902315 0.035417 0.056481
0 0.850521 0.828241 0.023958 0.056481
0 0.020052 0.376852 0.029687 0.068519
0 0.820573 0.187963 0.040104 0.046296
0 0.870833 0.866667 0.035417 0.046296
0 0.972396 0.681019 0.048958 0.052778
0 0.223177 0.903241 0.027604 0.056481
0 0.091927 0.831481 0.030729 0.044444
0 0.268750 0.118519 0.034375 0.044444
0 0.896094 0.856019 0.023438 0.060185
0 0.469271 0.027778 0.028125 0.053704
0 0.650521 0.837963 0.021875 0.062963
0 0.401042 0.876389 0.035417 0.060185
0 0.710677 0.799074 0.020313 0.050000
0 0.414062 0.907870 0.031250 0.054630
0 0.043490 0.635185 0.042188 0.040741
0 0.712760 0.850926 0.030729 0.046296
0 0.039323 0.860185 0.031771 0.059259
0 0.986719 0.549537 0.025521 0.058333
0 0.952865 0.840741 0.038021 0.048148
0 0.463802 0.057407 0.035937 0.068519
0 0.984115 0.512963 0.029687 0.055556
0 0.795573 0.763426 0.033854 0.034259
0 0.047135 0.805556 0.026562 0.066667
0 0.932813 0.040278 0.041667 0.039815
0 0.823958 0.858333 0.042708 0.070370
0 0.234115 0.827315 0.031771 0.050926
0 0.358073 0.883796 0.021354 0.065741
0 0.768229 0.248148 0.026042 0.040741
0 0.026823 0.165278 0.027604 0.062037
0 0.740365 0.862500 0.036979 0.037963
0 0.808854 0.023148 0.038542 0.033333
0 0.120052 0.084259 0.038021 0.042593
0 0.119010 0.254630 0.043229 0.040741
0 0.980208 0.134259 0.037500 0.038889
0 0.220573 0.111574 0.040104 0.062037
0 0.227083 0.493056 0.034375 0.069444
0 0.020573 0.093056 0.035937 0.054630
0 0.589063 0.363889 0.017708 0.040741
0 0.713542 0.888426 0.034375 0.041667
0 0.938802 0.868056 0.026562 0.049074
0 0.015104 0.043981 0.029167 0.045370
0 0.382292 0.559259 0.020833 0.031481
0 0.386198 0.943056 0.031771 0.052778
0 0.384635 0.890278 0.025521 0.056481
0 0.006771 0.250463 0.012500 0.036111
0 0.994531 0.179167 0.010937 0.052778
0 0.451823 0.891204 0.033854 0.047222
0 0.989323 0.447685 0.019271 0.034259
0 0.015885 0.889352 0.030729 0.065741
0 0.330729 0.013889 0.043750 0.025926
0 0.158073 0.943519 0.039062 0.050000
0 0.419010 0.958796 0.025521 0.069444
0 0.567969 0.382407 0.014063 0.024074
0 0.041406 0.918981 0.033854 0.043519
0 0.499219 0.923148 0.033854 0.072222
0 0.708854 0.937037 0.025000 0.061111
0 0.281510 0.969907 0.032813 0.049074
0 0.697917 0.901389 0.027083 0.028704
0 0.983073 0.960648 0.032813 0.063889
0 0.882552 0.957407 0.032813 0.055556
0 0.576042 0.900463 0.037500 0.032407
0 0.453646 0.967593 0.036458 0.053704
0 0.243750 0.970833 0.036458 0.047222
0 0.503646 0.969444 0.036458 0.053704
0 0.940104 0.943981 0.032292 0.052778
0 0.568490 0.942130 0.036979 0.054630
0 0.735677 0.940278 0.027604 0.069444
0 0.334375 0.972685 0.035417 0.050926
0 0.918750 0.977778 0.040625 0.035185
0 0.988542 0.855556 0.020833 0.059259
0 0.248438 0.764815 0.019792 0.027778
0 0.415365 0.100926 0.013021 0.024074
0 0.363281 0.978704 0.022396 0.031481
0 0.124479 0.978704 0.033333 0.012963
0 0.573177 0.968981 0.035937 0.049074
0 0.547135 0.905093 0.031771 0.017593
0 0.679688 0.957870 0.034375 0.076852
0 0.800000 0.963889 0.034375 0.057407
0 0.775781 0.973148 0.024479 0.035185
0 0.854427 0.936111 0.036979 0.046296
0 0.639323 0.129630 0.019271 0.066667
0 0.667708 0.269907 0.021875 0.063889
0 0.687500 0.300926 0.015625 0.029630
0 0.873958 0.622222 0.021875 0.062963
0 0.884375 0.665278 0.032292 0.056481
0 0.904167 0.669907 0.022917 0.063889
0 0.627604 0.672222 0.037500 0.048148
0 0.594010 0.668981 0.024479 0.063889
0 0.619271 0.712963 0.035417 0.044444
0 0.834635 0.865741 0.032813 0.046296
0 0.972135 0.839815 0.022396 0.053704
0 0.732031 0.619907 0.022396 0.063889
0 0.922135 0.359722 0.028646 0.030556
0 0.874479 0.009722 0.032292 0.017593
0 0.005990 0.973611 0.010937 0.036111
0 0.906510 0.723611 0.032813 0.039815
