0 0.6044921875 0.76171875 0.03155517578125 0.05015733506944445
0 0.59033203125 0.5464409722222222 0.03179931640625 0.044514973958333336
0 0.57421875 0.8046875 0.029815673828125 0.05221896701388889
0 0.65771484375 0.427734375 0.0214080810546875 0.059624565972222224
0 0.70947265625 0.4320746527777778 0.0244293212890625 0.058051215277777776
0 0.802734375 0.1564670138888889 0.026458740234375 0.06005859375
0 0.6943359375 0.5407986111111112 0.026763916015625 0.057942708333333336
0 0.304443359375 0.70703125 0.0304412841796875 0.05685763888888889
0 0.80224609375 0.4275173611111111 0.033721923828125 0.052300347222222224
0 0.36181640625 0.8081597222222222 0.027740478515625 0.057183159722222224
0 0.677734375 0.6006944444444444 0.0201416015625 0.06130642361111111
0 0.399658203125 0.7322048611111112 0.0321044921875 0.06309678819444445
0 0.55908203125 0.4635416666666667 0.0223236083984375 0.05750868055555555
0 0.70458984375 0.6024305555555556 0.0271759033203125 0.052001953125
0 0.31005859375 0.7530381944444444 0.027374267578125 0.0632052951388889
0 0.75 0.2604166666666667 0.0207977294921875 0.06282552083333333
0 0.86376953125 0.2927517361111111 0.0292510986328125 0.056640625
0 0.66552734375 0.5013020833333334 0.020965576171875 0.06027560763888889
0 0.50439453125 0.5403645833333334 0.032958984375 0.035590277777777776
0 0.68603515625 0.3268229166666667 0.0230255126953125 0.05984157986111111
0 0.79833984375 0.2146267361111111 0.02203369140625 0.057942708333333336
0 0.84375 0.4099392361111111 0.028167724609375 0.06005859375
0 0.440185546875 0.6844618055555556 0.0235595703125 0.05653211805555555
0 0.58447265625 0.4220920138888889 0.0203704833984375 0.058919270833333336
0 0.2763671875 0.5946180555555556 0.0302734375 0.0681423611111111
0 0.5146484375 0.7912326388888888 0.034881591796875 0.035400390625
0 0.33837890625 0.8255208333333334 0.03533935546875 0.04196506076388889
0 0.6025390625 0.3142361111111111 0.03582763671875 0.04139539930555555
0 0.69677734375 0.306640625 0.0240478515625 0.060492621527777776
0 0.440673828125 0.41015625 0.033660888671875 0.049235026041666664
0 0.5390625 0.5755208333333334 0.0345458984375 0.042426215277777776
0 0.7880859375 0.3624131944444444 0.035675048828125 0.03697374131944445
0 0.5478515625 0.19270833333333334 0.0283355712890625 0.05783420138888889
0 0.91796875 0.6297743055555556 0.02886962890625 0.056640625
0 0.70703125 0.828125 0.02752685546875 0.06222873263888889
0 0.7900390625 0.2808159722222222 0.021331787109375 0.061089409722222224
0 0.477783203125 0.2300347222222222 0.0203399658203125 0.06130642361111111
0 0.96630859375 0.6271701388888888 0.0345458984375 0.049967447916666664
0 0.394287109375 0.8637152777777778 0.032958984375 0.050455729166666664
0 0.62109375 0.4796006944444444 0.0299224853515625 0.05211046006944445
0 0.55712890625 0.1252170138888889 0.0225830078125 0.061197916666666664
0 0.7724609375 0.6267361111111112 0.03228759765625 0.04014756944444445
0 0.262939453125 0.3289930555555556 0.0229339599609375 0.06749131944444445
0 0.8310546875 0.1665581597222222 0.024932861328125 0.06559244791666667
0 0.6220703125 0.2697482638888889 0.0261077880859375 0.05870225694444445
0 0.93017578125 0.376953125 0.0215301513671875 0.06825086805555555
0 0.599609375 0.4665798611111111 0.0233306884765625 0.059027777777777776
0 0.5234375 0.6102430555555556 0.0235595703125 0.0673828125
0 0.87548828125 0.1528862847222222 0.0295867919921875 0.054524739583333336
0 0.388427734375 0.7886284722222222 0.035064697265625 0.041558159722222224
0 0.4228515625 0.5846354166666666 0.029876708984375 0.05984157986111111
0 0.62255859375 0.7026909722222222 0.017913818359375 0.060872395833333336
0 0.72412109375 0.3302951388888889 0.021209716796875 0.0627170138888889
0 0.1767578125 0.3604600694444444 0.0200653076171875 0.07074652777777778
0 0.50439453125 0.322265625 0.0313720703125 0.05075412326388889
0 0.47705078125 0.0632052951388889 0.0169219970703125 0.06890190972222222
0 0.91943359375 0.7799479166666666 0.028167724609375 0.05588107638888889
0 0.845703125 0.3626302083333333 0.0325927734375 0.05251736111111111
0 0.77099609375 0.1467013888888889 0.034942626953125 0.05433485243055555
0 0.8681640625 0.7322048611111112 0.037811279296875 0.036566840277777776
0 0.4130859375 0.8272569444444444 0.0214080810546875 0.060384114583333336
0 0.82470703125 0.5030381944444444 0.020416259765625 0.06673177083333333
0 0.87158203125 0.06548394097222222 0.019195556640625 0.06787109375
0 0.43896484375 0.2326388888888889 0.032470703125 0.04391818576388889
0 0.671875 0.67578125 0.0185089111328125 0.0661349826388889
0 0.464111328125 0.1120876736111111 0.0295867919921875 0.06076388888888889
0 0.3759765625 0.5598958333333334 0.0196075439453125 0.06488715277777778
0 0.90625 0.4613715277777778 0.018402099609375 0.06575520833333333
0 0.53857421875 0.4986979166666667 0.0200653076171875 0.06212022569444445
0 0.48193359375 0.4887152777777778 0.034423828125 0.037055121527777776
0 0.412841796875 0.2803819444444444 0.023101806640625 0.07020399305555555
0 0.6494140625 0.8125 0.0202484130859375 0.06966145833333333
0 0.36962890625 0.3832465277777778 0.022979736328125 0.06548394097222222
0 0.298828125 0.3385416666666667 0.0194549560546875 0.06461588541666667
0 0.74755859375 0.6158854166666666 0.0256195068359375 0.051323784722222224
0 0.1995849609375 0.3671875 0.02630615234375 0.060980902777777776
0 0.2481689453125 0.6484375 0.0258636474609375 0.06391059027777778
0 0.65283203125 0.07535807291666667 0.0177764892578125 0.060980902777777776
0 0.931640625 0.28515625 0.0271148681640625 0.0627170138888889
0 0.295166015625 0.4112413194444444 0.0200958251953125 0.06787109375
0 0.29443359375 0.1994357638888889 0.026763916015625 0.06141493055555555
0 0.26611328125 0.4891493055555556 0.0352783203125 0.04641384548611111
0 0.80859375 0.6631944444444444 0.020721435546875 0.0636935763888889
0 0.172607421875 0.24153645833333334 0.0187225341796875 0.068359375
0 0.2022705078125 0.13411458333333334 0.024566650390625 0.068359375
0 0.84375 0.09130859375 0.0284881591796875 0.053412543402777776
0 0.345458984375 0.6449652777777778 0.03521728515625 0.03439670138888889
0 0.321533203125 0.4973958333333333 0.03253173828125 0.050374348958333336
0 0.1163330078125 0.5230034722222222 0.03594970703125 0.049886067708333336
0 0.7177734375 0.04812282986111111 0.0312042236328125 0.054524739583333336
0 0.35986328125 0.2719184027777778 0.023651123046875 0.060601128472222224
0 0.42333984375 0.1851128472222222 0.0345458984375 0.042182074652777776
0 0.736328125 0.2250434027777778 0.028656005859375 0.04893663194444445
0 0.181396484375 0.6657986111111112 0.039276123046875 0.045708550347222224
0 0.426025390625 0.9088541666666666 0.033477783203125 0.048583984375
0 0.483642578125 0.8289930555555556 0.034942626953125 0.037055121527777776
0 0.88427734375 0.3663194444444444 0.021942138671875 0.06429036458333333
0 0.499267578125 0.2319878472222222 0.018585205078125 0.061089409722222224
0 0.59765625 0.2669270833333333 0.036834716796875 0.04342990451388889
0 0.87109375 0.6089409722222222 0.0352783203125 0.03260633680555555
0 0.3359375 0.7152777777777778 0.034088134765625 0.04234483506944445
0 0.6943359375 0.6714409722222222 0.021942138671875 0.06380208333333333
0 0.2105712890625 0.20475260416666666 0.018402099609375 0.05995008680555555
0 0.783203125 0.7083333333333334 0.0212860107421875 0.060492621527777776
0 0.34326171875 0.8841145833333334 0.02386474609375 0.062337239583333336
0 0.358642578125 0.7239583333333334 0.018798828125 0.059516059027777776
0 0.64111328125 0.48828125 0.033905029296875 0.037760416666666664
0 0.90771484375 0.5920138888888888 0.0174407958984375 0.06391059027777778
0 0.95947265625 0.5238715277777778 0.019866943359375 0.06646050347222222
0 0.93212890625 0.7044270833333334 0.0280609130859375 0.06342230902777778
0 0.7734375 0.09369574652777778 0.0413818359375 0.037543402777777776
0 0.460205078125 0.8697916666666666 0.023651123046875 0.058159722222222224
0 0.9091796875 0.2068142361111111 0.041534423828125 0.041069878472222224
0 0.90234375 0.3474392361111111 0.02386474609375 0.06526692708333333
0 0.8447265625 0.7630208333333334 0.0256195068359375 0.05422634548611111
0 0.69189453125 0.06353081597222222 0.018585205078125 0.057291666666666664
0 0.38232421875 0.23133680555555555 0.0223236083984375 0.0661349826388889
0 0.685546875 0.8576388888888888 0.0222015380859375 0.058268229166666664
0 0.9580078125 0.5720486111111112 0.038116455078125 0.035725911458333336
0 0.8056640625 0.7217881944444444 0.0322265625 0.036431206597222224
0 0.44921875 0.5503472222222222 0.0246124267578125 0.050374348958333336
0 0.89111328125 0.09391276041666667 0.03302001953125 0.049506293402777776
0 0.87060546875 0.4908854166666667 0.040252685546875 0.047200520833333336
0 0.402587890625 0.15234375 0.035888671875 0.04408094618055555
0 0.8427734375 0.6215277777777778 0.0199432373046875 0.06412760416666667
0 0.97314453125 0.3680555555555556 0.04302978515625 0.051215277777777776
0 0.5048828125 0.4134114583333333 0.0185089111328125 0.06575520833333333
0 0.78662109375 0.034125434027777776 0.0181884765625 0.06412760416666667
0 0.55126953125 0.03976779513888889 0.02630615234375 0.06477864583333333
0 0.354248046875 0.4325086805555556 0.038970947265625 0.038655598958333336
0 0.60205078125 0.2197265625 0.03448486328125 0.05113389756944445
0 0.360595703125 0.1740451388888889 0.035491943359375 0.043755425347222224
0 0.3603515625 0.09564887152777778 0.033599853515625 0.05311414930555555
0 0.0537109375 0.3676215277777778 0.0279541015625 0.06646050347222222
0 0.6240234375 0.19401041666666666 0.0217742919921875 0.06510416666666667
0 0.82861328125 0.058159722222222224 0.036773681640625 0.04519314236111111
0 0.2783203125 0.09776475694444445 0.03277587890625 0.05015733506944445
0 0.6640625 0.8663194444444444 0.017852783203125 0.0671115451388889
0 0.1611328125 0.4908854166666667 0.040374755859375 0.04139539930555555
0 0.2313232421875 0.14908854166666666 0.0341796875 0.043999565972222224
0 0.05224609375 0.5928819444444444 0.03448486328125 0.05685763888888889
0 0.71923828125 0.16590711805555555 0.04046630859375 0.03697374131944445
0 0.0885009765625 0.6519097222222222 0.033721923828125 0.06141493055555555
0 0.953125 0.7643229166666666 0.0232391357421875 0.06890190972222222
0 0.35546875 0.03431532118055555 0.02801513671875 0.060492621527777776
0 0.52001953125 0.07427300347222222 0.01763916015625 0.06928168402777778
0 0.349365234375 0.4839409722222222 0.02056884765625 0.07047526041666667
0 0.43701171875 0.8515625 0.0223236083984375 0.061089409722222224
0 0.317626953125 0.8923611111111112 0.0301055908203125 0.06190321180555555
0 0.354736328125 0.13270399305555555 0.037261962890625 0.044921875
0 0.59326171875 0.8611111111111112 0.035614013671875 0.038655598958333336
0 0.31201171875 0.6098090277777778 0.0200958251953125 0.06776258680555555
0 0.76904296875 0.2884114583333333 0.027740478515625 0.05064561631944445
0 0.1546630859375 0.6940104166666666 0.024383544921875 0.06309678819444445
0 0.9501953125 0.1752387152777778 0.03662109375 0.036295572916666664
0 0.029083251953125 0.3663194444444444 0.021331787109375 0.06673177083333333
0 0.9052734375 0.7222222222222222 0.029144287109375 0.05935329861111111
0 0.133056640625 0.46484375 0.0241851806640625 0.057291666666666664
0 0.83740234375 0.6692708333333334 0.0306243896484375 0.03379991319444445
0 0.85205078125 0.8077256944444444 0.03460693359375 0.040228949652777776
0 0.8837890625 0.8012152777777778 0.0201416015625 0.056315104166666664
0 0.57861328125 0.20540364583333334 0.0202484130859375 0.05007595486111111
0 0.240478515625 0.1037326388888889 0.037322998046875 0.04831271701388889
0 0.7373046875 0.5711805555555556 0.0173797607421875 0.059027777777777776
0 0.1756591796875 0.1400824652777778 0.0192413330078125 0.06016710069444445
0 0.2186279296875 0.8871527777777778 0.02630615234375 0.06477864583333333
0 0.255126953125 0.1733940972222222 0.0212860107421875 0.06624348958333333
0 0.89404296875 0.3029513888888889 0.03759765625 0.034912109375
0 0.236572265625 0.2517361111111111 0.03704833984375 0.03895399305555555
0 0.634765625 0.86328125 0.037200927734375 0.03586154513888889
0 0.023651123046875 0.2584635416666667 0.0284423828125 0.054524739583333336
0 0.51171875 0.9296875 0.0214080810546875 0.06309678819444445
0 0.09912109375 0.2549913194444444 0.0394287109375 0.047309027777777776
0 0.0161590576171875 0.5677083333333334 0.0301513671875 0.047661675347222224
0 0.83984375 0.8519965277777778 0.0252685546875 0.055989583333333336
0 0.01233673095703125 0.3463541666666667 0.023468017578125 0.042670355902777776
0 0.0604248046875 0.53125 0.04248046875 0.052300347222222224
0 0.63330078125 0.11040581597222222 0.040618896484375 0.044840494791666664
0 0.475341796875 0.9201388888888888 0.01812744140625 0.06461588541666667
0 0.80029296875 0.8637152777777778 0.035736083984375 0.046223958333333336
0 0.578125 0.71484375 0.029083251953125 0.04739040798611111
0 0.86328125 0.8676215277777778 0.03607177734375 0.029161241319444444
0 0.76904296875 0.8975694444444444 0.0360107421875 0.04031032986111111
0 0.6416015625 0.8975694444444444 0.0299835205078125 0.044759114583333336
0 0.96630859375 0.3020833333333333 0.03204345703125 0.05504014756944445
0 0.62109375 0.9079861111111112 0.0290374755859375 0.04649522569444445
0 0.93310546875 0.53125 0.0222930908203125 0.048394097222222224
0 0.6220703125 0.9453125 0.032470703125 0.04147677951388889
0 0.58984375 0.3654513888888889 0.0187225341796875 0.04283311631944445
0 0.55419921875 0.2973090277777778 0.0170440673828125 0.07259114583333333
0 0.962890625 0.8207465277777778 0.02838134765625 0.0661349826388889
0 0.8134765625 0.018215603298611112 0.03704833984375 0.03260633680555555
0 0.81005859375 0.8198784722222222 0.037384033203125 0.041015625
0 0.54345703125 0.9557291666666666 0.0250396728515625 0.06439887152777778
0 0.66162109375 0.9270833333333334 0.019561767578125 0.059516059027777776
0 0.265380859375 0.4522569444444444 0.0239105224609375 0.037407769097222224
0 0.235595703125 0.8263888888888888 0.03253173828125 0.05075412326388889
0 0.371337890625 0.0627170138888889 0.03125 0.046956380208333336
0 0.13623046875 0.0627170138888889 0.037750244140625 0.036295572916666664
0 0.0830078125 0.11121961805555555 0.0246124267578125 0.07438151041666667
0 0.9924479166666667 0.4324074074074074 0.015104166666666667 0.06111111111111111
0 0.2083740234375 0.9348958333333334 0.03802490234375 0.037407769097222224
0 0.5810546875 0.9505208333333334 0.037689208984375 0.051513671875
0 0.681640625 0.9288194444444444 0.0223236083984375 0.07313368055555555
0 0.028106689453125 0.8190104166666666 0.041839599609375 0.06005859375
0 0.3681640625 0.9479166666666666 0.03985595703125 0.050374348958333336
0 0.438232421875 0.8845486111111112 0.034423828125 0.040228949652777776
0 0.34326171875 0.9392361111111112 0.0272674560546875 0.055474175347222224
0 0.027374267578125 0.04147677951388889 0.03662109375 0.045979817708333336
0 0.04193115234375 0.2064887152777778 0.01983642578125 0.036214192708333336
0 0.00690460205078125 0.4305555555555556 0.01348114013671875 0.034857855902777776
0 0.6640625 0.3355034722222222 0.01751708984375 0.026801215277777776
0 0.23095703125 0.4557291666666667 0.019866943359375 0.029947916666666668
0 0.56005859375 0.015489366319444444 0.0153656005859375 0.029947916666666668
0 0.51220703125 0.1247829861111111 0.02191162109375 0.031141493055555556
0 0.9150390625 0.8637152777777778 0.026763916015625 0.06201171875
0 0.00679779052734375 0.09098307291666667 0.0129241943359375 0.05848524305555555
0 0.63916015625 0.011671278211805556 0.01384735107421875 0.022976345486111112
0 0.849609375 0.9592013888888888 0.040985107421875 0.05064561631944445
0 0.9885416666666667 0.016666666666666666 0.01875 0.03333333333333333
0 0.464111328125 0.7274305555555556 0.0121917724609375 0.025390625
0 0.1739501953125 0.9756944444444444 0.0330810546875 0.03955078125
0 0.35390625 0.9828703703703704 0.034895833333333334 0.03425925925925926
0 0.62060546875 0.9765625 0.0294189453125 0.04554578993055555
0 0.984375 0.8782407407407408 0.03125 0.04351851851851852
0 0.491455078125 0.9765625 0.038909912109375 0.03968641493055555
0 0.1787109375 0.5577256944444444 0.01666259765625 0.027737087673611112
0 0.31298828125 0.9730902777777778 0.029083251953125 0.023505316840277776
0 0.23583984375 0.9713541666666666 0.0313720703125 0.025295681423611112
0 0.596875 0.9773148148148149 0.023958333333333335 0.04537037037037037
0 0.11953125 0.9782407407407407 0.049479166666666664 0.04351851851851852
0 0.96630859375 0.8958333333333334 0.04351806640625 0.036078559027777776
0 0.814453125 0.9713541666666666 0.03277587890625 0.04758029513888889