0 0.224479 0.438889 0.031250 0.064815
0 0.261979 0.237963 0.027083 0.062963
0 0.479687 0.575926 0.028125 0.061111
0 0.398698 0.586111 0.030729 0.055556
0 0.709635 0.270833 0.021354 0.060185
0 0.665104 0.666667 0.022917 0.062963
0 0.814323 0.820833 0.029687 0.052778
0 0.299740 0.387037 0.027604 0.057407
0 0.322656 0.274074 0.029687 0.064815
0 0.189323 0.262963 0.023438 0.068519
0 0.173698 0.237963 0.024479 0.068519
0 0.617448 0.418519 0.024479 0.062963
0 0.218229 0.514352 0.021875 0.067593
0 0.702865 0.595370 0.022396 0.066667
0 0.402604 0.262963 0.029167 0.050000
0 0.380208 0.214352 0.034375 0.054630
0 0.586198 0.649537 0.024479 0.060185
0 0.255208 0.318981 0.037500 0.043519
0 0.848437 0.820370 0.025000 0.057407
0 0.312760 0.516667 0.033854 0.059259
0 0.198177 0.327315 0.022396 0.058333
0 0.589063 0.539352 0.023958 0.063889
0 0.697656 0.484259 0.026562 0.061111
0 0.639323 0.135185 0.024479 0.055556
0 0.294792 0.460648 0.037500 0.045370
0 0.685156 0.520370 0.020313 0.059259
0 0.199219 0.154167 0.026562 0.065741
0 0.249740 0.390278 0.027604 0.062037
0 0.769271 0.292130 0.020833 0.063889
0 0.885417 0.255556 0.027083 0.053704
0 0.753125 0.230556 0.021875 0.057407
0 0.461458 0.504167 0.028125 0.062037
0 0.592448 0.378704 0.025521 0.059259
0 0.302083 0.594444 0.030208 0.055556
0 0.876563 0.357407 0.020833 0.068519
0 0.777083 0.456481 0.026042 0.057407
0 0.698438 0.761574 0.032292 0.050926
0 0.243750 0.663426 0.033333 0.050926
0 0.849479 0.360648 0.021875 0.060185
0 0.795573 0.652778 0.024479 0.061111
0 0.624479 0.297222 0.027083 0.053704
0 0.175521 0.569444 0.035417 0.040741
0 0.592187 0.190741 0.022917 0.061111
0 0.504427 0.335648 0.028646 0.056481
0 0.929948 0.772222 0.030729 0.059259
0 0.544010 0.608333 0.025521 0.061111
0 0.687760 0.603241 0.018229 0.062037
0 0.459635 0.431481 0.033854 0.051852
0 0.557813 0.253241 0.020833 0.063889
0 0.524740 0.382407 0.024479 0.062963
0 0.567969 0.058796 0.025521 0.063889
0 0.356510 0.337500 0.039062 0.047222
0 0.533854 0.451389 0.028125 0.056481
0 0.550000 0.654630 0.031250 0.044444
0 0.659896 0.151389 0.019792 0.060185
0 0.206771 0.586111 0.038542 0.040741
0 0.572917 0.303241 0.029167 0.050926
0 0.605208 0.697685 0.034375 0.045370
0 0.669010 0.744907 0.024479 0.054630
0 0.742448 0.804630 0.027604 0.061111
0 0.920573 0.810648 0.033854 0.041667
0 0.328646 0.355093 0.028125 0.065741
0 0.296875 0.220833 0.034375 0.050926
0 0.754167 0.729167 0.032292 0.036111
0 0.880469 0.783333 0.021354 0.068519
0 0.693229 0.672222 0.019792 0.066667
0 0.347135 0.077315 0.024479 0.060185
0 0.807292 0.240278 0.019792 0.060185
0 0.520833 0.075926 0.019792 0.072222
0 0.445312 0.142130 0.019792 0.067593
0 0.306771 0.158333 0.031250 0.057407
0 0.278906 0.155093 0.035937 0.050926
0 0.472396 0.666204 0.026042 0.062037
0 0.446354 0.267593 0.021875 0.064815
0 0.772135 0.638426 0.024479 0.062037
0 0.643490 0.365278 0.022396 0.050926
0 0.845052 0.760185 0.019271 0.068519
0 0.935677 0.402315 0.033854 0.054630
0 0.305208 0.094444 0.035417 0.055556
0 0.677865 0.420833 0.018229 0.062037
0 0.905990 0.584259 0.023438 0.062963
0 0.904948 0.311111 0.031771 0.057407
0 0.604688 0.263426 0.023958 0.062037
0 0.782031 0.842130 0.023438 0.056481
0 0.411979 0.314352 0.028125 0.065741
0 0.347135 0.168981 0.035937 0.049074
0 0.807813 0.326852 0.021875 0.051852
0 0.515885 0.543981 0.034896 0.032407
0 0.558333 0.182870 0.017708 0.067593
0 0.608594 0.746296 0.029687 0.057407
0 0.691667 0.118519 0.035417 0.040741
0 0.116667 0.329167 0.039583 0.034259
0 0.429167 0.211574 0.033333 0.041667
0 0.827865 0.653704 0.036979 0.038889
0 0.486198 0.437500 0.024479 0.063889
0 0.398958 0.145833 0.034375 0.049074
0 0.574479 0.426852 0.027083 0.062963
0 0.715625 0.825926 0.019792 0.064815
0 0.950521 0.831019 0.022917 0.058333
0 0.290625 0.549074 0.038542 0.042593
0 0.717969 0.178241 0.034896 0.043519
0 0.844792 0.565278 0.038542 0.036111
0 0.928906 0.600926 0.032813 0.046296
0 0.443490 0.655093 0.022396 0.067593
0 0.372917 0.641204 0.037500 0.034259
0 0.550521 0.421296 0.027083 0.057407
0 0.410417 0.659259 0.020833 0.068519
0 0.250260 0.126852 0.021354 0.062963
0 0.850781 0.624074 0.032813 0.057407
0 0.224740 0.618981 0.035937 0.034259
0 0.539323 0.335648 0.020313 0.060185
0 0.805208 0.876389 0.029167 0.054630
0 0.755729 0.501389 0.035417 0.032407
0 0.049219 0.399537 0.036979 0.043519
0 0.621354 0.096759 0.033333 0.043519
0 0.946094 0.296759 0.029687 0.049074
0 0.927604 0.862500 0.035417 0.036111
0 0.374479 0.454630 0.018750 0.062963
0 0.078906 0.327778 0.034896 0.044444
0 0.466406 0.750463 0.031771 0.062037
0 0.748437 0.272685 0.019792 0.075000
0 0.772135 0.156019 0.035937 0.045370
0 0.333333 0.847685 0.035417 0.056481
0 0.730469 0.525926 0.030729 0.055556
0 0.780469 0.593981 0.034896 0.041667
0 0.283333 0.114815 0.040625 0.044444
0 0.108854 0.413889 0.038542 0.044444
0 0.819010 0.535185 0.041146 0.035185
0 0.569271 0.538426 0.018750 0.065741
0 0.931510 0.553241 0.036979 0.049074
0 0.049219 0.573611 0.031771 0.063889
0 0.876563 0.885185 0.034375 0.042593
0 0.467448 0.278704 0.025521 0.055556
0 0.201823 0.764815 0.035937 0.035185
0 0.501302 0.241204 0.021354 0.065741
0 0.715104 0.440741 0.037500 0.033333
0 0.733333 0.591204 0.031250 0.056481
0 0.019792 0.637963 0.037500 0.048148
0 0.133594 0.529167 0.025521 0.067593
0 0.083333 0.513889 0.031250 0.062963
0 0.028125 0.490741 0.035417 0.046296
0 0.485156 0.073148 0.034896 0.038889
0 0.565625 0.745370 0.023958 0.062963
0 0.975521 0.596296 0.033333 0.044444
0 0.843490 0.230556 0.028646 0.042593
0 0.727344 0.077778 0.029687 0.057407
0 0.062760 0.649074 0.025521 0.064815
0 0.915625 0.180093 0.033333 0.047222
0 0.736458 0.477778 0.037500 0.035185
0 0.619792 0.177778 0.030208 0.040741
0 0.345052 0.487963 0.020313 0.074074
0 0.803125 0.171296 0.020833 0.072222
0 0.728906 0.331944 0.035937 0.050926
0 0.636979 0.481019 0.018750 0.056481
0 0.922656 0.295833 0.030729 0.052778
0 0.381771 0.045370 0.036458 0.046296
0 0.500781 0.873611 0.023438 0.063889
0 0.182812 0.915278 0.019792 0.060185
0 0.509896 0.166204 0.018750 0.062037
0 0.358073 0.122222 0.036979 0.042593
0 0.134115 0.920833 0.031771 0.050926
0 0.334635 0.201852 0.036979 0.035185
0 0.232813 0.094444 0.043750 0.037037
0 0.464323 0.217130 0.031771 0.036111
0 0.482812 0.827315 0.017708 0.062037
0 0.666667 0.084722 0.019792 0.063889
0 0.038021 0.722685 0.040625 0.050926
0 0.086198 0.844444 0.035937 0.038889
0 0.722917 0.573611 0.021875 0.067593
0 0.228385 0.043056 0.041146 0.036111
0 0.633854 0.757407 0.020833 0.042593
0 0.546094 0.021759 0.033854 0.041667
0 0.727344 0.881019 0.035937 0.043519
0 0.976823 0.275463 0.035937 0.043519
0 0.880729 0.916204 0.032292 0.049074
0 0.269271 0.600000 0.020833 0.062963
0 0.988281 0.764815 0.023438 0.042593
0 0.390365 0.897685 0.041146 0.043519
0 0.150000 0.739815 0.035417 0.031481
0 0.015365 0.574074 0.029687 0.053704
0 0.088021 0.281944 0.028125 0.030556
0 0.303125 0.907407 0.026042 0.055556
0 0.462760 0.871759 0.016146 0.065741
0 0.127344 0.064815 0.030729 0.066667
0 0.672135 0.472685 0.019271 0.043519
0 0.676042 0.882407 0.034375 0.040741
0 0.357812 0.918056 0.025000 0.058333
0 0.282292 0.023611 0.027083 0.045370
0 0.722396 0.023611 0.035417 0.045370
0 0.151042 0.693056 0.019792 0.063889
0 0.447135 0.866204 0.018229 0.062037
0 0.079687 0.077315 0.027083 0.071296
0 0.518229 0.889352 0.029167 0.054630
0 0.948958 0.082870 0.020833 0.058333
0 0.813802 0.089352 0.041146 0.050926
0 0.235677 0.825463 0.033854 0.049074
0 0.202344 0.938889 0.020313 0.070370
0 0.988542 0.512500 0.022917 0.041667
0 0.631510 0.018056 0.038021 0.034259
0 0.802865 0.926389 0.021354 0.062037
0 0.584115 0.714815 0.018229 0.046296
0 0.011198 0.707870 0.021354 0.054630
0 0.518750 0.471759 0.034375 0.030556
0 0.224740 0.384722 0.019271 0.045370
0 0.871354 0.066667 0.018750 0.070370
0 0.089063 0.015278 0.039583 0.028704
0 0.111198 0.953704 0.019271 0.066667
0 0.124219 0.864352 0.025521 0.032407
0 0.551823 0.875926 0.034896 0.035185
0 0.663021 0.336111 0.017708 0.031481
0 0.099219 0.143056 0.023438 0.049074
0 0.970833 0.948148 0.027083 0.066667
0 0.006510 0.102778 0.011979 0.070370
0 0.671615 0.919444 0.028646 0.055556
0 0.356510 0.720833 0.024479 0.041667
0 0.632552 0.611111 0.026562 0.038889
0 0.292969 0.857407 0.022396 0.050000
0 0.897396 0.955093 0.042708 0.063889
0 0.988021 0.851389 0.022917 0.062037
0 0.035417 0.346759 0.018750 0.028704
0 0.074740 0.612963 0.026562 0.029630
0 0.079948 0.971759 0.039062 0.049074
0 0.499479 0.830556 0.020833 0.029630
0 0.585677 0.601852 0.017188 0.029630
0 0.938021 0.974537 0.025000 0.032407
0 0.331510 0.975463 0.035937 0.037963
0 0.811458 0.958796 0.036458 0.058333
0 0.455729 0.461574 0.019792 0.030556
0 0.050000 0.007870 0.027083 0.013889
0 0.734635 0.937500 0.032813 0.047222
0 0.709375 0.960648 0.037500 0.054630
0 0.991927 0.950926 0.016146 0.066667
0 0.357812 0.980556 0.039583 0.038889
0 0.639844 0.969907 0.028646 0.060185
0 0.567708 0.931944 0.038542 0.049074
