0 0.657031 0.463426 0.028646 0.056481
0 0.384375 0.230093 0.027083 0.062037
0 0.708333 0.329167 0.020833 0.063889
0 0.369531 0.381481 0.025521 0.062963
0 0.553385 0.512500 0.028646 0.049074
0 0.562240 0.651852 0.030729 0.059259
0 0.513542 0.506944 0.023958 0.065741
0 0.561198 0.236574 0.025521 0.063889
0 0.573438 0.370833 0.034375 0.049074
0 0.385937 0.407407 0.026042 0.066667
0 0.697917 0.469907 0.023958 0.063889
0 0.734635 0.409259 0.025521 0.068519
0 0.679948 0.509722 0.029687 0.045370
0 0.569010 0.450463 0.030729 0.049074
0 0.490885 0.254167 0.023438 0.063889
0 0.412760 0.238889 0.030729 0.061111
0 0.769271 0.804630 0.026042 0.059259
0 0.425260 0.348148 0.035937 0.042593
0 0.816146 0.287037 0.019792 0.066667
0 0.562240 0.304167 0.017188 0.067593
0 0.415104 0.278241 0.030208 0.062037
0 0.349479 0.484259 0.025000 0.074074
0 0.648698 0.409259 0.026562 0.062963
0 0.371875 0.834722 0.036458 0.043519
0 0.645833 0.190741 0.028125 0.053704
0 0.307031 0.491667 0.020313 0.064815
0 0.632031 0.360648 0.034896 0.052778
0 0.746615 0.828241 0.035937 0.043519
0 0.490365 0.558796 0.025521 0.065741
0 0.964063 0.551389 0.030208 0.058333
0 0.592187 0.271296 0.032292 0.053704
0 0.900781 0.812037 0.020313 0.062963
0 0.416667 0.701852 0.028125 0.055556
0 0.901042 0.603241 0.023958 0.065741
0 0.762240 0.716204 0.034896 0.047222
0 0.119271 0.523611 0.026042 0.065741
0 0.736979 0.497685 0.019792 0.063889
0 0.816927 0.131481 0.021354 0.059259
0 0.676042 0.139352 0.028125 0.056481
0 0.539323 0.177315 0.016146 0.067593
0 0.360156 0.702778 0.034896 0.051852
0 0.379688 0.058796 0.025000 0.060185
0 0.796094 0.226389 0.018229 0.063889
0 0.471354 0.340278 0.031250 0.050926
0 0.802344 0.773611 0.028646 0.052778
0 0.334375 0.520370 0.021875 0.059259
0 0.458333 0.045370 0.027083 0.059259
0 0.384115 0.114352 0.031771 0.058333
0 0.425000 0.818056 0.036458 0.037963
0 0.692187 0.671759 0.023958 0.062037
0 0.916927 0.644444 0.021354 0.061111
0 0.709635 0.699074 0.027604 0.057407
0 0.476042 0.404630 0.038542 0.042593
0 0.700781 0.262500 0.025521 0.058333
0 0.463021 0.795370 0.031250 0.053704
0 0.700000 0.377315 0.032292 0.041667
0 0.886458 0.710648 0.019792 0.062037
0 0.745833 0.237500 0.023958 0.067593
0 0.489063 0.365741 0.037500 0.038889
0 0.859115 0.181019 0.019271 0.069444
0 0.629167 0.537037 0.034375 0.035185
0 0.207031 0.473148 0.030729 0.055556
0 0.519271 0.598148 0.020833 0.066667
0 0.152865 0.533796 0.040104 0.047222
0 0.770833 0.232407 0.020833 0.064815
0 0.864062 0.645370 0.032292 0.053704
0 0.622135 0.705093 0.021354 0.058333
0 0.500521 0.439352 0.036458 0.043519
0 0.227865 0.361574 0.036979 0.060185
0 0.783333 0.570833 0.027083 0.050926
0 0.893229 0.336111 0.020833 0.062963
0 0.523177 0.080093 0.017188 0.073148
0 0.799740 0.425000 0.033854 0.055556
0 0.555469 0.722222 0.031771 0.059259
0 0.437500 0.128704 0.033333 0.048148
0 0.261979 0.161111 0.032292 0.062963
0 0.421354 0.768981 0.032292 0.041667
0 0.923958 0.773611 0.020833 0.063889
0 0.372656 0.513426 0.019271 0.069444
0 0.260156 0.488426 0.034896 0.047222
0 0.461198 0.543981 0.030729 0.039815
0 0.421615 0.189352 0.036979 0.039815
0 0.847917 0.762037 0.018750 0.055556
0 0.741927 0.330093 0.034896 0.056481
0 0.461198 0.632407 0.028646 0.051852
0 0.761198 0.659259 0.033854 0.044444
0 0.696094 0.816204 0.031771 0.043519
0 0.586198 0.133796 0.036979 0.050926
0 0.720833 0.562963 0.019792 0.062963
0 0.826562 0.660185 0.023958 0.062963
0 0.739062 0.166667 0.027083 0.053704
0 0.471875 0.663889 0.023958 0.064815
0 0.470833 0.235185 0.019792 0.064815
0 0.385417 0.562963 0.038542 0.035185
0 0.633594 0.146296 0.026562 0.059259
0 0.775260 0.179167 0.020313 0.060185
0 0.694271 0.575463 0.029167 0.041667
0 0.206250 0.180093 0.032292 0.062037
0 0.938802 0.286574 0.018229 0.063889
0 0.308854 0.571759 0.026042 0.060185
0 0.685677 0.075000 0.028646 0.057407
0 0.492448 0.672685 0.020313 0.071296
0 0.873958 0.360648 0.018750 0.063889
0 0.452604 0.585185 0.033333 0.042593
0 0.133594 0.575463 0.039062 0.032407
0 0.320312 0.722222 0.036458 0.053704
0 0.286198 0.279630 0.038021 0.040741
0 0.720052 0.735185 0.030729 0.044444
0 0.790365 0.484722 0.028646 0.058333
0 0.738281 0.116204 0.032813 0.041667
0 0.719010 0.053241 0.020313 0.067593
0 0.894271 0.647222 0.026042 0.062963
0 0.416146 0.592593 0.032292 0.037037
0 0.597396 0.370833 0.021875 0.063889
0 0.794531 0.162037 0.018229 0.064815
0 0.403906 0.056019 0.021354 0.063889
0 0.626302 0.415278 0.018229 0.063889
0 0.492188 0.041204 0.033333 0.050926
0 0.654687 0.081944 0.020833 0.060185
0 0.662500 0.269907 0.027083 0.047222
0 0.853385 0.870833 0.029687 0.065741
0 0.841146 0.850000 0.027083 0.057407
0 0.159896 0.483333 0.041667 0.033333
0 0.649219 0.808796 0.022396 0.069444
0 0.567969 0.157870 0.034896 0.041667
0 0.430208 0.637037 0.027083 0.055556
0 0.721875 0.192593 0.017708 0.059259
0 0.450000 0.261574 0.030208 0.050926
0 0.485156 0.184259 0.036979 0.040741
0 0.188281 0.546296 0.033854 0.050000
0 0.515885 0.421296 0.039062 0.037037
0 0.717448 0.605093 0.034896 0.030556
0 0.910417 0.167593 0.018750 0.066667
0 0.828385 0.392130 0.039062 0.039815
0 0.950781 0.637500 0.039062 0.034259
0 0.231250 0.711111 0.038542 0.048148
0 0.222656 0.234259 0.027604 0.050000
0 0.190625 0.704167 0.033333 0.043519
0 0.129688 0.471296 0.026042 0.055556
0 0.305729 0.358796 0.028125 0.065741
0 0.591667 0.719907 0.029167 0.039815
0 0.829688 0.490741 0.020833 0.061111
0 0.767708 0.299074 0.030208 0.057407
0 0.159375 0.429167 0.037500 0.039815
0 0.486458 0.812963 0.027083 0.057407
0 0.200000 0.585648 0.030208 0.075000
0 0.485156 0.876389 0.021354 0.071296
0 0.903646 0.454167 0.038542 0.037963
0 0.749219 0.598611 0.029687 0.036111
0 0.813281 0.730093 0.041146 0.037963
0 0.914323 0.252315 0.030729 0.047222
0 0.228906 0.442130 0.038021 0.039815
0 0.871354 0.068056 0.019792 0.067593
0 0.234635 0.101852 0.031771 0.061111
0 0.889844 0.491204 0.042188 0.049074
0 0.171615 0.631481 0.025521 0.062963
0 0.971354 0.364815 0.035417 0.042593
0 0.201563 0.437037 0.028125 0.064815
0 0.670052 0.825000 0.020313 0.062963
0 0.790104 0.285185 0.037500 0.046296
0 0.635417 0.905093 0.021875 0.065741
0 0.938281 0.095370 0.021354 0.062963
0 0.516406 0.780556 0.032813 0.040741
0 0.785417 0.638889 0.035417 0.038889
0 0.931250 0.532870 0.019792 0.043519
0 0.770312 0.092130 0.035417 0.036111
0 0.793750 0.382870 0.038542 0.041667
0 0.225260 0.773148 0.033854 0.059259
0 0.513281 0.825000 0.028646 0.070370
0 0.882552 0.870833 0.022396 0.069444
0 0.472917 0.916204 0.023958 0.054630
0 0.805990 0.075926 0.020313 0.044444
0 0.940625 0.818981 0.022917 0.060185
0 0.504687 0.887500 0.020833 0.067593
0 0.601823 0.092593 0.033854 0.038889
0 0.249740 0.647685 0.024479 0.065741
0 0.463281 0.881019 0.019271 0.069444
0 0.312760 0.884259 0.029687 0.066667
0 0.154427 0.694444 0.024479 0.064815
0 0.492448 0.095833 0.033854 0.047222
0 0.152083 0.107407 0.030208 0.062963
0 0.852344 0.485648 0.038021 0.058333
0 0.606771 0.049537 0.035417 0.045370
0 0.085417 0.199537 0.033333 0.062037
0 0.676042 0.862037 0.034375 0.035185
0 0.168750 0.232870 0.027083 0.071296
0 0.374479 0.901389 0.022917 0.069444
0 0.280469 0.232407 0.034896 0.048148
0 0.353125 0.892593 0.023958 0.066667
0 0.078385 0.739815 0.043229 0.031481
0 0.082292 0.852315 0.037500 0.058333
0 0.886458 0.024074 0.017708 0.046296
0 0.495052 0.216667 0.025521 0.037037
0 0.993750 0.632870 0.012500 0.060185
0 0.951823 0.033333 0.029687 0.061111
0 0.781250 0.018519 0.016667 0.035185
0 0.220833 0.936111 0.036458 0.046296
0 0.233594 0.823148 0.031771 0.057407
0 0.084635 0.107407 0.030729 0.068519
0 0.597917 0.867130 0.020833 0.060185
0 0.096094 0.872222 0.039062 0.040741
0 0.189844 0.880093 0.026562 0.063889
0 0.012500 0.146296 0.023958 0.044444
0 0.995052 0.335185 0.009896 0.055556
0 0.958333 0.871296 0.029167 0.050000
0 0.378906 0.014815 0.023438 0.027778
0 0.994531 0.188889 0.010937 0.064815
0 0.582552 0.869907 0.021354 0.058333
0 0.689323 0.879167 0.022396 0.032407
0 0.345313 0.943981 0.036458 0.037963
0 0.008854 0.769444 0.016667 0.068519
0 0.013281 0.848148 0.025521 0.074074
0 0.258073 0.521296 0.025521 0.033333
0 0.090104 0.942593 0.036458 0.042593
0 0.395313 0.874074 0.026042 0.033333
0 0.607031 0.950926 0.034896 0.027778
0 0.550000 0.869907 0.022917 0.041667
0 0.164583 0.014352 0.038542 0.026852
0 0.064583 0.255093 0.031250 0.050926
0 0.652083 0.956481 0.045833 0.062963
0 0.351042 0.970833 0.038542 0.054630
0 0.035417 0.238426 0.031250 0.041667
0 0.650000 0.011111 0.016667 0.020370
0 0.260156 0.043981 0.026562 0.041667
0 0.156771 0.950926 0.043750 0.085185
0 0.987500 0.975463 0.023958 0.037963
0 0.996354 0.860185 0.007292 0.066667
0 0.690104 0.937963 0.034375 0.044444
0 0.507031 0.967130 0.034896 0.063889
0 0.005469 0.066667 0.009896 0.027778
0 0.314323 0.968056 0.033854 0.019444
0 0.189583 0.966667 0.021875 0.020370
0 0.858073 0.956019 0.061979 0.078704
0 0.692187 0.974074 0.036458 0.046296
0 0.841406 0.963889 0.028646 0.020370
0 0.952865 0.967593 0.034896 0.016667
0 0.041406 0.201852 0.020313 0.037037
0 0.662240 0.331944 0.024479 0.041667
0 0.748177 0.555556 0.028646 0.046296
0 0.670833 0.549537 0.037500 0.043519
0 0.575521 0.202315 0.017708 0.050926
0 0.622656 0.105093 0.040104 0.050926
0 0.509635 0.150926 0.038021 0.061111
0 0.475260 0.122685 0.031771 0.049074
