0 0.402344 0.384722 0.028646 0.060185
0 0.243750 0.139352 0.031250 0.056481
0 0.894792 0.637963 0.026042 0.057407
0 0.439844 0.230556 0.027604 0.062963
0 0.387760 0.218056 0.023438 0.065741
0 0.508073 0.185648 0.027604 0.060185
0 0.874219 0.364815 0.019271 0.062963
0 0.206510 0.182407 0.029687 0.061111
0 0.637500 0.138426 0.030208 0.050926
0 0.191667 0.291204 0.030208 0.063889
0 0.891406 0.500463 0.029687 0.052778
0 0.833333 0.721759 0.030208 0.056481
0 0.656510 0.216204 0.028646 0.054630
0 0.478385 0.517593 0.033854 0.042593
0 0.403646 0.261111 0.032292 0.051852
0 0.784896 0.455093 0.038542 0.052778
0 0.678646 0.137037 0.031250 0.055556
0 0.791667 0.311574 0.022917 0.060185
0 0.315885 0.558333 0.028646 0.062963
0 0.758854 0.236111 0.018750 0.062963
0 0.549219 0.400926 0.028646 0.061111
0 0.734635 0.844444 0.029687 0.053704
0 0.571875 0.527778 0.035417 0.046296
0 0.428906 0.184722 0.033854 0.052778
0 0.290104 0.174074 0.031250 0.061111
0 0.544271 0.606944 0.028125 0.062037
0 0.921875 0.274074 0.026042 0.062963
0 0.931250 0.699074 0.028125 0.057407
0 0.603646 0.471759 0.032292 0.049074
0 0.644271 0.353704 0.018750 0.064815
0 0.375000 0.391204 0.033333 0.041667
0 0.769792 0.290741 0.023958 0.057407
0 0.836719 0.254630 0.022396 0.068519
0 0.194010 0.396759 0.026562 0.063889
0 0.526042 0.067593 0.019792 0.064815
0 0.723958 0.741204 0.032292 0.050926
0 0.917188 0.684259 0.026042 0.059259
0 0.607812 0.332870 0.019792 0.063889
0 0.277344 0.255556 0.040104 0.050000
0 0.274740 0.207407 0.040104 0.050000
0 0.168229 0.237037 0.020833 0.070370
0 0.560937 0.562963 0.034375 0.055556
0 0.125260 0.304167 0.033854 0.067593
0 0.256250 0.071759 0.023958 0.069444
0 0.620313 0.454167 0.034375 0.045370
0 0.325521 0.398148 0.026042 0.066667
0 0.696094 0.501852 0.017188 0.061111
0 0.852344 0.756019 0.023438 0.060185
0 0.443490 0.422685 0.031771 0.041667
0 0.727083 0.319444 0.028125 0.055556
0 0.703646 0.154630 0.027083 0.057407
0 0.673958 0.244444 0.031250 0.044444
0 0.754687 0.762963 0.034375 0.048148
0 0.775521 0.867130 0.033333 0.045370
0 0.885938 0.153704 0.020833 0.064815
0 0.550521 0.337037 0.023958 0.064815
0 0.673698 0.638426 0.029687 0.039815
0 0.830469 0.324537 0.034896 0.054630
0 0.799740 0.159722 0.020313 0.069444
0 0.629167 0.637963 0.028125 0.044444
0 0.778906 0.224074 0.018229 0.064815
0 0.547656 0.073611 0.026562 0.062037
0 0.465104 0.115741 0.035417 0.040741
0 0.519792 0.376852 0.029167 0.053704
0 0.624219 0.582407 0.022396 0.066667
0 0.366927 0.078241 0.021354 0.067593
0 0.491667 0.425926 0.028125 0.059259
0 0.283854 0.100463 0.028125 0.056481
0 0.895052 0.542593 0.034896 0.035185
0 0.698958 0.092593 0.036458 0.042593
0 0.545833 0.273148 0.026042 0.066667
0 0.768750 0.558796 0.035417 0.036111
0 0.582812 0.805556 0.026042 0.057407
0 0.513542 0.243056 0.031250 0.052778
0 0.847917 0.822685 0.032292 0.034259
0 0.959635 0.410185 0.021354 0.066667
0 0.236458 0.256019 0.038542 0.039815
0 0.294010 0.050000 0.035937 0.061111
0 0.898698 0.291667 0.028646 0.062963
0 0.370573 0.484259 0.025521 0.068519
0 0.836719 0.473611 0.036979 0.056481
0 0.844531 0.104630 0.019271 0.064815
0 0.153385 0.278241 0.023438 0.067593
0 0.412500 0.313426 0.029167 0.065741
0 0.475781 0.066667 0.031771 0.048148
0 0.418750 0.704630 0.032292 0.064815
0 0.762500 0.115741 0.034375 0.046296
0 0.660937 0.768519 0.029167 0.051852
0 0.836979 0.370370 0.042708 0.042593
0 0.765365 0.598148 0.030729 0.050000
0 0.950000 0.540278 0.020833 0.060185
0 0.255729 0.385648 0.035417 0.063889
0 0.855208 0.519444 0.029167 0.037037
0 0.779948 0.775463 0.032813 0.047222
0 0.724479 0.563889 0.022917 0.068519
0 0.622656 0.110648 0.032813 0.047222
0 0.597917 0.034722 0.023958 0.063889
0 0.885417 0.251852 0.032292 0.046296
0 0.798698 0.605093 0.024479 0.062037
0 0.742448 0.694444 0.031771 0.053704
0 0.393490 0.506944 0.021354 0.067593
0 0.592448 0.586574 0.035937 0.034259
0 0.223958 0.313426 0.033333 0.054630
0 0.235156 0.097222 0.040104 0.038889
0 0.148177 0.469907 0.043229 0.043519
0 0.107552 0.509259 0.032813 0.062963
0 0.921094 0.804167 0.019271 0.060185
0 0.413802 0.052315 0.036979 0.041667
0 0.501563 0.797222 0.032292 0.046296
0 0.485677 0.039352 0.034896 0.052778
0 0.533073 0.765741 0.024479 0.066667
0 0.477865 0.215741 0.032813 0.044444
0 0.721875 0.233333 0.032292 0.038889
0 0.413542 0.109259 0.037500 0.042593
0 0.347656 0.485185 0.023438 0.074074
0 0.592187 0.393056 0.035417 0.039815
0 0.652083 0.035648 0.026042 0.060185
0 0.375000 0.732407 0.025000 0.066667
0 0.533333 0.449537 0.032292 0.065741
0 0.876823 0.621759 0.021354 0.056481
0 0.502344 0.560185 0.033854 0.038889
0 0.194271 0.544907 0.025000 0.063889
0 0.285156 0.490741 0.039062 0.038889
0 0.258854 0.151852 0.026042 0.066667
0 0.358073 0.666204 0.022396 0.067593
0 0.441667 0.584259 0.029167 0.035185
0 0.160417 0.597222 0.040625 0.037037
0 0.834115 0.892593 0.033854 0.046296
0 0.691667 0.675463 0.020833 0.065741
0 0.852344 0.166204 0.033854 0.043519
0 0.772135 0.818519 0.026562 0.050000
0 0.798698 0.680093 0.022396 0.062037
0 0.806771 0.853241 0.031250 0.043519
0 0.715104 0.797685 0.035417 0.034259
0 0.305729 0.632407 0.033333 0.046296
0 0.500260 0.886111 0.028646 0.061111
0 0.805729 0.818981 0.028125 0.054630
0 0.162760 0.559259 0.038021 0.046296
0 0.329948 0.119444 0.021354 0.053704
0 0.893750 0.422222 0.026042 0.059259
0 0.651563 0.294907 0.028125 0.036111
0 0.619010 0.073148 0.034896 0.044444
0 0.901042 0.767593 0.036458 0.040741
0 0.388802 0.608333 0.036979 0.033333
0 0.684896 0.831481 0.022917 0.057407
0 0.769271 0.919907 0.027083 0.049074
0 0.381771 0.551389 0.036458 0.032407
0 0.563281 0.145833 0.034896 0.045370
0 0.834375 0.204167 0.036458 0.037963
0 0.675000 0.787963 0.035417 0.035185
0 0.871354 0.208333 0.033333 0.040741
0 0.680990 0.511111 0.019271 0.048148
0 0.881250 0.906481 0.025000 0.057407
0 0.352604 0.553241 0.027083 0.065741
0 0.145313 0.086111 0.030208 0.070370
0 0.539844 0.827315 0.021354 0.065741
0 0.879687 0.438889 0.023958 0.070370
0 0.789323 0.815278 0.027604 0.052778
0 0.054427 0.694444 0.029687 0.064815
0 0.714583 0.643056 0.037500 0.036111
0 0.871354 0.066667 0.018750 0.070370
0 0.382812 0.579167 0.036458 0.039815
0 0.808854 0.911111 0.032292 0.046296
0 0.347396 0.874074 0.032292 0.062963
0 0.247135 0.022222 0.038021 0.038889
0 0.958333 0.122222 0.029167 0.057407
0 0.123958 0.458333 0.031250 0.042593
0 0.557292 0.467130 0.019792 0.054630
0 0.575521 0.203704 0.016667 0.046296
0 0.471094 0.865278 0.021354 0.060185
0 0.354687 0.019444 0.037500 0.037037
0 0.040625 0.481481 0.027083 0.050000
0 0.295052 0.769444 0.038021 0.037037
0 0.271094 0.818981 0.025521 0.067593
0 0.250521 0.647685 0.021875 0.067593
0 0.150521 0.693519 0.020833 0.070370
0 0.826042 0.405093 0.035417 0.045370
0 0.049479 0.774537 0.040625 0.052778
0 0.603125 0.875926 0.041667 0.048148
0 0.856510 0.408333 0.036979 0.035185
0 0.015885 0.187500 0.030729 0.034259
0 0.635156 0.757870 0.021354 0.041667
0 0.083073 0.078704 0.020313 0.072222
0 0.932813 0.919444 0.041667 0.055556
0 0.185156 0.689815 0.021354 0.050000
0 0.985938 0.914352 0.017708 0.060185
0 0.720833 0.025926 0.030208 0.050000
0 0.316406 0.018519 0.024479 0.035185
0 0.966146 0.054167 0.033333 0.045370
0 0.381771 0.893519 0.039583 0.044444
0 0.325260 0.890278 0.024479 0.067593
0 0.011458 0.275926 0.021875 0.037037
0 0.940104 0.973611 0.031250 0.039815
0 0.921615 0.962037 0.034896 0.035185
0 0.380208 0.934259 0.028125 0.053704
0 0.590104 0.717593 0.029167 0.044444
0 0.040104 0.130093 0.026042 0.034259
0 0.234896 0.825463 0.032292 0.054630
0 0.288542 0.919444 0.028125 0.066667
0 0.010677 0.692593 0.020313 0.037037
0 0.234896 0.924537 0.022917 0.062037
0 0.531510 0.013426 0.023438 0.025000
0 0.057292 0.522685 0.023958 0.037963
0 0.955729 0.873611 0.034375 0.043519
0 0.491146 0.676389 0.020833 0.047222
0 0.548698 0.037500 0.022396 0.028704
0 0.050521 0.888426 0.043750 0.045370
0 0.102604 0.940278 0.037500 0.047222
0 0.116146 0.875000 0.029167 0.051852
0 0.110417 0.918056 0.037500 0.039815
0 0.183333 0.858333 0.025000 0.048148
0 0.030469 0.239815 0.020313 0.029630
0 0.064062 0.008333 0.019792 0.014815
0 0.521354 0.948148 0.034375 0.062963
0 0.392708 0.872685 0.028125 0.034259
0 0.282552 0.965741 0.039062 0.051852
0 0.355208 0.974074 0.035417 0.046296
0 0.405729 0.969444 0.050000 0.055556
0 0.609375 0.962500 0.027083 0.073148
0 0.150260 0.960185 0.035937 0.077778
0 0.571875 0.938889 0.035417 0.046296
0 0.239063 0.962037 0.038542 0.055556
0 0.571094 0.886111 0.021354 0.044444
0 0.722396 0.920833 0.030208 0.054630
0 0.488281 0.321296 0.046354 0.051852
0 0.521094 0.290741 0.036979 0.037037
0 0.346875 0.106481 0.018750 0.050000
0 0.227604 0.393981 0.016667 0.032407
0 0.680208 0.905093 0.014583 0.025000
0 0.972656 0.964815 0.025521 0.055556
0 0.876823 0.755093 0.022396 0.052778
0 0.894010 0.732870 0.024479 0.041667
0 0.989583 0.850463 0.020833 0.058333
0 0.866146 0.466204 0.037500 0.026852
0 0.991667 0.350926 0.016667 0.051852
0 0.566146 0.290741 0.022917 0.061111
0 0.580729 0.255556 0.031250 0.053704
0 0.589583 0.308333 0.030208 0.061111
0 0.509375 0.126389 0.023958 0.058333
0 0.537760 0.118519 0.023438 0.055556
0 0.654427 0.085648 0.023438 0.065741
0 0.663021 0.333333 0.018750 0.029630
0 0.442708 0.269907 0.016667 0.026852
0 0.582552 0.451389 0.017188 0.045370
0 0.378125 0.010648 0.017708 0.019444
0 0.620833 0.017593 0.027083 0.033333
0 0.687500 0.173148 0.015625 0.027778
0 0.514844 0.417593 0.035937 0.033333
0 0.536979 0.468056 0.021875 0.050926
0 0.907552 0.976852 0.020313 0.033333
0 0.885156 0.971296 0.025521 0.016667
0 0.988802 0.483333 0.022396 0.042593
