0 0.398438 0.232870 0.019792 0.065741
0 0.430729 0.623611 0.026042 0.058333
0 0.265625 0.532870 0.027083 0.062037
0 0.187500 0.286574 0.031250 0.058333
0 0.867448 0.540741 0.022396 0.064815
0 0.497917 0.436111 0.021875 0.066667
0 0.518750 0.246296 0.036458 0.051852
0 0.646615 0.248611 0.033854 0.043519
0 0.465365 0.629167 0.028646 0.058333
0 0.674219 0.230093 0.028646 0.054630
0 0.539323 0.799074 0.032813 0.055556
0 0.414323 0.490741 0.028646 0.057407
0 0.898698 0.544907 0.029687 0.056481
0 0.370052 0.388426 0.027604 0.058333
0 0.373958 0.552315 0.023958 0.062037
0 0.587240 0.437963 0.028646 0.050000
0 0.699219 0.591204 0.021354 0.060185
0 0.770833 0.454630 0.020833 0.066667
0 0.440885 0.456944 0.019271 0.063889
0 0.378646 0.471296 0.034375 0.042593
0 0.588281 0.100926 0.025521 0.064815
0 0.237500 0.335648 0.033333 0.049074
0 0.458594 0.404630 0.017188 0.061111
0 0.424740 0.276389 0.036979 0.045370
0 0.905469 0.434722 0.035937 0.060185
0 0.779948 0.530093 0.020313 0.063889
0 0.800000 0.471759 0.032292 0.049074
0 0.704427 0.236111 0.019271 0.064815
0 0.406250 0.350463 0.018750 0.065741
0 0.606771 0.553704 0.038542 0.051852
0 0.317448 0.289815 0.019271 0.062963
0 0.327083 0.491667 0.031250 0.048148
0 0.224479 0.247685 0.034375 0.054630
0 0.047396 0.285648 0.019792 0.062037
0 0.847135 0.486111 0.028646 0.064815
0 0.660937 0.385185 0.034375 0.057407
0 0.646354 0.535185 0.020833 0.059259
0 0.819531 0.495833 0.025521 0.060185
0 0.047656 0.219444 0.026562 0.070370
0 0.480208 0.183796 0.035417 0.047222
0 0.432552 0.339352 0.019271 0.065741
0 0.815365 0.580093 0.039062 0.047222
0 0.371354 0.150463 0.030208 0.056481
0 0.308594 0.093981 0.022396 0.063889
0 0.712240 0.634722 0.020313 0.062037
0 0.590104 0.796296 0.030208 0.055556
0 0.108333 0.333333 0.031250 0.059259
0 0.852604 0.438426 0.027083 0.054630
0 0.698438 0.191204 0.034375 0.041667
0 0.231771 0.416667 0.041667 0.046296
0 0.691146 0.530093 0.017708 0.063889
0 0.525000 0.383796 0.035417 0.039815
0 0.895312 0.473611 0.026042 0.060185
0 0.469271 0.786574 0.035417 0.037963
0 0.266927 0.466667 0.040104 0.046296
0 0.396875 0.548148 0.018750 0.057407
0 0.072135 0.097685 0.022396 0.060185
0 0.445573 0.039352 0.020313 0.067593
0 0.728646 0.264352 0.021875 0.062037
0 0.894792 0.278704 0.025000 0.061111
0 0.582292 0.323148 0.022917 0.068519
0 0.736198 0.850463 0.024479 0.067593
0 0.453125 0.541204 0.018750 0.067593
0 0.480990 0.534722 0.033854 0.045370
0 0.645833 0.829630 0.022917 0.070370
0 0.279167 0.082870 0.022917 0.063889
0 0.498437 0.683333 0.038542 0.040741
0 0.545833 0.112500 0.031250 0.060185
0 0.496094 0.643981 0.035937 0.036111
0 0.792188 0.843519 0.027083 0.059259
0 0.712760 0.406481 0.038021 0.035185
0 0.522135 0.167593 0.023438 0.059259
0 0.827865 0.427778 0.027604 0.055556
0 0.662760 0.513426 0.017188 0.065741
0 0.532552 0.548148 0.031771 0.064815
0 0.610938 0.063426 0.029167 0.054630
0 0.039062 0.160185 0.033333 0.055556
0 0.426563 0.218056 0.036458 0.049074
0 0.394531 0.060648 0.033854 0.047222
0 0.702865 0.081019 0.032813 0.058333
0 0.703385 0.779167 0.020313 0.069444
0 0.458073 0.201852 0.034896 0.046296
0 0.115365 0.178241 0.032813 0.047222
0 0.086458 0.163889 0.033333 0.050000
0 0.219792 0.070833 0.030208 0.058333
0 0.414583 0.535648 0.023958 0.050926
0 0.626563 0.167593 0.021875 0.050000
0 0.438281 0.566204 0.027604 0.052778
0 0.436458 0.805093 0.035417 0.036111
0 0.260937 0.030093 0.022917 0.058333
0 0.566667 0.137037 0.019792 0.064815
0 0.744271 0.501852 0.042708 0.046296
0 0.529427 0.422685 0.028646 0.045370
0 0.707292 0.862500 0.023958 0.073148
0 0.378385 0.766204 0.036979 0.043519
0 0.824479 0.254167 0.021875 0.063889
0 0.186458 0.157870 0.037500 0.049074
0 0.567969 0.642593 0.024479 0.070370
0 0.805990 0.406019 0.038021 0.050926
0 0.783594 0.354630 0.036979 0.035185
0 0.920052 0.191667 0.022396 0.059259
0 0.606771 0.812963 0.022917 0.062963
0 0.428385 0.106019 0.036979 0.045370
0 0.966146 0.143519 0.020833 0.057407
0 0.252865 0.177778 0.039062 0.050000
0 0.256771 0.762500 0.037500 0.047222
0 0.343490 0.286111 0.022396 0.061111
0 0.774479 0.164352 0.029167 0.071296
0 0.384896 0.696759 0.033333 0.036111
0 0.821615 0.655556 0.026562 0.053704
0 0.186719 0.099537 0.033854 0.050926
0 0.831250 0.111574 0.025000 0.065741
0 0.747135 0.130093 0.031771 0.054630
0 0.347917 0.096296 0.039583 0.038889
0 0.245833 0.271759 0.038542 0.043519
0 0.812240 0.346759 0.038021 0.045370
0 0.526563 0.047685 0.020833 0.069444
0 0.073177 0.482407 0.029687 0.072222
0 0.773177 0.243056 0.020313 0.063889
0 0.757031 0.103241 0.030729 0.060185
0 0.161979 0.095833 0.029167 0.058333
0 0.153125 0.191204 0.026042 0.062037
0 0.102865 0.077778 0.028646 0.053704
0 0.024740 0.381019 0.038021 0.049074
0 0.098958 0.462500 0.034375 0.062037
0 0.752865 0.250000 0.018229 0.061111
0 0.590365 0.250926 0.031771 0.070370
0 0.901042 0.216204 0.022917 0.054630
0 0.027865 0.439815 0.040104 0.050000
0 0.768490 0.075463 0.027604 0.060185
0 0.535417 0.200000 0.032292 0.042593
0 0.169010 0.190278 0.030729 0.063889
0 0.724740 0.887500 0.020313 0.063889
0 0.803906 0.087963 0.036979 0.057407
0 0.470573 0.585648 0.034896 0.041667
0 0.147917 0.144444 0.033333 0.050000
0 0.483073 0.852315 0.033854 0.060185
0 0.554948 0.040741 0.031771 0.055556
0 0.738021 0.176852 0.039583 0.035185
0 0.272656 0.810185 0.040104 0.042593
0 0.070052 0.215278 0.032813 0.067593
0 0.228385 0.879630 0.030729 0.068519
0 0.786719 0.769907 0.038021 0.036111
0 0.494010 0.039815 0.018229 0.050000
0 0.876823 0.238426 0.029687 0.058333
0 0.191667 0.712963 0.038542 0.048148
0 0.367448 0.060648 0.034896 0.045370
0 0.195833 0.458796 0.036458 0.063889
0 0.239844 0.036574 0.020313 0.052778
0 0.011719 0.093519 0.022396 0.062963
0 0.225260 0.728704 0.035937 0.048148
0 0.195833 0.629167 0.026042 0.067593
0 0.739583 0.211574 0.033333 0.037963
0 0.896615 0.681481 0.024479 0.064815
0 0.108333 0.032407 0.029167 0.062963
0 0.266146 0.579630 0.033333 0.031481
0 0.359115 0.828704 0.032813 0.048148
0 0.923438 0.664815 0.034375 0.059259
0 0.569010 0.750000 0.040104 0.042593
0 0.892969 0.076852 0.034896 0.048148
0 0.084375 0.265278 0.041667 0.037963
0 0.969531 0.305556 0.021354 0.048148
0 0.700521 0.037500 0.038542 0.045370
0 0.822135 0.898611 0.041146 0.054630
0 0.272917 0.687037 0.034375 0.061111
0 0.623698 0.828241 0.019271 0.058333
0 0.946615 0.181944 0.029687 0.045370
0 0.856510 0.191667 0.023438 0.061111
0 0.896354 0.163889 0.030208 0.046296
0 0.809635 0.166667 0.032813 0.053704
0 0.982031 0.268981 0.033854 0.047222
0 0.049219 0.446759 0.038021 0.054630
0 0.986198 0.741204 0.024479 0.060185
0 0.255208 0.086111 0.026042 0.050000
0 0.945052 0.262963 0.025521 0.057407
0 0.993750 0.407870 0.011458 0.063889
0 0.310937 0.034259 0.031250 0.046296
0 0.109115 0.534722 0.031771 0.069444
0 0.399740 0.895370 0.027604 0.066667
0 0.982552 0.101852 0.031771 0.044444
0 0.023438 0.617130 0.040625 0.041667
0 0.146875 0.044907 0.025000 0.047222
0 0.986979 0.169444 0.025000 0.038889
0 0.130729 0.030093 0.028125 0.050926
0 0.082292 0.766667 0.034375 0.053704
0 0.985156 0.207407 0.027604 0.053704
0 0.045833 0.735185 0.041667 0.046296
0 0.057552 0.132870 0.025521 0.052778
0 0.137760 0.733796 0.030729 0.045370
0 0.939583 0.208333 0.033333 0.048148
0 0.052604 0.033796 0.030208 0.050926
0 0.034896 0.576852 0.028125 0.062963
0 0.139844 0.448611 0.045312 0.047222
0 0.015365 0.833796 0.029687 0.050926
0 0.182031 0.045833 0.022396 0.037963
0 0.016927 0.031019 0.028646 0.058333
0 0.768229 0.019907 0.034375 0.036111
0 0.428385 0.732407 0.032813 0.037037
0 0.994531 0.614815 0.010937 0.048148
0 0.328906 0.697222 0.024479 0.051852
0 0.257812 0.218519 0.025000 0.038889
0 0.044531 0.838426 0.028646 0.065741
0 0.989583 0.377315 0.019792 0.058333
0 0.051823 0.501389 0.026562 0.039815
0 0.872396 0.816204 0.033333 0.052778
0 0.767969 0.722222 0.020313 0.050000
0 0.219271 0.776389 0.020833 0.041667
0 0.070573 0.852778 0.034896 0.062963
0 0.722917 0.943056 0.028125 0.047222
0 0.026042 0.866667 0.022917 0.059259
0 0.903906 0.918056 0.041146 0.063889
0 0.008073 0.675926 0.015104 0.061111
0 0.950000 0.939815 0.035417 0.040741
0 0.140885 0.476389 0.039062 0.034259
0 0.440885 0.853704 0.023438 0.029630
0 0.269010 0.843981 0.019271 0.047222
0 0.090365 0.948148 0.036979 0.057407
0 0.231771 0.950463 0.036458 0.075000
0 0.138281 0.970833 0.028646 0.056481
0 0.106510 0.862963 0.046354 0.037037
0 0.511979 0.980556 0.039583 0.038889
0 0.526302 0.937963 0.032813 0.048148
0 0.465104 0.888426 0.035417 0.032407
0 0.833594 0.988426 0.035937 0.023148
0 0.992708 0.885648 0.014583 0.062037
0 0.618750 0.121759 0.022917 0.050926
0 0.636719 0.127315 0.017188 0.060185
0 0.647917 0.099074 0.022917 0.057407
0 0.673958 0.134259 0.015625 0.061111
0 0.569792 0.048611 0.029167 0.032407
0 0.673177 0.064815 0.024479 0.027778
0 0.680729 0.095370 0.034375 0.029630
0 0.691927 0.131481 0.028646 0.051852
0 0.721354 0.012500 0.039583 0.023148
0 0.835156 0.192130 0.019271 0.047222
0 0.792969 0.235185 0.029687 0.059259
0 0.801823 0.200926 0.027604 0.062963
0 0.588542 0.018056 0.017708 0.032407
0 0.607552 0.011574 0.013021 0.021296
0 0.536719 0.014815 0.028646 0.027778
0 0.509635 0.038889 0.014063 0.038889
0 0.468750 0.116667 0.023958 0.051852
0 0.494792 0.082407 0.038542 0.044444
0 0.497917 0.117130 0.020833 0.069444
0 0.519010 0.091204 0.023438 0.041667
0 0.345313 0.059259 0.028125 0.051852
0 0.031510 0.087963 0.019271 0.055556
0 0.023958 0.181019 0.016667 0.047222
0 0.005990 0.151852 0.010937 0.044444
0 0.009635 0.203704 0.018229 0.040741
0 0.237760 0.083333 0.030729 0.038889
0 0.817187 0.138889 0.026042 0.061111
0 0.785677 0.117593 0.015104 0.031481
0 0.929688 0.129167 0.022917 0.060185
0 0.989844 0.119444 0.020313 0.053704
0 0.955729 0.087963 0.020833 0.057407
0 0.962500 0.226389 0.015625 0.058333
0 0.986979 0.297222 0.017708 0.048148
0 0.995313 0.311574 0.008333 0.063889
0 0.852344 0.214815 0.020313 0.031481
0 0.798698 0.975926 0.035937 0.029630
0 0.994531 0.487037 0.010937 0.029630
0 0.993490 0.523611 0.011979 0.032407
0 0.504948 0.166204 0.017188 0.065741
0 0.027604 0.020370 0.022917 0.038889
0 0.261979 0.295833 0.018750 0.041667
0 0.895833 0.899537 0.019792 0.032407
0 0.963021 0.865741 0.014583 0.018519
