0 0.356771 0.406944 0.027083 0.058333
0 0.670573 0.420833 0.025521 0.054630
0 0.457813 0.207407 0.018750 0.064815
0 0.503125 0.598148 0.031250 0.062963
0 0.339844 0.553704 0.022396 0.068519
0 0.658594 0.491667 0.020313 0.062963
0 0.642708 0.716667 0.022917 0.066667
0 0.806510 0.430556 0.033854 0.050000
0 0.537240 0.425463 0.024479 0.056481
0 0.108073 0.543981 0.040104 0.047222
0 0.515885 0.484722 0.022396 0.062037
0 0.385417 0.112037 0.028125 0.061111
0 0.182552 0.708333 0.031771 0.059259
0 0.643490 0.287963 0.021354 0.068519
0 0.184115 0.557870 0.022396 0.069444
0 0.535937 0.278241 0.034375 0.050926
0 0.409115 0.393056 0.035937 0.039815
0 0.297656 0.390741 0.025521 0.062963
0 0.433854 0.449537 0.029167 0.058333
0 0.416146 0.064352 0.023958 0.065741
0 0.177604 0.643056 0.028125 0.054630
0 0.307812 0.095833 0.022917 0.065741
0 0.285156 0.339815 0.036979 0.038889
0 0.963021 0.377778 0.025000 0.066667
0 0.238542 0.196296 0.032292 0.051852
0 0.478125 0.707870 0.023958 0.067593
0 0.089323 0.605093 0.029687 0.065741
0 0.364583 0.292130 0.026042 0.065741
0 0.644271 0.365741 0.035417 0.040741
0 0.239323 0.042593 0.019271 0.062963
0 0.516927 0.163889 0.029687 0.059259
0 0.365365 0.516667 0.034896 0.044444
0 0.280208 0.528704 0.033333 0.059259
0 0.617448 0.234259 0.030729 0.053704
0 0.705990 0.081019 0.022396 0.063889
0 0.770312 0.517130 0.023958 0.056481
0 0.692448 0.268056 0.024479 0.062037
0 0.595313 0.326389 0.034375 0.034259
0 0.830469 0.352315 0.024479 0.067593
0 0.236458 0.155093 0.041667 0.045370
0 0.589583 0.531481 0.032292 0.053704
0 0.122396 0.475000 0.029167 0.062963
0 0.637500 0.438426 0.028125 0.049074
0 0.483333 0.512037 0.032292 0.050000
0 0.681510 0.123611 0.020313 0.065741
0 0.747135 0.368981 0.020313 0.062037
0 0.947917 0.446759 0.026042 0.058333
0 0.074219 0.360185 0.025521 0.068519
0 0.691667 0.310185 0.030208 0.053704
0 0.405729 0.670833 0.036458 0.034259
0 0.616927 0.807407 0.034896 0.048148
0 0.887500 0.206944 0.022917 0.063889
0 0.645573 0.233796 0.034896 0.049074
0 0.207292 0.068519 0.023958 0.061111
0 0.753125 0.271759 0.029167 0.056481
0 0.369792 0.349074 0.037500 0.037037
0 0.881510 0.394907 0.032813 0.052778
0 0.154427 0.750000 0.034896 0.050000
0 0.690104 0.383333 0.030208 0.044444
0 0.422917 0.344907 0.037500 0.032407
0 0.456771 0.450000 0.019792 0.062963
0 0.462240 0.116667 0.032813 0.046296
0 0.488281 0.442130 0.021354 0.062037
0 0.561198 0.815278 0.032813 0.049074
0 0.181771 0.764815 0.027083 0.062963
0 0.945312 0.500463 0.026042 0.060185
0 0.602344 0.142593 0.020313 0.061111
0 0.280729 0.693056 0.027083 0.060185
0 0.169010 0.384722 0.033854 0.049074
0 0.261979 0.058796 0.030208 0.069444
0 0.608073 0.679167 0.035937 0.050926
0 0.315104 0.342593 0.025000 0.062963
0 0.500260 0.268519 0.038021 0.037037
0 0.461458 0.538889 0.029167 0.055556
0 0.242708 0.803241 0.036458 0.050926
0 0.050000 0.533796 0.038542 0.050926
0 0.413281 0.608796 0.021354 0.060185
0 0.720313 0.138426 0.025000 0.067593
0 0.298698 0.028241 0.024479 0.054630
0 0.456250 0.740741 0.019792 0.070370
0 0.652344 0.131019 0.032813 0.052778
0 0.859115 0.467130 0.027604 0.056481
0 0.700521 0.713889 0.031250 0.051852
0 0.846875 0.423148 0.036458 0.037037
0 0.588021 0.462500 0.028125 0.049074
0 0.163021 0.066204 0.023958 0.062037
0 0.403906 0.792130 0.039062 0.049074
0 0.460156 0.265278 0.039062 0.034259
0 0.499219 0.093981 0.017188 0.067593
0 0.620313 0.471296 0.017708 0.070370
0 0.400521 0.206019 0.038542 0.037963
0 0.745833 0.494907 0.038542 0.034259
0 0.094792 0.663426 0.039583 0.037963
0 0.163021 0.135185 0.022917 0.061111
0 0.161198 0.601389 0.025521 0.067593
0 0.709375 0.215741 0.028125 0.059259
0 0.697917 0.900926 0.031250 0.050000
0 0.301042 0.640278 0.019792 0.063889
0 0.755990 0.670833 0.019271 0.056481
0 0.733594 0.066667 0.029687 0.059259
0 0.953125 0.280093 0.021875 0.067593
0 0.487240 0.577778 0.025521 0.061111
0 0.401562 0.516667 0.032292 0.042593
0 0.910677 0.450000 0.031771 0.059259
0 0.287760 0.171759 0.039062 0.039815
0 0.785156 0.298611 0.030729 0.056481
0 0.510417 0.042130 0.027083 0.060185
0 0.572135 0.418056 0.032813 0.036111
0 0.366146 0.050463 0.028125 0.062037
0 0.332292 0.281944 0.020833 0.054630
0 0.542188 0.102315 0.026042 0.060185
0 0.556510 0.661574 0.038021 0.039815
0 0.409375 0.562500 0.032292 0.041667
0 0.942187 0.152315 0.020833 0.062037
0 0.837240 0.107407 0.021354 0.066667
0 0.859115 0.075926 0.021354 0.061111
0 0.265885 0.123148 0.038021 0.048148
0 0.110937 0.718981 0.037500 0.034259
0 0.705729 0.556019 0.025000 0.052778
0 0.214323 0.727315 0.024479 0.067593
0 0.677083 0.908796 0.031250 0.050926
0 0.383333 0.225926 0.031250 0.048148
0 0.606771 0.431481 0.017708 0.059259
0 0.248177 0.738426 0.038021 0.043519
0 0.065625 0.469444 0.029167 0.064815
0 0.194531 0.125463 0.039062 0.039815
0 0.806771 0.168519 0.025000 0.057407
0 0.696094 0.168981 0.022396 0.056481
0 0.120833 0.168981 0.040625 0.043519
0 0.479687 0.843519 0.037500 0.046296
0 0.813802 0.102778 0.021354 0.066667
0 0.442448 0.515741 0.032813 0.051852
0 0.103385 0.427315 0.044271 0.034259
0 0.787240 0.351852 0.038021 0.035185
0 0.302604 0.781944 0.030208 0.045370
0 0.639844 0.085648 0.036979 0.049074
0 0.531510 0.693056 0.018229 0.073148
0 0.344010 0.060648 0.026562 0.050926
0 0.815625 0.260648 0.023958 0.063889
0 0.791667 0.765278 0.036458 0.032407
0 0.861458 0.230093 0.021875 0.063889
0 0.976302 0.217130 0.025521 0.069444
0 0.772396 0.816204 0.030208 0.032407
0 0.137500 0.572222 0.036458 0.046296
0 0.659896 0.161574 0.033333 0.041667
0 0.082292 0.152315 0.040625 0.047222
0 0.070052 0.094907 0.025521 0.060185
0 0.667188 0.780093 0.036458 0.032407
0 0.019531 0.424537 0.036979 0.039815
0 0.545573 0.067130 0.032813 0.054630
0 0.075000 0.037500 0.026042 0.058333
0 0.382031 0.265741 0.023438 0.053704
0 0.370052 0.827315 0.021354 0.071296
0 0.806510 0.372685 0.032813 0.030556
0 0.020833 0.470370 0.033333 0.059259
0 0.021615 0.328704 0.032813 0.062963
0 0.879167 0.105556 0.023958 0.059259
0 0.780469 0.211111 0.021354 0.061111
0 0.672656 0.068056 0.023438 0.043519
0 0.921354 0.575463 0.039583 0.032407
0 0.764323 0.316667 0.034896 0.037037
0 0.768750 0.598148 0.037500 0.035185
0 0.916146 0.204630 0.021875 0.061111
0 0.237500 0.093981 0.034375 0.041667
0 0.093229 0.258333 0.042708 0.042593
0 0.570573 0.050000 0.032813 0.042593
0 0.540365 0.920370 0.031771 0.053704
0 0.835938 0.191667 0.019792 0.050000
0 0.839063 0.255556 0.029167 0.059259
0 0.093750 0.119907 0.033333 0.063889
0 0.917708 0.091204 0.019792 0.058333
0 0.095833 0.226852 0.041667 0.040741
0 0.179167 0.193519 0.036458 0.046296
0 0.781250 0.115278 0.034375 0.036111
0 0.804688 0.631019 0.029167 0.034259
0 0.018490 0.517130 0.029687 0.058333
0 0.517188 0.093519 0.023958 0.053704
0 0.485156 0.874074 0.034896 0.038889
0 0.972135 0.604630 0.025521 0.057407
0 0.895833 0.729167 0.040625 0.034259
0 0.436198 0.560185 0.031771 0.042593
0 0.013021 0.124537 0.025000 0.052778
0 0.474740 0.023148 0.034896 0.044444
0 0.889062 0.681481 0.026042 0.035185
0 0.220833 0.460185 0.037500 0.059259
0 0.056510 0.212500 0.040104 0.050926
0 0.101823 0.033796 0.038021 0.049074
0 0.972396 0.152778 0.033333 0.044444
0 0.887500 0.816667 0.026042 0.062963
0 0.334375 0.322685 0.039583 0.034259
0 0.594010 0.024074 0.029687 0.046296
0 0.332813 0.027778 0.037500 0.044444
0 0.044531 0.472222 0.026562 0.062963
0 0.917188 0.139815 0.036458 0.038889
0 0.118490 0.121296 0.035937 0.057407
0 0.026302 0.051852 0.038021 0.042593
0 0.972917 0.281481 0.021875 0.072222
0 0.216927 0.287500 0.025521 0.041667
0 0.459115 0.813426 0.034896 0.056481
0 0.747917 0.211574 0.042708 0.054630
0 0.021875 0.244444 0.041667 0.044444
0 0.994010 0.240278 0.011979 0.073148
0 0.761979 0.918519 0.027083 0.055556
0 0.981250 0.100000 0.032292 0.042593
0 0.582812 0.953704 0.033333 0.048148
0 0.059635 0.837963 0.045312 0.059259
0 0.809896 0.911574 0.038542 0.041667
0 0.065365 0.400463 0.030729 0.043519
0 0.039062 0.718519 0.031250 0.035185
0 0.130729 0.610648 0.025000 0.039815
0 0.181771 0.043056 0.022917 0.039815
0 0.986979 0.126852 0.026042 0.042593
0 0.212760 0.239352 0.019271 0.049074
0 0.431771 0.734722 0.028125 0.037963
0 0.817708 0.959722 0.025000 0.075000
0 0.777083 0.019444 0.038542 0.037037
0 0.218750 0.777315 0.020833 0.039815
0 0.630208 0.967130 0.027083 0.058333
0 0.748437 0.020833 0.021875 0.039815
0 0.883854 0.881481 0.040625 0.079630
0 0.073958 0.944907 0.036458 0.041667
0 0.351302 0.939815 0.025521 0.061111
0 0.007292 0.378704 0.013542 0.066667
0 0.966146 0.881944 0.038542 0.037963
0 0.795312 0.982870 0.029167 0.032407
0 0.953385 0.044444 0.017188 0.033333
0 0.844531 0.774074 0.019271 0.029630
0 0.105729 0.973148 0.040625 0.046296
0 0.069792 0.861574 0.039583 0.056481
0 0.603646 0.980093 0.035417 0.039815
0 0.695573 0.963889 0.035937 0.059259
0 0.995573 0.532407 0.008854 0.029630
0 0.164323 0.475926 0.019271 0.027778
0 0.976042 0.979630 0.038542 0.033333
0 0.985677 0.942130 0.026562 0.034259
0 0.867708 0.982870 0.030208 0.034259
0 0.737500 0.830093 0.018750 0.023148
0 0.440104 0.853241 0.021875 0.030556
0 0.928385 0.891667 0.025521 0.016667
