0 0.737500 0.464815 0.021875 0.059259
0 0.426302 0.276852 0.029687 0.055556
0 0.182552 0.662963 0.032813 0.057407
0 0.145573 0.659722 0.029687 0.062037
0 0.472135 0.332407 0.035937 0.059259
0 0.636719 0.347222 0.022396 0.066667
0 0.405990 0.496296 0.026562 0.059259
0 0.582812 0.413889 0.028125 0.053704
0 0.062760 0.298611 0.029687 0.058333
0 0.356250 0.547222 0.023958 0.062963
0 0.115104 0.325926 0.023958 0.064815
0 0.285417 0.692593 0.035417 0.044444
0 0.773438 0.427778 0.026042 0.066667
0 0.747656 0.347685 0.018229 0.062037
0 0.454167 0.218981 0.021875 0.062037
0 0.424479 0.593519 0.026042 0.059259
0 0.136458 0.270833 0.034375 0.056481
0 0.336979 0.130093 0.030208 0.056481
0 0.355469 0.776389 0.034896 0.050926
0 0.391406 0.232407 0.019271 0.068519
0 0.732812 0.516667 0.037500 0.037037
0 0.434896 0.547685 0.023958 0.052778
0 0.624219 0.465278 0.021354 0.065741
0 0.838021 0.310648 0.029167 0.056481
0 0.122396 0.400926 0.032292 0.053704
0 0.666667 0.406481 0.023958 0.059259
0 0.227344 0.668519 0.040104 0.040741
0 0.126823 0.115278 0.024479 0.060185
0 0.679427 0.293519 0.017188 0.064815
0 0.375781 0.600000 0.031771 0.057407
0 0.370573 0.200463 0.030729 0.052778
0 0.608594 0.506019 0.027604 0.058333
0 0.444531 0.761574 0.032813 0.062037
0 0.523177 0.644907 0.023438 0.063889
0 0.667188 0.726389 0.033333 0.058333
0 0.186198 0.560185 0.021354 0.064815
0 0.531510 0.750463 0.030729 0.052778
0 0.705990 0.450463 0.035937 0.034259
0 0.791406 0.299537 0.022396 0.065741
0 0.432292 0.499074 0.028125 0.055556
0 0.607292 0.680093 0.034375 0.054630
0 0.250000 0.150463 0.020833 0.063889
0 0.190365 0.199537 0.025521 0.073148
0 0.030990 0.318056 0.042188 0.049074
0 0.382031 0.088426 0.029687 0.052778
0 0.308073 0.093981 0.023438 0.065741
0 0.421615 0.184722 0.036979 0.037963
0 0.677865 0.206944 0.021354 0.062037
0 0.381250 0.448148 0.021875 0.057407
0 0.421354 0.341204 0.039583 0.037963
0 0.305208 0.450463 0.035417 0.050926
0 0.457031 0.821759 0.034896 0.043519
0 0.418229 0.440741 0.037500 0.046296
0 0.525781 0.587037 0.034896 0.050000
0 0.453646 0.447685 0.019792 0.067593
0 0.577865 0.501389 0.032813 0.039815
0 0.470313 0.546759 0.019792 0.063889
0 0.855729 0.479630 0.023958 0.068519
0 0.157552 0.714352 0.030729 0.049074
0 0.892448 0.217130 0.023438 0.062037
0 0.543229 0.265741 0.018750 0.066667
0 0.505208 0.653241 0.027083 0.056481
0 0.863021 0.262963 0.035417 0.037037
0 0.285417 0.747222 0.030208 0.062963
0 0.870313 0.410648 0.025000 0.065741
0 0.825000 0.542130 0.030208 0.063889
0 0.499740 0.704630 0.031771 0.050000
0 0.695833 0.072222 0.019792 0.062963
0 0.552344 0.043981 0.027604 0.056481
0 0.654427 0.097685 0.027604 0.050926
0 0.279687 0.610648 0.035417 0.036111
0 0.548698 0.828241 0.026562 0.060185
0 0.871094 0.197685 0.021354 0.065741
0 0.152344 0.764815 0.036979 0.050000
0 0.694010 0.706019 0.025521 0.058333
0 0.465104 0.714352 0.037500 0.039815
0 0.159375 0.155093 0.034375 0.058333
0 0.489844 0.616204 0.034896 0.043519
0 0.494531 0.153704 0.026562 0.057407
0 0.345052 0.058333 0.026562 0.055556
0 0.056510 0.128704 0.023438 0.066667
0 0.094010 0.507407 0.033854 0.051852
0 0.760938 0.243056 0.029167 0.056481
0 0.920573 0.581944 0.027604 0.069444
0 0.276042 0.172685 0.035417 0.049074
0 0.800521 0.233796 0.033333 0.049074
0 0.368229 0.139815 0.037500 0.053704
0 0.884896 0.308333 0.036458 0.048148
0 0.504167 0.084722 0.019792 0.063889
0 0.672656 0.069444 0.025521 0.046296
0 0.497135 0.748148 0.030729 0.051852
0 0.293750 0.241667 0.026042 0.064815
0 0.120313 0.711111 0.031250 0.048148
0 0.215104 0.728704 0.022917 0.070370
0 0.590104 0.329167 0.034375 0.050926
0 0.896354 0.415278 0.031250 0.067593
0 0.231250 0.093981 0.039583 0.043519
0 0.021094 0.453241 0.028646 0.062037
0 0.323177 0.209259 0.041146 0.044444
0 0.225521 0.147685 0.032292 0.058333
0 0.577083 0.056019 0.017708 0.071296
0 0.694271 0.615278 0.032292 0.060185
0 0.388542 0.520833 0.017708 0.062037
0 0.161458 0.566667 0.022917 0.053704
0 0.083333 0.413889 0.037500 0.048148
0 0.390104 0.405093 0.040625 0.036111
0 0.701823 0.331944 0.029687 0.054630
0 0.560156 0.324537 0.019271 0.062037
0 0.968229 0.454167 0.030208 0.062037
0 0.106771 0.072685 0.035417 0.045370
0 0.542708 0.390278 0.016667 0.052778
0 0.161198 0.390741 0.022396 0.059259
0 0.086979 0.252315 0.039583 0.043519
0 0.198698 0.133333 0.036979 0.051852
0 0.447656 0.079630 0.035937 0.040741
0 0.839583 0.735648 0.039583 0.041667
0 0.796615 0.763889 0.036979 0.035185
0 0.846875 0.231944 0.037500 0.047222
0 0.253646 0.753704 0.038542 0.037037
0 0.602344 0.440278 0.034896 0.034259
0 0.668750 0.788889 0.018750 0.059259
0 0.899219 0.507407 0.025521 0.061111
0 0.138021 0.069907 0.037500 0.050926
0 0.079687 0.095833 0.035417 0.071296
0 0.651042 0.148611 0.035417 0.037963
0 0.090885 0.595833 0.043229 0.036111
0 0.983073 0.262037 0.029687 0.042593
0 0.064844 0.467130 0.031771 0.065741
0 0.608594 0.249074 0.029687 0.053704
0 0.492448 0.405093 0.018229 0.065741
0 0.091406 0.682870 0.028646 0.062037
0 0.245573 0.199074 0.024479 0.051852
0 0.913802 0.365278 0.043229 0.056481
0 0.256771 0.087963 0.026042 0.053704
0 0.575000 0.772222 0.018750 0.064815
0 0.945052 0.249537 0.040104 0.041667
0 0.618750 0.120833 0.022917 0.049074
0 0.016146 0.203241 0.031250 0.050926
0 0.113542 0.177778 0.036458 0.048148
0 0.963542 0.329167 0.021875 0.069444
0 0.964063 0.281944 0.032292 0.043519
0 0.714063 0.553704 0.029167 0.031481
0 0.985677 0.355093 0.025521 0.069444
0 0.266927 0.034722 0.036979 0.049074
0 0.572656 0.282407 0.034896 0.038889
0 0.549219 0.174074 0.035937 0.037037
0 0.844792 0.115278 0.035417 0.056481
0 0.308073 0.393056 0.020313 0.052778
0 0.089844 0.637037 0.043229 0.033333
0 0.983073 0.146296 0.032813 0.057407
0 0.345833 0.185185 0.041667 0.037037
0 0.923438 0.218056 0.036458 0.056481
0 0.279427 0.505556 0.020313 0.059259
0 0.739583 0.051852 0.037500 0.050000
0 0.517969 0.092593 0.024479 0.051852
0 0.220573 0.460648 0.036979 0.058333
0 0.461458 0.023148 0.034375 0.044444
0 0.703125 0.297222 0.033333 0.042593
0 0.795573 0.163889 0.033854 0.051852
0 0.023698 0.112500 0.030729 0.065741
0 0.030990 0.164815 0.044271 0.044444
0 0.703646 0.807407 0.033333 0.050000
0 0.186719 0.099074 0.039062 0.048148
0 0.923177 0.301389 0.025521 0.060185
0 0.333854 0.286111 0.022917 0.055556
0 0.784896 0.061574 0.036458 0.049074
0 0.971875 0.604167 0.026042 0.056481
0 0.233594 0.266204 0.021354 0.056481
0 0.409896 0.567130 0.030208 0.034259
0 0.096354 0.024074 0.023958 0.046296
0 0.278906 0.115741 0.038021 0.035185
0 0.551823 0.145370 0.038021 0.040741
0 0.216406 0.206481 0.032813 0.038889
0 0.885938 0.816667 0.028125 0.062963
0 0.378906 0.268056 0.019271 0.050926
0 0.863021 0.781944 0.025000 0.065741
0 0.986719 0.177778 0.026562 0.055556
0 0.288281 0.878704 0.028646 0.055556
0 0.499219 0.875000 0.030729 0.037037
0 0.898698 0.176389 0.042188 0.037963
0 0.140625 0.164352 0.041667 0.037963
0 0.145313 0.194444 0.041667 0.035185
0 0.812240 0.058796 0.033854 0.049074
0 0.121094 0.775463 0.028646 0.045370
0 0.932292 0.460648 0.034375 0.034259
0 0.145833 0.045370 0.025000 0.046296
0 0.985417 0.648611 0.028125 0.062037
0 0.920573 0.488426 0.036979 0.052778
0 0.534115 0.031019 0.031771 0.060185
0 0.976302 0.419907 0.036979 0.047222
0 0.110677 0.843519 0.024479 0.064815
0 0.328125 0.954167 0.019792 0.063889
0 0.896354 0.726852 0.041667 0.038889
0 0.053906 0.778704 0.042188 0.033333
0 0.025000 0.624074 0.026042 0.070370
0 0.676042 0.902315 0.030208 0.052778
0 0.132031 0.026389 0.030729 0.045370
0 0.979688 0.102778 0.037500 0.044444
0 0.308333 0.344907 0.018750 0.050926
0 0.036719 0.089815 0.032813 0.048148
0 0.012240 0.561574 0.023438 0.067593
0 0.829948 0.926389 0.025521 0.067593
0 0.426302 0.734259 0.030729 0.038889
0 0.483854 0.062037 0.026042 0.040741
0 0.763021 0.913889 0.023958 0.062963
0 0.379167 0.963426 0.020833 0.060185
0 0.803385 0.908796 0.036979 0.041667
0 0.356250 0.940741 0.036458 0.040741
0 0.189323 0.015278 0.038021 0.028704
0 0.182812 0.044444 0.023958 0.035185
0 0.862500 0.915278 0.037500 0.039815
0 0.071615 0.854630 0.038021 0.059259
0 0.074740 0.945833 0.039062 0.036111
0 0.307031 0.981944 0.040104 0.032407
0 0.219271 0.775463 0.021875 0.036111
0 0.920052 0.881481 0.024479 0.051852
0 0.216927 0.293519 0.023438 0.031481
0 0.053906 0.442593 0.026562 0.040741
0 0.212240 0.242593 0.020313 0.046296
0 0.008073 0.482870 0.015104 0.060185
0 0.929427 0.937037 0.039062 0.037037
0 0.884635 0.897685 0.027604 0.043519
0 0.286458 0.848611 0.031250 0.050926
0 0.830208 0.644444 0.025000 0.046296
0 0.013542 0.871296 0.026042 0.042593
0 0.142448 0.476852 0.030729 0.029630
0 0.529948 0.937963 0.034896 0.050000
0 0.652604 0.950926 0.035417 0.031481
0 0.088542 0.980093 0.031250 0.032407
0 0.009115 0.027778 0.017188 0.031481
0 0.857552 0.971759 0.035937 0.052778
0 0.127083 0.864352 0.022917 0.025000
0 0.953385 0.043981 0.016146 0.030556
0 0.892448 0.971296 0.022396 0.057407
0 0.050260 0.978704 0.023438 0.033333
0 0.132812 0.616204 0.020833 0.034259
0 0.995573 0.532407 0.008854 0.027778
0 0.902604 0.885185 0.022917 0.044444
0 0.941927 0.897222 0.022396 0.038889
0 0.737500 0.976852 0.045833 0.046296
