0 0.74609375 0.3661024305555556 0.0210113525390625 0.05935329861111111
0 0.395751953125 0.3793402777777778 0.0273284912109375 0.06646050347222222
0 0.60205078125 0.4431423611111111 0.021484375 0.06477864583333333
0 0.489013671875 0.6219618055555556 0.0299224853515625 0.055989583333333336
0 0.60986328125 0.330078125 0.030853271484375 0.052408854166666664
0 0.479248046875 0.5247395833333334 0.0301513671875 0.054524739583333336
0 0.2178955078125 0.14518229166666666 0.0293121337890625 0.0636935763888889
0 0.470947265625 0.2615017361111111 0.0188751220703125 0.06890190972222222
0 0.45263671875 0.5902777777777778 0.0237274169921875 0.057942708333333336
0 0.45361328125 0.2662760416666667 0.023468017578125 0.06597222222222222
0 0.62744140625 0.3617621527777778 0.02276611328125 0.05750868055555555
0 0.31689453125 0.3081597222222222 0.0322265625 0.056640625
0 0.4208984375 0.08382161458333333 0.02044677734375 0.0675998263888889
0 0.65771484375 0.3845486111111111 0.03515625 0.03976779513888889
0 0.5517578125 0.1081814236111111 0.019012451171875 0.06982421875
0 0.314208984375 0.4244791666666667 0.021575927734375 0.06282552083333333
0 0.55078125 0.6427951388888888 0.0256195068359375 0.06548394097222222
0 0.58154296875 0.2384982638888889 0.0295867919921875 0.060384114583333336
0 0.7978515625 0.4344618055555556 0.023284912109375 0.06141493055555555
0 0.35986328125 0.6497395833333334 0.0271759033203125 0.06027560763888889
0 0.70751953125 0.4765625 0.0197906494140625 0.0681423611111111
0 0.83740234375 0.3778211805555556 0.027740478515625 0.06488715277777778
0 0.51171875 0.17252604166666666 0.0241851806640625 0.06461588541666667
0 0.3681640625 0.376953125 0.021820068359375 0.0671115451388889
0 0.453369140625 0.4509548611111111 0.0279083251953125 0.06342230902777778
0 0.80029296875 0.4709201388888889 0.03167724609375 0.057074652777777776
0 0.52392578125 0.4934895833333333 0.0226287841796875 0.05772569444444445
0 0.245849609375 0.1923828125 0.021820068359375 0.055989583333333336
0 0.64501953125 0.24327256944444445 0.0190582275390625 0.06412760416666667
0 0.77490234375 0.4518229166666667 0.0220794677734375 0.059027777777777776
0 0.455810546875 0.1293402777777778 0.02532958984375 0.0537109375
0 0.4150390625 0.2300347222222222 0.027374267578125 0.06450737847222222
0 0.389404296875 0.4969618055555556 0.0304412841796875 0.04684787326388889
0 0.52197265625 0.6206597222222222 0.031494140625 0.05211046006944445
0 0.311767578125 0.7703993055555556 0.0352783203125 0.06016710069444445
0 0.69287109375 0.15983072916666666 0.02001953125 0.0632052951388889
0 0.5126953125 0.5625 0.036773681640625 0.03526475694444445
0 0.37158203125 0.03835720486111111 0.021942138671875 0.06966145833333333
0 0.3701171875 0.1238064236111111 0.0231475830078125 0.0615234375
0 0.650390625 0.3081597222222222 0.0210418701171875 0.061089409722222224
0 0.7265625 0.2593315972222222 0.032958984375 0.045708550347222224
0 0.47412109375 0.3977864583333333 0.0284423828125 0.05935329861111111
0 0.67626953125 0.2821180555555556 0.032958984375 0.0478515625
0 0.70703125 0.40234375 0.0284423828125 0.04519314236111111
0 0.41748046875 0.2955729166666667 0.0177764892578125 0.06787109375
0 0.495849609375 0.392578125 0.0194244384765625 0.07411024305555555
0 0.609375 0.6753472222222222 0.03460693359375 0.05674913194444445
0 0.615234375 0.04172092013888889 0.02056884765625 0.06597222222222222
0 0.828125 0.4127604166666667 0.026702880859375 0.058051215277777776
0 0.400634765625 0.6336805555555556 0.03167724609375 0.048394097222222224
0 0.056640625 0.3383246527777778 0.02447509765625 0.06646050347222222
0 0.935546875 0.4743923611111111 0.03582763671875 0.052300347222222224
0 0.4443359375 0.5338541666666666 0.03448486328125 0.04641384548611111
0 0.170654296875 0.5798611111111112 0.0229339599609375 0.07085503472222222
0 0.52294921875 0.7035590277777778 0.022796630859375 0.06917317708333333
0 0.2476806640625 0.5095486111111112 0.03204345703125 0.049126519097222224
0 0.38916015625 0.3285590277777778 0.03656005859375 0.03160264756944445
0 0.430419921875 0.4034288194444444 0.037750244140625 0.039632161458333336
0 0.044586181640625 0.3893229166666667 0.03436279296875 0.06353081597222222
0 0.0938720703125 0.5815972222222222 0.03759765625 0.04942491319444445
0 0.806640625 0.3834635416666667 0.0246124267578125 0.059733072916666664
0 0.403076171875 0.5520833333333334 0.019866943359375 0.06190321180555555
0 0.5888671875 0.11371527777777778 0.0255126953125 0.05837673611111111
0 0.72705078125 0.3177083333333333 0.0364990234375 0.03770616319444445
0 0.1263427734375 0.0832248263888889 0.0271148681640625 0.0673828125
0 0.9501953125 0.3732638888888889 0.0295867919921875 0.0636935763888889
0 0.7890625 0.24934895833333334 0.0284881591796875 0.0537109375
0 0.31005859375 0.6987847222222222 0.020172119140625 0.0681423611111111
0 0.9208984375 0.3971354166666667 0.039703369140625 0.04758029513888889
0 0.8203125 0.5026041666666666 0.0295867919921875 0.059516059027777776
0 0.3251953125 0.07769097222222222 0.029144287109375 0.054633246527777776
0 0.568359375 0.3802083333333333 0.026702880859375 0.044596354166666664
0 0.344970703125 0.05837673611111111 0.0263519287109375 0.053304036458333336
0 0.52685546875 0.3135850694444444 0.041229248046875 0.036702473958333336
0 0.381591796875 0.5520833333333334 0.018798828125 0.06526692708333333
0 0.734375 0.1499565972222222 0.01971435546875 0.06439887152777778
0 0.919921875 0.443359375 0.032958984375 0.04578993055555555
0 0.2486572265625 0.1343315972222222 0.033477783203125 0.058159722222222224
0 0.65869140625 0.4917534722222222 0.037261962890625 0.03526475694444445
0 0.472900390625 0.7105034722222222 0.03326416015625 0.056206597222222224
0 0.212890625 0.7326388888888888 0.02606201171875 0.06673177083333333
0 0.76611328125 0.15787760416666666 0.0216217041015625 0.06222873263888889
0 0.280517578125 0.17100694444444445 0.03948974609375 0.03976779513888889
0 0.459228515625 0.6888020833333334 0.024993896484375 0.060601128472222224
0 0.461669921875 0.08121744791666667 0.034423828125 0.04275173611111111
0 0.71240234375 0.15733506944444445 0.0252685546875 0.06624348958333333
0 0.140625 0.1812065972222222 0.03656005859375 0.0556640625
0 0.18701171875 0.5529513888888888 0.0236053466796875 0.06477864583333333
0 0.62255859375 0.4717881944444444 0.016845703125 0.06559244791666667
0 0.50830078125 0.4644097222222222 0.017578125 0.06005859375
0 0.17919921875 0.1391059027777778 0.039276123046875 0.040690104166666664
0 0.295654296875 0.3891059027777778 0.0203399658203125 0.053412543402777776
0 0.92919921875 0.5707465277777778 0.0228424072265625 0.06684027777777778
0 0.85986328125 0.3023003472222222 0.037200927734375 0.045111762152777776
0 0.65771484375 0.34375 0.03436279296875 0.039469401041666664
0 0.68603515625 0.24110243055555555 0.03436279296875 0.042914496527777776
0 0.85107421875 0.7217881944444444 0.0386962890625 0.04334852430555555
0 0.294921875 0.6458333333333334 0.02288818359375 0.0675998263888889
0 0.0966796875 0.4151475694444444 0.0285491943359375 0.0661349826388889
0 0.66552734375 0.1831597222222222 0.033599853515625 0.04212782118055555
0 0.7568359375 0.5182291666666666 0.03515625 0.047932942708333336
0 0.77490234375 0.6631944444444444 0.020721435546875 0.06190321180555555
0 0.66162109375 0.1567925347222222 0.039794921875 0.04587131076388889
0 0.52197265625 0.044921875 0.0299835205078125 0.052300347222222224
0 0.72216796875 0.7018229166666666 0.0192413330078125 0.06353081597222222
0 0.75 0.4891493055555556 0.040618896484375 0.042182074652777776
0 0.086181640625 0.142578125 0.03448486328125 0.06190321180555555
0 0.1513671875 0.66015625 0.030792236328125 0.05577256944444445
0 0.58251953125 0.4891493055555556 0.03448486328125 0.032416449652777776
0 0.33935546875 0.20052083333333334 0.03515625 0.037760416666666664
0 0.024749755859375 0.5221354166666666 0.0318603515625 0.05300564236111111
0 0.8896484375 0.2025824652777778 0.02288818359375 0.0681423611111111
0 0.572265625 0.058268229166666664 0.03594970703125 0.04416232638888889
0 0.1756591796875 0.19129774305555555 0.03839111328125 0.0783962673611111
0 0.720703125 0.08306206597222222 0.0325927734375 0.05555555555555555
0 0.77490234375 0.13509114583333334 0.0241851806640625 0.06749131944444445
0 0.70166015625 0.027940538194444444 0.0196380615234375 0.051812065972222224
0 0.256103515625 0.08995225694444445 0.026702880859375 0.056315104166666664
0 0.280517578125 0.09217664930555555 0.029876708984375 0.05392795138888889
0 0.630859375 0.7473958333333334 0.020721435546875 0.0661349826388889
0 0.0150146484375 0.4012586805555556 0.0293731689453125 0.058051215277777776
0 0.61865234375 0.1203342013888889 0.02203369140625 0.04893663194444445
0 0.171142578125 0.7994791666666666 0.037750244140625 0.0498046875
0 0.69287109375 0.09423828125 0.0364990234375 0.03805881076388889
0 0.9501953125 0.5282118055555556 0.03753662109375 0.055365668402777776
0 0.05291748046875 0.1081814236111111 0.033203125 0.05270724826388889
0 0.240966796875 0.038140190972222224 0.0216522216796875 0.05392795138888889
0 0.438232421875 0.4952256944444444 0.019378662109375 0.05319552951388889
0 0.0109375 0.10231481481481482 0.021875 0.0712962962962963
0 0.145263671875 0.09033203125 0.0266571044921875 0.07112630208333333
0 0.92626953125 0.2230902777777778 0.0254669189453125 0.06559244791666667
0 0.9228515625 0.3546006944444444 0.041778564453125 0.041802300347222224
0 0.388916015625 0.2764756944444444 0.0312042236328125 0.03819444444444445
0 0.347900390625 0.2860243055555556 0.0199127197265625 0.05577256944444445
0 0.857421875 0.2341579861111111 0.029754638671875 0.05577256944444445
0 0.185302734375 0.0988498263888889 0.038909912109375 0.044514973958333336
0 0.6240234375 0.2825520833333333 0.0300445556640625 0.05685763888888889
0 0.890625 0.8515625 0.0273284912109375 0.057291666666666664
0 0.304931640625 0.037543402777777776 0.03155517578125 0.05319552951388889
0 0.79150390625 0.7673611111111112 0.038970947265625 0.035725911458333336
0 0.040252685546875 0.060492621527777776 0.039703369140625 0.04684787326388889
0 0.9013671875 0.2983940972222222 0.0379638671875 0.037923177083333336
0 0.294677734375 0.13096788194444445 0.037811279296875 0.038140190972222224
0 0.8154296875 0.3207465277777778 0.03131103515625 0.04554578993055555
0 0.86181640625 0.765625 0.038238525390625 0.03512912326388889
0 0.08465576171875 0.10069444444444445 0.04486083984375 0.06526692708333333
0 0.64013671875 0.034993489583333336 0.0268096923828125 0.05848524305555555
0 0.318359375 0.8194444444444444 0.035614013671875 0.03439670138888889
0 0.7080078125 0.6488715277777778 0.037261962890625 0.041069878472222224
0 0.08123779296875 0.7534722222222222 0.03582763671875 0.04163953993055555
0 0.0154266357421875 0.19129774305555555 0.0305023193359375 0.039252387152777776
0 0.307373046875 0.3572048611111111 0.03277587890625 0.053412543402777776
0 0.1680908203125 0.7630208333333334 0.044281005859375 0.03615993923611111
0 0.6669921875 0.7743055555555556 0.03656005859375 0.03634982638888889
0 0.7626953125 0.7973090277777778 0.021087646484375 0.059733072916666664
0 0.95703125 0.24110243055555555 0.038543701171875 0.04527452256944445
0 0.02276611328125 0.2684461805555556 0.0386962890625 0.043267144097222224
0 0.9111328125 0.1713324652777778 0.028106689453125 0.05870225694444445
0 0.89599609375 0.7291666666666666 0.040679931640625 0.03309461805555555
0 0.52392578125 0.12358940972222222 0.03302001953125 0.03748914930555555
0 0.78369140625 0.3142361111111111 0.03240966796875 0.04847547743055555
0 0.1966552734375 0.6618923611111112 0.03662109375 0.04275173611111111
0 0.197021484375 0.8003472222222222 0.0222015380859375 0.06201171875
0 0.9716796875 0.6063368055555556 0.0252227783203125 0.05783420138888889
0 0.01983642578125 0.6948784722222222 0.036712646484375 0.051812065972222224
0 0.81787109375 0.1086154513888889 0.0263519287109375 0.0715603298611111
0 0.98486328125 0.2951388888888889 0.027069091796875 0.0498046875
0 0.146728515625 0.04416232638888889 0.024749755859375 0.04831271701388889
0 0.55908203125 0.81640625 0.0312042236328125 0.03870985243055555
0 0.97509765625 0.2282986111111111 0.03460693359375 0.04649522569444445
0 0.88525390625 0.8125 0.027587890625 0.06331380208333333
0 0.67431640625 0.0673828125 0.0261077880859375 0.04001193576388889
0 0.85498046875 0.1083984375 0.0240936279296875 0.068359375
0 0.07574462890625 0.053412543402777776 0.040771484375 0.041558159722222224
0 0.86279296875 0.17252604166666666 0.0297088623046875 0.06624348958333333
0 0.9111328125 0.2573784722222222 0.036712646484375 0.0537109375
0 0.09088134765625 0.2571614583333333 0.03790283203125 0.06461588541666667
0 0.220458984375 0.4605034722222222 0.038116455078125 0.05848524305555555
0 0.81591796875 0.2847222222222222 0.03179931640625 0.03762478298611111
0 0.9228515625 0.11371527777777778 0.033843994140625 0.050835503472222224
0 0.369140625 0.8324652777777778 0.0243377685546875 0.06787109375
0 0.53515625 0.4487847222222222 0.0287628173828125 0.032470703125
0 0.1285400390625 0.6176215277777778 0.0325927734375 0.029730902777777776
0 0.14794921875 0.7022569444444444 0.0482177734375 0.03586154513888889
0 0.79638671875 0.21158854166666666 0.0299835205078125 0.053521050347222224
0 0.1689453125 0.3552517361111111 0.03143310546875 0.05514865451388889
0 0.06488037109375 0.4704861111111111 0.0276336669921875 0.06944444444444445
0 0.07080078125 0.6940104166666666 0.04083251953125 0.060601128472222224
0 0.98388671875 0.1923828125 0.03021240234375 0.05495876736111111
0 0.2425537109375 0.77734375 0.034027099609375 0.038872612847222224
0 0.83740234375 0.1923828125 0.0194549560546875 0.048665364583333336
0 0.8818359375 0.10877821180555555 0.03192138671875 0.058919270833333336
0 0.68603515625 0.9244791666666666 0.0274810791015625 0.06212022569444445
0 0.049957275390625 0.4900173611111111 0.0247039794921875 0.0661349826388889
0 0.289306640625 0.5368923611111112 0.0240020751953125 0.045979817708333336
0 0.958984375 0.1486545138888889 0.046478271484375 0.045111762152777776
0 0.70263671875 0.5611979166666666 0.0200653076171875 0.051513671875
0 0.1328125 0.029730902777777776 0.0290374755859375 0.048394097222222224
0 0.20260416666666667 0.019444444444444445 0.03958333333333333 0.03888888888888889
0 0.95361328125 0.18033854166666666 0.038604736328125 0.03895399305555555
0 0.95361328125 0.06477864583333333 0.0290374755859375 0.0695529513888889
0 0.8154296875 0.18348524305555555 0.0273284912109375 0.0625
0 0.09185791015625 0.2094184027777778 0.035614013671875 0.057291666666666664
0 0.219482421875 0.2834201388888889 0.02191162109375 0.05113389756944445
0 0.751953125 0.8671875 0.0206451416015625 0.06439887152777778
0 0.98193359375 0.10145399305555555 0.03216552734375 0.043158637152777776
0 0.03802083333333333 0.019444444444444445 0.03229166666666667 0.03888888888888889
0 0.8095703125 0.9140625 0.039642333984375 0.044921875
0 0.1536865234375 0.5902777777777778 0.021484375 0.049614800347222224
0 0.04742431640625 0.8819444444444444 0.033721923828125 0.05056423611111111
0 0.8049479166666667 0.018518518518518517 0.0171875 0.037037037037037035
0 0.79443359375 0.14463975694444445 0.0192413330078125 0.046332465277777776
0 0.7463541666666667 0.015277777777777777 0.028125 0.030555555555555555
0 0.042633056640625 0.2182074652777778 0.035888671875 0.03518337673611111
0 0.28076171875 0.3387586805555556 0.0325927734375 0.03439670138888889
0 0.2137451171875 0.23697916666666666 0.019683837890625 0.050455729166666664
0 0.89697265625 0.05392795138888889 0.03656005859375 0.051025390625
0 0.0119171142578125 0.82421875 0.023651123046875 0.0632052951388889
0 0.18212890625 0.04543728298611111 0.0215301513671875 0.03420681423611111
0 0.1251220703125 0.4552951388888889 0.043609619140625 0.03379991319444445
0 0.9890625 0.825462962962963 0.021875 0.03611111111111111
0 0.07080078125 0.8559027777777778 0.035736083984375 0.05935329861111111
0 0.43115234375 0.7348090277777778 0.027374267578125 0.035454644097222224
0 0.7890625 0.6254340277777778 0.0208892822265625 0.04408094618055555
0 0.53984375 0.015277777777777777 0.018229166666666668 0.030555555555555555
0 0.00815582275390625 0.546875 0.0153045654296875 0.06380208333333333
0 0.09844970703125 0.014607747395833334 0.0213623046875 0.028618706597222224
0 0.71240234375 0.9314236111111112 0.01678466796875 0.041069878472222224
0 0.0360107421875 0.45703125 0.0276336669921875 0.04641384548611111
0 0.7431640625 0.9626736111111112 0.0391845703125 0.04342990451388889
0 0.07135009765625 0.9435763888888888 0.037200927734375 0.029486762152777776
0 0.12347412109375 0.9453125 0.0285491943359375 0.0673828125
0 0.028594970703125 0.9383680555555556 0.035736083984375 0.032904730902777776
0 0.6318359375 0.9652777777777778 0.03790283203125 0.06526692708333333
0 0.1175537109375 0.4769965277777778 0.047943115234375 0.033040364583333336
0 0.59765625 0.9461805555555556 0.037750244140625 0.04942491319444445
0 0.363037109375 0.9305555555555556 0.038330078125 0.03453233506944445
0 0.88818359375 0.9036458333333334 0.0411376953125 0.036702473958333336
0 0.287353515625 0.8467881944444444 0.0306243896484375 0.047037760416666664
0 0.257080078125 0.8858506944444444 0.0260009765625 0.051432291666666664
0 0.1007080078125 0.8663194444444444 0.033782958984375 0.03445095486111111
0 0.9955729166666667 0.5324074074074074 0.008854166666666666 0.027777777777777776
0 0.8690104166666667 0.9824074074074074 0.034895833333333334 0.03518518518518519
0 0.9950520833333333 0.9416666666666667 0.009895833333333333 0.02962962962962963
0 0.26123046875 0.9809027777777778 0.0282745361328125 0.028266059027777776
0 0.53369140625 0.9696180555555556 0.0310821533203125 0.059027777777777776