0 0.487760 0.560185 0.027604 0.055556
0 0.335156 0.593981 0.022396 0.067593
0 0.474479 0.495370 0.033333 0.050000
0 0.663802 0.309722 0.029687 0.056481
0 0.514844 0.450000 0.025521 0.062963
0 0.716406 0.393056 0.031771 0.060185
0 0.622396 0.345833 0.030208 0.056481
0 0.195052 0.165278 0.023438 0.063889
0 0.485417 0.264352 0.031250 0.062037
0 0.702344 0.434259 0.022396 0.059259
0 0.620313 0.506481 0.023958 0.064815
0 0.171094 0.741667 0.025521 0.066667
0 0.481771 0.633333 0.032292 0.057407
0 0.294271 0.641667 0.023958 0.066667
0 0.136719 0.767130 0.030729 0.063889
0 0.195573 0.654167 0.031771 0.045370
0 0.759635 0.358796 0.033854 0.052778
0 0.695573 0.134259 0.019271 0.064815
0 0.585156 0.374074 0.029687 0.051852
0 0.248698 0.141204 0.028646 0.060185
0 0.617448 0.287500 0.027604 0.058333
0 0.283594 0.082870 0.020313 0.065741
0 0.366146 0.186111 0.021875 0.064815
0 0.449479 0.551852 0.034375 0.046296
0 0.632031 0.468981 0.030729 0.058333
0 0.267448 0.368519 0.031771 0.061111
0 0.551562 0.570833 0.036458 0.036111
0 0.625521 0.559722 0.031250 0.049074
0 0.556250 0.482870 0.037500 0.043519
0 0.653646 0.368981 0.028125 0.052778
0 0.309115 0.094907 0.022396 0.063889
0 0.594531 0.247685 0.029687 0.052778
0 0.214062 0.160185 0.020833 0.064815
0 0.193490 0.573611 0.039062 0.050926
0 0.338542 0.124074 0.033333 0.050000
0 0.675521 0.133333 0.016667 0.062963
0 0.657031 0.244444 0.019271 0.064815
0 0.478906 0.691204 0.032813 0.060185
0 0.110937 0.807407 0.027083 0.068519
0 0.570573 0.351852 0.021354 0.064815
0 0.707031 0.244444 0.020313 0.053704
0 0.778125 0.437500 0.023958 0.069444
0 0.581250 0.288426 0.026042 0.054630
0 0.827344 0.330093 0.022396 0.062037
0 0.530469 0.243519 0.019271 0.066667
0 0.102604 0.075926 0.030208 0.057407
0 0.242708 0.551852 0.039583 0.033333
0 0.158073 0.806481 0.025521 0.064815
0 0.837240 0.368056 0.027604 0.050926
0 0.346875 0.668981 0.018750 0.067593
0 0.709375 0.066204 0.017708 0.067593
0 0.155208 0.459722 0.037500 0.054630
0 0.056510 0.583796 0.030729 0.060185
0 0.116406 0.490278 0.032813 0.069444
0 0.194271 0.813426 0.023958 0.067593
0 0.455469 0.111111 0.034896 0.046296
0 0.214844 0.342593 0.039062 0.038889
0 0.259115 0.699537 0.021354 0.065741
0 0.666406 0.510185 0.020313 0.064815
0 0.385677 0.036111 0.020313 0.070370
0 0.295833 0.302778 0.036458 0.050000
0 0.717187 0.524074 0.035417 0.033333
0 0.257031 0.817130 0.024479 0.067593
0 0.311979 0.387500 0.036458 0.045370
0 0.520833 0.376389 0.035417 0.034259
0 0.748698 0.453241 0.034896 0.045370
0 0.711719 0.183333 0.035937 0.055556
0 0.352344 0.279167 0.036979 0.036111
0 0.757552 0.250926 0.032813 0.050000
0 0.213802 0.243981 0.022396 0.058333
0 0.396615 0.668981 0.033854 0.034259
0 0.748698 0.546759 0.032813 0.036111
0 0.631510 0.144444 0.018229 0.064815
0 0.904687 0.232407 0.025000 0.062963
0 0.329688 0.718056 0.033333 0.049074
0 0.061719 0.473611 0.031771 0.069444
0 0.262240 0.029167 0.023438 0.056481
0 0.193490 0.727778 0.026562 0.061111
0 0.425521 0.628704 0.036458 0.033333
0 0.117708 0.193981 0.029167 0.073148
0 0.065104 0.705093 0.021875 0.063889
0 0.412760 0.512037 0.030729 0.051852
0 0.723177 0.116667 0.032813 0.061111
0 0.314844 0.567593 0.019271 0.061111
0 0.383333 0.535185 0.030208 0.051852
0 0.086458 0.685648 0.030208 0.063889
0 0.542708 0.425926 0.036458 0.040741
0 0.701823 0.631019 0.027604 0.062037
0 0.277083 0.514815 0.039583 0.050000
0 0.531510 0.327778 0.021354 0.061111
0 0.045312 0.338426 0.034375 0.052778
0 0.035937 0.153241 0.037500 0.060185
0 0.447396 0.461574 0.017708 0.067593
0 0.045052 0.238426 0.030729 0.065741
0 0.220833 0.737037 0.037500 0.035185
0 0.843490 0.731019 0.021354 0.056481
0 0.683854 0.561574 0.021875 0.043519
0 0.433333 0.516667 0.022917 0.061111
0 0.523177 0.126389 0.033854 0.052778
0 0.275260 0.161111 0.040104 0.046296
0 0.380729 0.330093 0.025000 0.065741
0 0.022917 0.530556 0.031250 0.064815
0 0.126562 0.356481 0.030208 0.068519
0 0.685677 0.505093 0.017188 0.062037
0 0.958594 0.478704 0.034896 0.044444
0 0.912500 0.326852 0.031250 0.042593
0 0.763281 0.488889 0.039062 0.044444
0 0.521354 0.174074 0.036458 0.044444
0 0.112500 0.676852 0.038542 0.057407
0 0.386979 0.432870 0.035417 0.041667
0 0.025781 0.697222 0.034896 0.050000
0 0.886719 0.367130 0.020313 0.060185
0 0.049219 0.406481 0.035937 0.037037
0 0.756250 0.816667 0.031250 0.040741
0 0.366406 0.085185 0.025521 0.062963
0 0.164583 0.387963 0.028125 0.059259
0 0.740885 0.500000 0.040104 0.037037
0 0.397917 0.475463 0.037500 0.034259
0 0.492188 0.045370 0.023958 0.059259
0 0.256771 0.088889 0.023958 0.051852
0 0.967969 0.408333 0.026562 0.064815
0 0.517448 0.648611 0.029687 0.060185
0 0.929427 0.124074 0.019271 0.074074
0 0.796615 0.252778 0.023438 0.061111
0 0.677865 0.664815 0.038021 0.042593
0 0.435677 0.592593 0.034896 0.035185
0 0.240365 0.038426 0.019271 0.054630
0 0.661458 0.781944 0.036458 0.039815
0 0.889844 0.297222 0.035937 0.037037
0 0.881771 0.064815 0.022917 0.061111
0 0.550000 0.287037 0.026042 0.057407
0 0.916406 0.380093 0.034896 0.034259
0 0.169792 0.288426 0.035417 0.050926
0 0.210156 0.465741 0.040104 0.048148
0 0.185938 0.608796 0.035417 0.047222
0 0.783854 0.222222 0.035417 0.053704
0 0.504948 0.220833 0.034896 0.036111
0 0.888542 0.206481 0.025000 0.061111
0 0.368750 0.833796 0.018750 0.067593
0 0.550000 0.358796 0.022917 0.065741
0 0.629167 0.752778 0.017708 0.068519
0 0.554948 0.040741 0.034896 0.050000
0 0.489844 0.449074 0.020313 0.066667
0 0.075521 0.801389 0.031250 0.065741
0 0.826823 0.060648 0.029687 0.056481
0 0.769271 0.775000 0.035417 0.051852
0 0.598958 0.846759 0.017708 0.063889
0 0.861458 0.187037 0.031250 0.048148
0 0.562240 0.188426 0.034896 0.043519
0 0.131250 0.074074 0.034375 0.048148
0 0.803385 0.130556 0.023438 0.088889
0 0.201823 0.074074 0.038021 0.033333
0 0.163802 0.877778 0.032813 0.061111
0 0.900000 0.805556 0.038542 0.031481
0 0.919271 0.247222 0.028125 0.061111
0 0.411458 0.575926 0.018750 0.050000
0 0.870313 0.404630 0.027083 0.053704
0 0.640885 0.877315 0.020313 0.063889
0 0.896615 0.161111 0.030729 0.046296
0 0.738542 0.752315 0.028125 0.034259
0 0.559375 0.812963 0.030208 0.033333
0 0.311458 0.035648 0.029167 0.047222
0 0.344531 0.057870 0.023438 0.052778
0 0.042448 0.782870 0.042188 0.036111
0 0.511979 0.719444 0.019792 0.072222
0 0.936719 0.256019 0.019271 0.065741
0 0.073958 0.034722 0.031250 0.054630
0 0.160677 0.097222 0.032813 0.044444
0 0.791927 0.768519 0.034896 0.042593
0 0.048698 0.101389 0.040104 0.050926
0 0.131771 0.028241 0.029167 0.050926
0 0.237240 0.086111 0.029687 0.040741
0 0.778125 0.189815 0.036458 0.044444
0 0.197656 0.020370 0.041146 0.038889
0 0.789583 0.026852 0.020833 0.051852
0 0.989062 0.438889 0.021875 0.066667
0 0.182812 0.101852 0.029167 0.046296
0 0.788281 0.649074 0.033854 0.035185
0 0.862240 0.810185 0.035937 0.035185
0 0.922396 0.055093 0.034375 0.039815
0 0.959635 0.162037 0.022396 0.057407
0 0.011198 0.448611 0.021354 0.054630
0 0.893750 0.725000 0.032292 0.057407
0 0.923958 0.739815 0.034375 0.055556
0 0.947656 0.184722 0.032813 0.047222
0 0.137240 0.886574 0.035937 0.043519
0 0.749740 0.059259 0.026562 0.057407
0 0.971875 0.264352 0.037500 0.041667
0 0.052604 0.283333 0.033333 0.035185
0 0.701042 0.932407 0.021875 0.064815
0 0.041406 0.062500 0.041146 0.045370
0 0.979688 0.102315 0.036458 0.043519
0 0.598437 0.903241 0.037500 0.043519
0 0.764323 0.106944 0.041146 0.034259
0 0.384115 0.879167 0.019271 0.069444
0 0.837500 0.154630 0.042708 0.038889
0 0.086979 0.251852 0.042708 0.072222
0 0.765885 0.137500 0.038021 0.032407
0 0.013542 0.331019 0.026042 0.058333
0 0.727604 0.220833 0.019792 0.056481
0 0.673177 0.066204 0.022396 0.039815
0 0.595313 0.033796 0.041667 0.041667
0 0.983594 0.186111 0.027604 0.038889
0 0.973437 0.607407 0.028125 0.061111
0 0.593490 0.951852 0.020313 0.059259
0 0.767188 0.165741 0.037500 0.035185
0 0.862760 0.225463 0.033854 0.039815
0 0.808854 0.907407 0.039583 0.040741
0 0.776563 0.082407 0.039583 0.042593
0 0.012240 0.052315 0.023438 0.037963
0 0.089063 0.199074 0.036458 0.038889
0 0.560677 0.643981 0.038021 0.049074
0 0.468750 0.876389 0.028125 0.062037
0 0.009635 0.165278 0.018229 0.069444
0 0.182292 0.043981 0.022917 0.032407
0 0.821875 0.220370 0.028125 0.068519
0 0.981771 0.323148 0.034375 0.044444
0 0.431510 0.734259 0.027604 0.035185
0 0.013021 0.498611 0.025000 0.045370
0 0.219271 0.773148 0.022917 0.044444
0 0.508854 0.869907 0.025000 0.036111
0 0.767188 0.979630 0.041667 0.037037
0 0.034375 0.457407 0.023958 0.044444
0 0.896354 0.878241 0.035417 0.039815
0 0.732552 0.950926 0.017188 0.059259
0 0.036979 0.203704 0.028125 0.044444
0 0.081510 0.937963 0.034896 0.040741
0 0.851823 0.986111 0.031771 0.027778
0 0.994010 0.530556 0.011979 0.033333
0 0.109115 0.537500 0.018229 0.028704
0 0.118229 0.877315 0.026042 0.041667
0 0.620313 0.968056 0.037500 0.049074
0 0.323177 0.897222 0.033854 0.035185
0 0.977865 0.881019 0.038021 0.043519
0 0.732812 0.980093 0.029167 0.034259
0 0.885417 0.902315 0.030208 0.030556
0 0.398438 0.958796 0.021875 0.067593
0 0.440885 0.853241 0.022396 0.030556
0 0.256771 0.885648 0.026042 0.054630
0 0.991927 0.956019 0.015104 0.025000
0 0.461979 0.160185 0.037500 0.055556
0 0.486979 0.133333 0.041667 0.046296
0 0.497396 0.085648 0.023958 0.073148
0 0.516927 0.021296 0.020313 0.040741
0 0.584635 0.154167 0.022396 0.067593
0 0.600521 0.191667 0.041667 0.048148
0 0.648698 0.102315 0.022396 0.065741
0 0.618490 0.118056 0.021354 0.047222
0 0.639062 0.213426 0.029167 0.054630
0 0.519271 0.091667 0.025000 0.046296
0 0.147135 0.048148 0.024479 0.048148
0 0.053385 0.138426 0.023438 0.039815
0 0.052865 0.013426 0.042188 0.025000
0 0.047135 0.039815 0.022396 0.037037
0 0.078385 0.118981 0.017188 0.047222
0 0.068490 0.085185 0.021354 0.048148
0 0.011198 0.393056 0.021354 0.049074
0 0.223958 0.976852 0.015625 0.020370
0 0.371875 0.981944 0.021875 0.036111
0 0.464062 0.937500 0.021875 0.052778
0 0.845052 0.313426 0.035937 0.073148
0 0.984375 0.174074 0.031250 0.050000
0 0.977865 0.219444 0.020313 0.038889
0 0.820052 0.125000 0.019271 0.035185
0 0.571354 0.053241 0.039583 0.032407
0 0.027344 0.108796 0.018229 0.032407
0 0.462760 0.006481 0.015104 0.011111
0 0.533594 0.007407 0.013021 0.012963
