0 0.510417 0.609722 0.031250 0.056481
0 0.746875 0.431944 0.026042 0.060185
0 0.458594 0.380093 0.031771 0.052778
0 0.389323 0.228241 0.026562 0.065741
0 0.727865 0.390278 0.021354 0.058333
0 0.617969 0.695833 0.029687 0.060185
0 0.436458 0.582407 0.034375 0.042593
0 0.703385 0.233333 0.023438 0.062963
0 0.363802 0.140278 0.025521 0.062037
0 0.223177 0.197685 0.023438 0.067593
0 0.390885 0.595370 0.027604 0.051852
0 0.088802 0.148148 0.024479 0.072222
0 0.634375 0.645833 0.033333 0.049074
0 0.679948 0.575000 0.027604 0.050000
0 0.677083 0.511574 0.019792 0.067593
0 0.162500 0.151852 0.028125 0.061111
0 0.243490 0.613889 0.035937 0.053704
0 0.237240 0.061574 0.020313 0.071296
0 0.716927 0.552778 0.024479 0.057407
0 0.725781 0.205556 0.026562 0.062963
0 0.277865 0.542593 0.031771 0.055556
0 0.764323 0.360185 0.027604 0.048148
0 0.375000 0.325926 0.023958 0.064815
0 0.235417 0.163426 0.023958 0.067593
0 0.511458 0.220833 0.030208 0.054630
0 0.131771 0.086574 0.027083 0.065741
0 0.921615 0.492130 0.036979 0.049074
0 0.352344 0.197685 0.031771 0.049074
0 0.570573 0.595833 0.024479 0.056481
0 0.197656 0.189815 0.029687 0.066667
0 0.144792 0.267593 0.032292 0.053704
0 0.510417 0.527315 0.026042 0.060185
0 0.868229 0.481481 0.026042 0.061111
0 0.835156 0.334722 0.034896 0.052778
0 0.193750 0.528241 0.035417 0.049074
0 0.620833 0.418981 0.028125 0.052778
0 0.553385 0.160185 0.026562 0.068519
0 0.400260 0.286111 0.032813 0.046296
0 0.602083 0.603241 0.030208 0.056481
0 0.579427 0.535648 0.018229 0.063889
0 0.520312 0.486111 0.020833 0.064815
0 0.290625 0.247685 0.034375 0.052778
0 0.276823 0.592593 0.033854 0.044444
0 0.346094 0.062037 0.027604 0.057407
0 0.804427 0.425000 0.028646 0.057407
0 0.189062 0.157870 0.032292 0.060185
0 0.299479 0.541204 0.023958 0.060185
0 0.484635 0.345833 0.035937 0.039815
0 0.782552 0.411111 0.019271 0.061111
0 0.473177 0.268519 0.036979 0.042593
0 0.503646 0.316667 0.032292 0.046296
0 0.276823 0.101852 0.025521 0.062963
0 0.544010 0.640278 0.036979 0.037963
0 0.324740 0.480093 0.034896 0.049074
0 0.440885 0.518981 0.029687 0.043519
0 0.299219 0.199537 0.038021 0.047222
0 0.893229 0.379630 0.030208 0.055556
0 0.756510 0.134722 0.030729 0.058333
0 0.530469 0.167130 0.020313 0.067593
0 0.530208 0.430093 0.037500 0.037963
0 0.157812 0.635648 0.030208 0.062037
0 0.744010 0.341204 0.019271 0.060185
0 0.767188 0.292593 0.032292 0.059259
0 0.742969 0.549537 0.019271 0.062037
0 0.423698 0.329630 0.018229 0.064815
0 0.526042 0.287963 0.036458 0.038889
0 0.339323 0.422222 0.038021 0.038889
0 0.370833 0.417593 0.018750 0.066667
0 0.914583 0.570833 0.033333 0.060185
0 0.500781 0.096759 0.020313 0.065741
0 0.551042 0.461111 0.032292 0.042593
0 0.827344 0.306944 0.031771 0.054630
0 0.638802 0.391204 0.021354 0.067593
0 0.405208 0.191204 0.035417 0.047222
0 0.682292 0.135648 0.022917 0.062037
0 0.922917 0.263426 0.035417 0.056481
0 0.359896 0.485648 0.017708 0.063889
0 0.911458 0.671296 0.037500 0.044444
0 0.151562 0.686574 0.031250 0.062037
0 0.755469 0.781019 0.025521 0.060185
0 0.285677 0.487963 0.038021 0.042593
0 0.861458 0.179167 0.029167 0.060185
0 0.232292 0.507407 0.036458 0.040741
0 0.038281 0.150000 0.032813 0.070370
0 0.890365 0.682870 0.040104 0.047222
0 0.923177 0.193519 0.022396 0.068519
0 0.108854 0.612037 0.021875 0.070370
0 0.856510 0.523611 0.026562 0.047222
0 0.767969 0.851389 0.027604 0.062037
0 0.219531 0.450926 0.038021 0.053704
0 0.655469 0.141204 0.028646 0.060185
0 0.339323 0.589352 0.029687 0.056481
0 0.791406 0.834722 0.026562 0.063889
0 0.967969 0.373611 0.031771 0.060185
0 0.296615 0.752778 0.031771 0.062963
0 0.226042 0.477778 0.035417 0.050000
0 0.351302 0.543519 0.027604 0.051852
0 0.193229 0.775463 0.025000 0.065741
0 0.769271 0.591204 0.036458 0.043519
0 0.800521 0.075926 0.033333 0.048148
0 0.369271 0.611574 0.018750 0.058333
0 0.013542 0.114815 0.026042 0.062963
0 0.073698 0.208333 0.034896 0.053704
0 0.470833 0.547685 0.017708 0.065741
0 0.179427 0.243056 0.031771 0.049074
0 0.380990 0.513889 0.032813 0.044444
0 0.865104 0.084259 0.027083 0.057407
0 0.575000 0.031019 0.017708 0.060185
0 0.179167 0.690278 0.029167 0.058333
0 0.631510 0.506944 0.025521 0.041667
0 0.166146 0.423148 0.039583 0.038889
0 0.122135 0.039352 0.030729 0.058333
0 0.844010 0.641667 0.036979 0.050000
0 0.435417 0.794907 0.018750 0.065741
0 0.487500 0.531481 0.017708 0.062963
0 0.597396 0.656944 0.032292 0.034259
0 0.743750 0.878704 0.035417 0.037037
0 0.239844 0.256481 0.039062 0.046296
0 0.083333 0.240741 0.032292 0.061111
0 0.104948 0.709722 0.034896 0.037963
0 0.207292 0.748611 0.025000 0.058333
0 0.705469 0.063426 0.025521 0.054630
0 0.484635 0.762963 0.039062 0.050000
0 0.127083 0.136574 0.037500 0.047222
0 0.288802 0.286111 0.021354 0.051852
0 0.175260 0.079630 0.039062 0.042593
0 0.619010 0.345833 0.032813 0.037963
0 0.676042 0.414815 0.026042 0.066667
0 0.224740 0.721759 0.025521 0.063889
0 0.600781 0.516204 0.031771 0.032407
0 0.261979 0.770370 0.032292 0.038889
0 0.132031 0.667593 0.027604 0.048148
0 0.908073 0.400463 0.023438 0.060185
0 0.746875 0.630093 0.027083 0.062037
0 0.643229 0.087963 0.036458 0.048148
0 0.144271 0.367593 0.034375 0.035185
0 0.617708 0.808333 0.030208 0.064815
0 0.235417 0.287500 0.039583 0.041667
0 0.074479 0.053704 0.023958 0.066667
0 0.103125 0.754630 0.043750 0.038889
0 0.518229 0.834722 0.025000 0.071296
0 0.543229 0.570370 0.017708 0.068519
0 0.112240 0.325463 0.030729 0.063889
0 0.177083 0.319907 0.034375 0.032407
0 0.133854 0.226389 0.043750 0.039815
0 0.138542 0.341667 0.038542 0.040741
0 0.813281 0.142130 0.033854 0.052778
0 0.758594 0.068056 0.032813 0.054630
0 0.326562 0.103241 0.034375 0.052778
0 0.750781 0.719907 0.021354 0.054630
0 0.600260 0.029167 0.017188 0.056481
0 0.543750 0.034722 0.036458 0.039815
0 0.954688 0.206019 0.039583 0.045370
0 0.055729 0.568981 0.035417 0.063889
0 0.953906 0.334722 0.023438 0.063889
0 0.758854 0.244907 0.036458 0.043519
0 0.842448 0.252778 0.036979 0.048148
0 0.631250 0.145370 0.037500 0.040741
0 0.505990 0.020833 0.035937 0.036111
0 0.805469 0.932870 0.040104 0.045370
0 0.510417 0.056944 0.036458 0.041667
0 0.808333 0.227315 0.035417 0.037963
0 0.731250 0.751852 0.030208 0.055556
0 0.468229 0.819907 0.036458 0.037963
0 0.837240 0.193519 0.022396 0.050000
0 0.378646 0.054630 0.037500 0.042593
0 0.317448 0.354167 0.035937 0.036111
0 0.321354 0.697685 0.038542 0.041667
0 0.082031 0.412500 0.043229 0.036111
0 0.892188 0.132407 0.033333 0.057407
0 0.934635 0.934722 0.030729 0.043519
0 0.066146 0.025926 0.033333 0.050000
0 0.984635 0.296296 0.027604 0.055556
0 0.577344 0.824074 0.026562 0.046296
0 0.158594 0.024074 0.043229 0.040741
0 0.942708 0.143981 0.023958 0.065741
0 0.128906 0.722685 0.025521 0.065741
0 0.135677 0.400000 0.031771 0.044444
0 0.065104 0.814815 0.038542 0.050000
0 0.031771 0.091204 0.022917 0.056481
0 0.596094 0.904167 0.020313 0.060185
0 0.763021 0.925463 0.017708 0.062037
0 0.305990 0.788889 0.028646 0.037037
0 0.979688 0.087500 0.023958 0.054630
0 0.988281 0.223611 0.023438 0.045370
0 0.980729 0.717593 0.028125 0.055556
0 0.453385 0.700463 0.036979 0.039815
0 0.033854 0.276852 0.031250 0.068519
0 0.899479 0.924537 0.036458 0.041667
0 0.819531 0.725926 0.023438 0.068519
0 0.071094 0.470370 0.045312 0.033333
0 0.891406 0.816204 0.021354 0.067593
0 0.884375 0.230093 0.048958 0.056481
0 0.101562 0.022685 0.026042 0.043519
0 0.182552 0.044444 0.023438 0.040741
0 0.338281 0.378704 0.018229 0.046296
0 0.354427 0.015741 0.039062 0.029630
0 0.415365 0.241204 0.025521 0.032407
0 0.379427 0.867593 0.041146 0.046296
0 0.397135 0.538426 0.019271 0.047222
0 0.994531 0.468981 0.010937 0.041667
0 0.910417 0.031944 0.037500 0.037963
0 0.961979 0.312500 0.036458 0.045370
0 0.575000 0.930093 0.029167 0.049074
0 0.132292 0.895370 0.031250 0.062963
0 0.052604 0.883333 0.031250 0.055556
0 0.974479 0.601852 0.027083 0.048148
0 0.968490 0.131481 0.022396 0.062963
0 0.786979 0.963889 0.035417 0.053704
0 0.893750 0.320833 0.018750 0.028704
0 0.045833 0.409259 0.034375 0.033333
0 0.800000 0.505093 0.017708 0.034259
0 0.429167 0.734259 0.028125 0.042593
0 0.115885 0.421296 0.025521 0.044444
0 0.954948 0.875000 0.033854 0.033333
0 0.953906 0.043981 0.017188 0.032407
0 0.212500 0.240741 0.019792 0.044444
0 0.020833 0.711111 0.028125 0.037037
0 0.417187 0.874074 0.039583 0.055556
0 0.073698 0.865278 0.044271 0.078704
0 0.829427 0.978704 0.059896 0.042593
0 0.076823 0.949074 0.035937 0.051852
0 0.719531 0.011574 0.016146 0.021296
0 0.007552 0.384259 0.014063 0.079630
0 0.568490 0.969444 0.022396 0.051852
0 0.938542 0.977778 0.036458 0.038889
0 0.020573 0.876852 0.040104 0.051852
0 0.027865 0.440741 0.023438 0.033333
0 0.270052 0.956019 0.030729 0.067593
0 0.596354 0.980556 0.038542 0.029630
0 0.131771 0.618056 0.020833 0.028704
0 0.987500 0.884259 0.023958 0.050000
0 0.340104 0.966667 0.032292 0.062963
0 0.208333 0.975463 0.032292 0.025000
0 0.170833 0.979167 0.048958 0.041667
0 0.477083 0.972222 0.037500 0.055556
