0 0.443229 0.166204 0.027083 0.069444
0 0.605729 0.218981 0.021875 0.065741
0 0.405990 0.198611 0.021354 0.067593
0 0.602865 0.468981 0.031771 0.063889
0 0.596354 0.401852 0.034375 0.051852
0 0.435937 0.200000 0.025000 0.066667
0 0.564583 0.383333 0.025000 0.064815
0 0.636458 0.341667 0.038542 0.037037
0 0.040104 0.123148 0.022917 0.062963
0 0.736979 0.292130 0.031250 0.063889
0 0.149740 0.062963 0.027604 0.061111
0 0.176823 0.057870 0.030729 0.060185
0 0.673438 0.132407 0.018750 0.057407
0 0.094010 0.358796 0.034896 0.056481
0 0.120052 0.356944 0.033854 0.056481
0 0.119010 0.063426 0.026562 0.062037
0 0.452344 0.422685 0.022396 0.062037
0 0.215104 0.188889 0.023958 0.066667
0 0.646875 0.165741 0.027083 0.057407
0 0.683854 0.519907 0.033333 0.060185
0 0.099219 0.224537 0.036979 0.054630
0 0.266667 0.146759 0.043750 0.050926
0 0.454948 0.258333 0.035937 0.055556
0 0.547135 0.203704 0.038021 0.040741
0 0.916406 0.259722 0.019271 0.063889
0 0.482031 0.093981 0.024479 0.067593
0 0.050260 0.157870 0.031771 0.069444
0 0.548177 0.136111 0.035937 0.055556
0 0.512760 0.471759 0.025521 0.062037
0 0.511719 0.370833 0.018229 0.067593
0 0.635938 0.496759 0.036458 0.062037
0 0.131771 0.228704 0.040625 0.046296
0 0.214323 0.093519 0.033854 0.062963
0 0.803646 0.251389 0.032292 0.060185
0 0.152865 0.180093 0.042188 0.036111
0 0.644271 0.535648 0.037500 0.036111
0 0.242708 0.273148 0.035417 0.053704
0 0.684375 0.063889 0.022917 0.070370
0 0.188802 0.232870 0.041146 0.036111
0 0.040885 0.243519 0.022396 0.068519
0 0.946615 0.398148 0.038021 0.057407
0 0.340885 0.127778 0.039062 0.050000
0 0.489323 0.402315 0.035937 0.043519
0 0.017448 0.183796 0.029687 0.067593
0 0.266667 0.059722 0.033333 0.049074
0 0.715625 0.212500 0.027083 0.062037
0 0.261719 0.234259 0.042188 0.048148
0 0.794531 0.548611 0.029687 0.060185
0 0.793750 0.474074 0.026042 0.061111
0 0.664323 0.186574 0.021354 0.054630
0 0.492969 0.259722 0.024479 0.062037
0 0.711198 0.101852 0.021354 0.051852
0 0.910156 0.336111 0.035937 0.042593
0 0.266146 0.184722 0.045833 0.045370
0 0.077344 0.372222 0.033854 0.059259
0 0.243229 0.084259 0.029167 0.053704
0 0.538281 0.403704 0.033854 0.057407
0 0.486458 0.579167 0.026042 0.062037
0 0.067187 0.220833 0.038542 0.041667
0 0.082812 0.177778 0.040625 0.050000
0 0.490885 0.343519 0.035937 0.046296
0 0.673698 0.468519 0.034896 0.057407
0 0.736979 0.791204 0.034375 0.050926
0 0.346354 0.191667 0.040625 0.061111
0 0.677344 0.793981 0.025521 0.067593
0 0.827344 0.503241 0.032813 0.039815
0 0.901302 0.216667 0.021354 0.057407
0 0.483073 0.452778 0.023438 0.070370
0 0.179948 0.100926 0.036979 0.040741
0 0.402865 0.295370 0.041146 0.048148
0 0.294271 0.046759 0.035417 0.050926
0 0.853125 0.685185 0.032292 0.055556
0 0.851302 0.370370 0.019271 0.059259
0 0.865625 0.608796 0.023958 0.065741
0 0.427083 0.299537 0.019792 0.063889
0 0.555469 0.087963 0.036979 0.048148
0 0.556510 0.038889 0.036979 0.057407
0 0.531771 0.331944 0.035417 0.034259
0 0.321875 0.239815 0.042708 0.044444
0 0.764323 0.553704 0.021354 0.068519
0 0.055990 0.079167 0.027604 0.054630
0 0.981250 0.770370 0.030208 0.051852
0 0.469531 0.319907 0.041146 0.043519
0 0.938281 0.500926 0.028646 0.053704
0 0.514844 0.150000 0.031771 0.038889
0 0.972917 0.631019 0.031250 0.065741
0 0.642188 0.282407 0.043750 0.046296
0 0.432292 0.106944 0.039583 0.050926
0 0.722917 0.900000 0.025000 0.066667
0 0.865625 0.469444 0.042708 0.044444
0 0.820573 0.231481 0.034896 0.051852
0 0.226823 0.486574 0.032813 0.065741
0 0.507552 0.731019 0.032813 0.067593
0 0.950000 0.556481 0.025000 0.070370
0 0.598698 0.742593 0.034896 0.037037
0 0.885938 0.535185 0.041667 0.035185
0 0.407552 0.043981 0.023438 0.067593
0 0.900781 0.596759 0.027604 0.063889
0 0.972917 0.469444 0.028125 0.064815
0 0.928385 0.411574 0.038021 0.041667
0 0.658854 0.821296 0.017708 0.070370
0 0.107552 0.266667 0.040104 0.038889
0 0.971875 0.692130 0.034375 0.060185
0 0.799219 0.778704 0.038021 0.051852
0 0.535937 0.789815 0.030208 0.064815
0 0.826302 0.467593 0.038021 0.038889
0 0.945052 0.326389 0.020313 0.056481
0 0.572917 0.756019 0.026042 0.069444
0 0.609635 0.299537 0.024479 0.060185
0 0.529948 0.298611 0.036979 0.034259
0 0.965625 0.298611 0.029167 0.067593
0 0.093229 0.477315 0.037500 0.043519
0 0.023958 0.264352 0.028125 0.069444
0 0.500260 0.781019 0.036979 0.062037
0 0.869792 0.109259 0.041667 0.048148
0 0.585156 0.705556 0.033854 0.048148
0 0.808073 0.572685 0.032813 0.039815
0 0.760938 0.383796 0.030208 0.063889
0 0.490365 0.707407 0.038021 0.044444
0 0.831771 0.911111 0.029167 0.070370
0 0.175521 0.414815 0.030208 0.062963
0 0.852344 0.254630 0.020313 0.066667
0 0.795312 0.405093 0.038542 0.052778
0 0.858594 0.741667 0.036979 0.044444
0 0.928125 0.583796 0.029167 0.067593
0 0.732031 0.565278 0.022396 0.075000
0 0.069010 0.450463 0.030729 0.063889
0 0.596875 0.884259 0.035417 0.059259
0 0.086719 0.032407 0.025521 0.059259
0 0.834896 0.837037 0.035417 0.044444
0 0.779687 0.728704 0.035417 0.046296
0 0.860417 0.839815 0.026042 0.059259
0 0.754687 0.894444 0.035417 0.051852
0 0.777604 0.155093 0.036458 0.067593
0 0.870833 0.320370 0.030208 0.066667
0 0.246354 0.018056 0.038542 0.034259
0 0.493229 0.820370 0.029167 0.040741
0 0.604688 0.079630 0.036458 0.038889
0 0.759896 0.846759 0.035417 0.047222
0 0.935156 0.274537 0.019271 0.060185
0 0.777604 0.864815 0.031250 0.050000
0 0.803906 0.906019 0.020313 0.071296
0 0.500260 0.666667 0.040104 0.038889
0 0.484896 0.528241 0.048958 0.054630
0 0.897135 0.431019 0.033854 0.049074
0 0.080729 0.306944 0.047917 0.058333
0 0.437500 0.480093 0.039583 0.062037
0 0.923698 0.839352 0.036979 0.037963
0 0.709896 0.388889 0.044792 0.059259
0 0.078646 0.627315 0.036458 0.045370
0 0.703385 0.677778 0.036979 0.053704
0 0.494271 0.889352 0.031250 0.067593
0 0.676562 0.669907 0.026042 0.067593
0 0.188802 0.638889 0.036979 0.061111
0 0.020052 0.089815 0.026562 0.059259
0 0.073177 0.585648 0.042188 0.039815
0 0.864062 0.187500 0.041667 0.045370
0 0.754167 0.688889 0.022917 0.079630
0 0.207292 0.673148 0.038542 0.057407
0 0.130990 0.521759 0.040104 0.047222
0 0.055729 0.035185 0.030208 0.042593
0 0.138802 0.021759 0.034896 0.041667
0 0.258854 0.480556 0.029167 0.070370
0 0.142708 0.572685 0.039583 0.036111
0 0.857292 0.041204 0.020833 0.069444
0 0.980208 0.822685 0.037500 0.034259
0 0.089844 0.554630 0.029687 0.062963
0 0.447396 0.591667 0.033333 0.066667
0 0.019271 0.437963 0.019792 0.055556
0 0.108854 0.547685 0.025000 0.062037
0 0.699479 0.703704 0.039583 0.042593
0 0.233073 0.535185 0.032813 0.068519
0 0.387760 0.644907 0.039062 0.058333
0 0.013542 0.381019 0.026042 0.045370
0 0.533854 0.018981 0.023958 0.036111
0 0.086719 0.674537 0.039062 0.039815
0 0.835677 0.063889 0.019271 0.066667
0 0.016927 0.703704 0.032813 0.059259
0 0.017188 0.666204 0.032292 0.037963
0 0.010417 0.494907 0.019792 0.054630
0 0.237240 0.240741 0.023438 0.051852
0 0.982292 0.158333 0.033333 0.040741
0 0.959115 0.875000 0.041146 0.037037
0 0.018229 0.794907 0.034375 0.036111
0 0.101562 0.833333 0.041667 0.053704
0 0.232031 0.735185 0.036979 0.066667
0 0.052344 0.704167 0.038021 0.062037
0 0.477604 0.013426 0.035417 0.025000
0 0.253646 0.787037 0.036458 0.055556
0 0.937240 0.868519 0.031771 0.055556
0 0.954688 0.944907 0.030208 0.071296
0 0.886979 0.975000 0.033333 0.042593
0 0.390885 0.043981 0.023438 0.036111
0 0.376302 0.822222 0.036979 0.053704
0 0.290625 0.835648 0.037500 0.047222
0 0.984115 0.094444 0.029687 0.044444
0 0.281771 0.643056 0.041667 0.058333
0 0.785417 0.962963 0.022917 0.051852
0 0.092708 0.743519 0.027083 0.068519
0 0.853646 0.960648 0.030208 0.036111
0 0.009375 0.068981 0.017708 0.056481
0 0.168750 0.824537 0.044792 0.045370
0 0.969792 0.930093 0.021875 0.062037
0 0.305990 0.330556 0.041146 0.072222
0 0.284896 0.011574 0.037500 0.021296
0 0.070312 0.855556 0.034375 0.057407
0 0.565625 0.936574 0.035417 0.045370
0 0.989062 0.578241 0.021875 0.073148
0 0.125000 0.139352 0.034375 0.036111
0 0.074219 0.098611 0.022396 0.060185
0 0.098698 0.070370 0.026562 0.042593
0 0.100521 0.116667 0.021875 0.055556
0 0.097396 0.161574 0.041667 0.045370
0 0.098177 0.299074 0.033854 0.042593
0 0.006510 0.160648 0.011979 0.039815
0 0.011198 0.877315 0.021354 0.034259
0 0.314583 0.874537 0.037500 0.036111
0 0.280208 0.893056 0.028125 0.043519
0 0.339583 0.873148 0.030208 0.031481
0 0.404687 0.883333 0.026042 0.031481
0 0.460417 0.917130 0.036458 0.063889
0 0.487760 0.304167 0.041146 0.039815
0 0.572135 0.140741 0.028646 0.050000
0 0.588542 0.133333 0.021875 0.070370
0 0.608333 0.136574 0.026042 0.060185
0 0.567969 0.047685 0.027604 0.034259
0 0.638021 0.129630 0.015625 0.061111
0 0.618229 0.122685 0.016667 0.036111
0 0.631250 0.086574 0.034375 0.036111
0 0.648958 0.094907 0.017708 0.049074
0 0.620833 0.023611 0.017708 0.045370
0 0.640885 0.033333 0.028646 0.044444
0 0.659375 0.052315 0.030208 0.045370
0 0.698438 0.031481 0.042708 0.035185
0 0.949219 0.107870 0.032813 0.043519
0 0.879687 0.146759 0.028125 0.060185
0 0.956771 0.224537 0.017708 0.028704
0 0.840885 0.317130 0.025521 0.058333
0 0.903646 0.906944 0.035417 0.032407
0 0.951042 0.262963 0.015625 0.050000
0 0.974740 0.278241 0.021354 0.052778
0 0.992708 0.318981 0.014583 0.052778
0 0.991406 0.467130 0.016146 0.045370
0 0.751302 0.981944 0.033854 0.028704
0 0.862500 0.919907 0.028125 0.054630
0 0.677083 0.573148 0.027083 0.062963
0 0.895573 0.780093 0.025521 0.054630
0 0.911458 0.748611 0.027083 0.054630
0 0.938542 0.739815 0.038542 0.064815
0 0.931510 0.797222 0.040104 0.037037
0 0.876563 0.810648 0.031250 0.060185
0 0.894792 0.831019 0.018750 0.071296
0 0.844531 0.792593 0.038021 0.035185
0 0.752344 0.926389 0.030729 0.047222
0 0.831250 0.708796 0.040625 0.050926
0 0.437240 0.890278 0.028646 0.030556
0 0.463281 0.884259 0.022396 0.033333
0 0.937500 0.457870 0.043750 0.034259
0 0.994010 0.690741 0.011979 0.061111
0 0.959896 0.846296 0.034375 0.038889
0 0.990365 0.872222 0.019271 0.038889
0 0.986719 0.954167 0.026562 0.060185
0 0.990625 0.918519 0.018750 0.050000
0 0.850260 0.988426 0.034896 0.023148
0 0.818750 0.954630 0.026042 0.055556
