0 0.628125 0.464352 0.029167 0.058333
0 0.692969 0.412037 0.022396 0.064815
0 0.696615 0.472222 0.024479 0.070370
0 0.639844 0.494444 0.033854 0.051852
0 0.658333 0.370833 0.032292 0.060185
0 0.169010 0.228704 0.023438 0.064815
0 0.523698 0.589352 0.032813 0.045370
0 0.867969 0.424537 0.024479 0.062037
0 0.592969 0.487037 0.035937 0.042593
0 0.517708 0.663889 0.032292 0.051852
0 0.552344 0.512963 0.036979 0.037037
0 0.725260 0.405093 0.021354 0.065741
0 0.564323 0.251852 0.033854 0.059259
0 0.800521 0.162500 0.019792 0.063889
0 0.826302 0.345370 0.022396 0.068519
0 0.743490 0.071759 0.023438 0.069444
0 0.314583 0.342593 0.027083 0.055556
0 0.771354 0.787037 0.032292 0.044444
0 0.756250 0.130093 0.020833 0.063889
0 0.941667 0.437963 0.025000 0.062963
0 0.749740 0.547685 0.022396 0.067593
0 0.919271 0.412963 0.021875 0.066667
0 0.749740 0.378241 0.026562 0.049074
0 0.785417 0.201389 0.019792 0.063889
0 0.795312 0.100000 0.025000 0.061111
0 0.952344 0.395370 0.026562 0.061111
0 0.705729 0.069444 0.026042 0.062963
0 0.575000 0.368519 0.021875 0.061111
0 0.861458 0.093519 0.022917 0.061111
0 0.870313 0.173148 0.026042 0.066667
0 0.107031 0.745833 0.039062 0.047222
0 0.255208 0.624074 0.034375 0.051852
0 0.465104 0.182407 0.031250 0.055556
0 0.533333 0.363889 0.035417 0.059259
0 0.409115 0.303241 0.026562 0.063889
0 0.803906 0.411574 0.023438 0.056481
0 0.585677 0.185185 0.030729 0.062963
0 0.489583 0.667130 0.032292 0.050926
0 0.628646 0.610185 0.023958 0.059259
0 0.662760 0.679630 0.032813 0.050000
0 0.521354 0.122685 0.032292 0.056481
0 0.689844 0.124074 0.018229 0.070370
0 0.662760 0.082407 0.031771 0.055556
0 0.735156 0.895833 0.025521 0.058333
0 0.570052 0.151389 0.023438 0.067593
0 0.184115 0.739352 0.033854 0.056481
0 0.048698 0.134259 0.027604 0.072222
0 0.203906 0.341204 0.028646 0.069444
0 0.783333 0.436111 0.022917 0.068519
0 0.726823 0.506481 0.021354 0.068519
0 0.328385 0.297685 0.022396 0.071296
0 0.617969 0.694907 0.029687 0.058333
0 0.056250 0.098148 0.026042 0.068519
0 0.685156 0.850463 0.026562 0.058333
0 0.355469 0.545370 0.028646 0.062963
0 0.483854 0.363426 0.020833 0.062037
0 0.466146 0.705093 0.036458 0.047222
0 0.167969 0.340741 0.034896 0.053704
0 0.436458 0.228704 0.026042 0.068519
0 0.948438 0.255093 0.020833 0.075000
0 0.754167 0.339815 0.037500 0.044444
0 0.309115 0.091667 0.022396 0.064815
0 0.630208 0.341204 0.031250 0.045370
0 0.590104 0.292130 0.030208 0.054630
0 0.557813 0.607407 0.026042 0.062963
0 0.085938 0.258796 0.039583 0.060185
0 0.378906 0.682870 0.030729 0.060185
0 0.423958 0.325926 0.028125 0.059259
0 0.467187 0.065278 0.021875 0.065741
0 0.147396 0.731944 0.039583 0.050926
0 0.203125 0.267130 0.028125 0.078704
0 0.354427 0.605556 0.031771 0.050000
0 0.390885 0.228704 0.027604 0.068519
0 0.511979 0.307870 0.021875 0.063889
0 0.744010 0.306481 0.035937 0.051852
0 0.774479 0.583796 0.036458 0.050926
0 0.402604 0.409259 0.025000 0.062963
0 0.776042 0.861111 0.037500 0.044444
0 0.577083 0.423611 0.034375 0.037963
0 0.345313 0.060648 0.025000 0.054630
0 0.462760 0.743519 0.035937 0.050000
0 0.777865 0.548611 0.038021 0.037963
0 0.660937 0.813889 0.032292 0.050000
0 0.406250 0.470370 0.022917 0.061111
0 0.359115 0.148148 0.033854 0.055556
0 0.095312 0.706481 0.036458 0.051852
0 0.891667 0.817593 0.019792 0.070370
0 0.346354 0.366667 0.029167 0.051852
0 0.938021 0.780093 0.026042 0.058333
0 0.232552 0.059722 0.025521 0.073148
0 0.726823 0.558796 0.020313 0.052778
0 0.378646 0.513426 0.032292 0.054630
0 0.572396 0.550926 0.035417 0.035185
0 0.253906 0.535648 0.040104 0.037963
0 0.209115 0.059722 0.020313 0.071296
0 0.561719 0.446296 0.032813 0.044444
0 0.145833 0.410648 0.038542 0.058333
0 0.604688 0.408796 0.018750 0.063889
0 0.039844 0.170370 0.027604 0.075926
0 0.281510 0.075926 0.031771 0.062963
0 0.126302 0.079630 0.022396 0.068519
0 0.277344 0.327778 0.036979 0.050000
0 0.519271 0.166204 0.035417 0.043519
0 0.159635 0.103704 0.032813 0.062963
0 0.146354 0.182407 0.032292 0.062963
0 0.597396 0.896296 0.026042 0.059259
0 0.788281 0.378241 0.040104 0.036111
0 0.759115 0.243519 0.033854 0.044444
0 0.927083 0.718519 0.031250 0.062963
0 0.311979 0.392593 0.036458 0.042593
0 0.814844 0.825000 0.033854 0.050000
0 0.646094 0.895370 0.029687 0.046296
0 0.252083 0.275463 0.027083 0.062037
0 0.136458 0.798611 0.032292 0.060185
0 0.940625 0.541204 0.036458 0.045370
0 0.973437 0.372222 0.027083 0.062963
0 0.852344 0.523148 0.027604 0.046296
0 0.688281 0.626852 0.031771 0.046296
0 0.343750 0.172685 0.037500 0.045370
0 0.383594 0.560185 0.032813 0.046296
0 0.816927 0.730093 0.027604 0.060185
0 0.476042 0.144907 0.036458 0.045370
0 0.082031 0.814352 0.031771 0.062037
0 0.863802 0.242593 0.035937 0.046296
0 0.157031 0.643981 0.023438 0.054630
0 0.823958 0.242593 0.028125 0.040741
0 0.974740 0.604167 0.029687 0.052778
0 0.501042 0.093981 0.018750 0.067593
0 0.085156 0.326389 0.033854 0.058333
0 0.194531 0.399074 0.038021 0.051852
0 0.194271 0.668056 0.031250 0.045370
0 0.422396 0.555093 0.022917 0.050926
0 0.536198 0.039352 0.036979 0.050926
0 0.919531 0.818981 0.020313 0.065741
0 0.703646 0.342130 0.044792 0.060185
0 0.835417 0.751389 0.026042 0.056481
0 0.238021 0.741667 0.023958 0.066667
0 0.732812 0.283333 0.040625 0.038889
0 0.216667 0.128704 0.037500 0.048148
0 0.064583 0.475926 0.038542 0.055556
0 0.184635 0.621759 0.044271 0.034259
0 0.217969 0.209259 0.040104 0.035185
0 0.299479 0.193056 0.039583 0.041667
0 0.789323 0.911574 0.023438 0.063889
0 0.546615 0.089352 0.033854 0.050926
0 0.569531 0.619907 0.025521 0.063889
0 0.109375 0.678241 0.028125 0.060185
0 0.186458 0.153241 0.033333 0.052778
0 0.892448 0.316667 0.024479 0.061111
0 0.576042 0.793981 0.025000 0.062037
0 0.951562 0.125000 0.031250 0.059259
0 0.566146 0.903241 0.027083 0.058333
0 0.504687 0.845833 0.030208 0.054630
0 0.721875 0.846296 0.021875 0.064815
0 0.438021 0.801389 0.019792 0.065741
0 0.109896 0.788426 0.026042 0.050926
0 0.853125 0.182870 0.032292 0.062037
0 0.927865 0.134259 0.035937 0.053704
0 0.016146 0.193519 0.030208 0.057407
0 0.884635 0.733796 0.028646 0.063889
0 0.900521 0.228704 0.039583 0.048148
0 0.500521 0.031019 0.018750 0.058333
0 0.179688 0.093981 0.040625 0.049074
0 0.293229 0.507870 0.038542 0.050926
0 0.380208 0.070370 0.035417 0.046296
0 0.893750 0.268981 0.036458 0.036111
0 0.464583 0.425463 0.033333 0.049074
0 0.242188 0.820833 0.037500 0.037963
0 0.272656 0.745370 0.035937 0.055556
0 0.754167 0.718981 0.035417 0.045370
0 0.963281 0.643056 0.032813 0.037963
0 0.854688 0.780556 0.035417 0.038889
0 0.952344 0.332407 0.023438 0.064815
0 0.215365 0.725926 0.023438 0.070370
0 0.118490 0.598148 0.042188 0.038889
0 0.358854 0.788889 0.034375 0.042593
0 0.166927 0.795833 0.041146 0.037963
0 0.304948 0.284722 0.020313 0.056481
0 0.834635 0.793056 0.032813 0.052778
0 0.219271 0.458333 0.035417 0.059259
0 0.762500 0.924537 0.018750 0.062037
0 0.916406 0.587500 0.022396 0.067593
0 0.437760 0.671759 0.033854 0.037963
0 0.408333 0.202778 0.025000 0.055556
0 0.455729 0.518056 0.019792 0.054630
0 0.263281 0.129630 0.044271 0.044444
0 0.039844 0.399074 0.035937 0.055556
0 0.471875 0.543056 0.019792 0.073148
0 0.075260 0.047222 0.032813 0.066667
0 0.868229 0.283333 0.036458 0.048148
0 0.600781 0.031019 0.019271 0.060185
0 0.756250 0.038426 0.032292 0.056481
0 0.219010 0.782870 0.021354 0.052778
0 0.064062 0.228704 0.033333 0.050000
0 0.041406 0.299537 0.030729 0.060185
0 0.432292 0.600463 0.020833 0.049074
0 0.637500 0.656019 0.017708 0.058333
0 0.840104 0.209259 0.031250 0.048148
0 0.977083 0.257407 0.029167 0.075926
0 0.147396 0.046759 0.025000 0.049074
0 0.303906 0.608333 0.035937 0.035185
0 0.115625 0.037500 0.037500 0.049074
0 0.940625 0.612963 0.039583 0.037037
0 0.020833 0.777778 0.037500 0.050000
0 0.672135 0.038426 0.039062 0.054630
0 0.873177 0.826389 0.022396 0.067593
0 0.040625 0.022222 0.030208 0.042593
0 0.822917 0.123148 0.042708 0.048148
0 0.836458 0.980556 0.038542 0.038889
0 0.057813 0.839815 0.025000 0.062963
0 0.371354 0.329630 0.037500 0.061111
0 0.077083 0.421759 0.041667 0.050926
0 0.976302 0.135185 0.030729 0.053704
0 0.048177 0.441204 0.030729 0.047222
0 0.278906 0.469907 0.023438 0.052778
0 0.398438 0.028704 0.041667 0.044444
0 0.220833 0.247222 0.037500 0.050000
0 0.072135 0.301389 0.038021 0.049074
0 0.982292 0.102778 0.035417 0.046296
0 0.713542 0.031019 0.038542 0.041667
0 0.182292 0.043981 0.022917 0.037963
0 0.377344 0.884259 0.035937 0.044444
0 0.428125 0.734722 0.031250 0.039815
0 0.008854 0.304630 0.016667 0.062963
0 0.588542 0.949074 0.031250 0.040741
0 0.319531 0.953241 0.038021 0.045370
0 0.790365 0.024537 0.025521 0.047222
0 0.988542 0.308796 0.022917 0.049074
0 0.898698 0.926852 0.036979 0.037037
0 0.118750 0.481944 0.029167 0.056481
0 0.961979 0.312037 0.037500 0.046296
0 0.539323 0.964815 0.031771 0.066667
0 0.953906 0.043981 0.017188 0.032407
0 0.341667 0.924074 0.037500 0.044444
0 0.140365 0.901389 0.023438 0.065741
0 0.116927 0.421296 0.022396 0.048148
0 0.074219 0.956019 0.040104 0.034259
0 0.070312 0.863426 0.034375 0.045370
0 0.909896 0.982870 0.028125 0.034259
0 0.566667 0.978241 0.021875 0.043519
0 0.164323 0.475926 0.021354 0.029630
0 0.063542 0.395370 0.023958 0.046296
0 0.995573 0.532407 0.008854 0.029630
0 0.763542 0.981481 0.027083 0.029630
0 0.069792 0.922222 0.036458 0.040741
0 0.005990 0.875463 0.010937 0.052778
0 0.648698 0.971759 0.028646 0.054630
0 0.219792 0.976389 0.032292 0.047222
