0 0.523177 0.332870 0.025521 0.063889
0 0.126042 0.057870 0.022917 0.060185
0 0.508594 0.360648 0.026562 0.067593
0 0.311198 0.088426 0.027604 0.060185
0 0.075260 0.092130 0.022396 0.054630
0 0.626823 0.305093 0.022396 0.060185
0 0.346094 0.202778 0.026562 0.064815
0 0.320833 0.204630 0.031250 0.066667
0 0.611458 0.130093 0.029167 0.063889
0 0.863021 0.114352 0.023958 0.065741
0 0.178385 0.162500 0.023438 0.071296
0 0.372656 0.146296 0.030729 0.064815
0 0.691667 0.422685 0.034375 0.062037
0 0.151302 0.050463 0.027604 0.050926
0 0.571094 0.425000 0.031771 0.066667
0 0.487760 0.787037 0.024479 0.062963
0 0.100781 0.075463 0.027604 0.054630
0 0.499740 0.685648 0.027604 0.067593
0 0.630729 0.510185 0.031250 0.059259
0 0.644792 0.634722 0.033333 0.058333
0 0.061719 0.184259 0.034896 0.048148
0 0.900260 0.213889 0.021354 0.062963
0 0.663281 0.675000 0.024479 0.066667
0 0.841927 0.157407 0.018229 0.068519
0 0.582812 0.634722 0.039583 0.036111
0 0.451302 0.216204 0.028646 0.065741
0 0.739323 0.390278 0.032813 0.060185
0 0.451302 0.089815 0.026562 0.072222
0 0.254688 0.264815 0.028125 0.064815
0 0.577344 0.555556 0.025521 0.062963
0 0.491146 0.721296 0.028125 0.064815
0 0.881771 0.182407 0.021875 0.064815
0 0.447917 0.701852 0.036458 0.051852
0 0.673698 0.443056 0.021354 0.071296
0 0.635938 0.254167 0.023958 0.060185
0 0.555729 0.804167 0.034375 0.043519
0 0.283854 0.101389 0.033333 0.060185
0 0.546615 0.620833 0.036979 0.039815
0 0.422917 0.086111 0.034375 0.057407
0 0.186979 0.092593 0.037500 0.038889
0 0.204167 0.121296 0.037500 0.037037
0 0.241927 0.138426 0.039062 0.047222
0 0.691146 0.720833 0.034375 0.041667
0 0.425521 0.250463 0.034375 0.054630
0 0.524740 0.112037 0.036979 0.051852
0 0.521875 0.045833 0.031250 0.049074
0 0.080469 0.220370 0.035937 0.038889
0 0.181771 0.050000 0.026042 0.051852
0 0.020313 0.135185 0.034375 0.055556
0 0.495312 0.479167 0.039583 0.047222
0 0.048958 0.126389 0.038542 0.052778
0 0.403646 0.212963 0.040625 0.038889
0 0.572396 0.185185 0.036458 0.038889
0 0.800781 0.530556 0.040104 0.038889
0 0.697917 0.188889 0.036458 0.040741
0 0.547396 0.582407 0.034375 0.046296
0 0.661198 0.591204 0.038021 0.045370
0 0.517188 0.790278 0.025000 0.063889
0 0.174479 0.250463 0.041667 0.037963
0 0.796094 0.701389 0.029687 0.065741
0 0.802344 0.480093 0.031771 0.063889
0 0.769271 0.395833 0.030208 0.067593
0 0.064062 0.293056 0.037500 0.047222
0 0.903385 0.762963 0.030729 0.050000
0 0.848437 0.377778 0.027083 0.064815
0 0.540625 0.851389 0.036458 0.047222
0 0.576562 0.362500 0.040625 0.043519
0 0.240104 0.035185 0.022917 0.053704
0 0.016927 0.172685 0.032813 0.062037
0 0.686719 0.784722 0.041146 0.041667
0 0.546094 0.769444 0.036979 0.038889
0 0.776563 0.228241 0.026042 0.067593
0 0.559375 0.674074 0.028125 0.064815
0 0.467969 0.730556 0.023438 0.062963
0 0.880729 0.243056 0.029167 0.058333
0 0.555729 0.539815 0.027083 0.068519
0 0.402344 0.062500 0.034896 0.067593
0 0.864062 0.709722 0.028125 0.054630
0 0.760938 0.493981 0.035417 0.045370
0 0.473438 0.629167 0.038542 0.049074
0 0.452344 0.812963 0.033854 0.038889
0 0.805990 0.430556 0.034896 0.055556
0 0.277083 0.294444 0.025000 0.070370
0 0.370833 0.060185 0.028125 0.072222
0 0.729427 0.568981 0.038021 0.034259
0 0.935156 0.524074 0.034896 0.053704
0 0.085938 0.339815 0.039583 0.038889
0 0.733073 0.112500 0.035937 0.054630
0 0.783854 0.746296 0.026042 0.062963
0 0.591406 0.028704 0.023438 0.053704
0 0.541667 0.283333 0.032292 0.057407
0 0.764323 0.772685 0.035937 0.049074
0 0.632552 0.750463 0.036979 0.056481
0 0.699479 0.085185 0.037500 0.053704
0 0.804427 0.293056 0.032813 0.052778
0 0.908073 0.565741 0.025521 0.070370
0 0.559115 0.093981 0.038021 0.041667
0 0.858073 0.550463 0.024479 0.062037
0 0.041927 0.258796 0.036979 0.056481
0 0.761458 0.710648 0.019792 0.067593
0 0.897656 0.118981 0.039062 0.047222
0 0.213021 0.315741 0.039583 0.057407
0 0.309635 0.035185 0.032813 0.048148
0 0.259896 0.072685 0.033333 0.039815
0 0.734635 0.298148 0.033854 0.059259
0 0.521875 0.157407 0.028125 0.044444
0 0.239063 0.084259 0.036458 0.040741
0 0.461979 0.488889 0.026042 0.064815
0 0.946094 0.798148 0.033854 0.037037
0 0.843490 0.791667 0.034896 0.035185
0 0.686458 0.231944 0.034375 0.050926
0 0.747135 0.852778 0.039062 0.050000
0 0.801302 0.859259 0.038021 0.035185
0 0.662760 0.272685 0.034896 0.065741
0 0.781510 0.574074 0.042188 0.059259
0 0.969792 0.282407 0.022917 0.070370
0 0.603385 0.677315 0.036979 0.058333
0 0.895833 0.447685 0.029167 0.062037
0 0.866406 0.762037 0.035937 0.038889
0 0.523177 0.447222 0.033854 0.055556
0 0.983594 0.246759 0.028646 0.063889
0 0.905208 0.274537 0.036458 0.056481
0 0.951823 0.251852 0.025521 0.064815
0 0.022656 0.031481 0.026562 0.061111
0 0.803385 0.633333 0.034896 0.066667
0 0.803385 0.089815 0.035937 0.057407
0 0.059115 0.534259 0.026562 0.070370
0 0.797917 0.050926 0.034375 0.050000
0 0.055729 0.460648 0.028125 0.054630
0 0.880729 0.496759 0.028125 0.056481
0 0.529948 0.692130 0.035937 0.039815
0 0.826562 0.248611 0.039583 0.039815
0 0.782031 0.900463 0.028646 0.071296
0 0.082812 0.499537 0.029167 0.067593
0 0.815885 0.370370 0.032813 0.061111
0 0.975260 0.760185 0.036979 0.051852
0 0.759115 0.920833 0.023438 0.063889
0 0.928385 0.339352 0.019271 0.065741
0 0.767969 0.108333 0.031771 0.066667
0 0.023698 0.475000 0.027604 0.068519
0 0.580208 0.833796 0.022917 0.067593
0 0.788281 0.827315 0.043229 0.036111
0 0.053125 0.031019 0.029167 0.047222
0 0.894010 0.611574 0.029687 0.058333
0 0.945833 0.601389 0.036458 0.037963
0 0.015885 0.560648 0.029687 0.067593
0 0.158073 0.471759 0.036979 0.063889
0 0.976302 0.617593 0.031771 0.057407
0 0.950781 0.177315 0.040104 0.041667
0 0.894531 0.396759 0.039062 0.052778
0 0.157031 0.597222 0.039062 0.059259
0 0.945573 0.671759 0.027604 0.050926
0 0.866146 0.913426 0.034375 0.065741
0 0.336719 0.379630 0.024479 0.066667
0 0.981510 0.093056 0.035937 0.063889
0 0.125781 0.302778 0.035937 0.064815
0 0.042708 0.414352 0.041667 0.060185
0 0.028906 0.231944 0.038021 0.047222
0 0.066667 0.023148 0.033333 0.044444
0 0.129167 0.699074 0.042708 0.042593
0 0.799219 0.911111 0.029687 0.046296
0 0.624219 0.587500 0.039062 0.087963
0 0.916927 0.611111 0.028646 0.081481
0 0.985156 0.533796 0.025521 0.071296
0 0.160938 0.021296 0.033333 0.040741
0 0.014323 0.497222 0.027604 0.061111
0 0.966406 0.423148 0.033854 0.062963
0 0.098958 0.511574 0.025000 0.073148
0 0.178646 0.671296 0.037500 0.038889
0 0.062240 0.731481 0.038021 0.061111
0 0.415885 0.824074 0.024479 0.072222
0 0.136719 0.740741 0.039062 0.037037
0 0.401302 0.680556 0.026562 0.075926
0 0.931250 0.854630 0.043750 0.081481
0 0.986458 0.159259 0.027083 0.042593
0 0.338021 0.310648 0.042708 0.078704
0 0.993229 0.350926 0.013542 0.066667
0 0.096875 0.724074 0.037500 0.050000
0 0.960677 0.858796 0.018229 0.071296
0 0.316667 0.766204 0.037500 0.065741
0 0.246094 0.237963 0.028646 0.051852
0 0.164062 0.405093 0.041667 0.065741
0 0.494010 0.018056 0.025521 0.034259
0 0.862500 0.869444 0.023958 0.046296
0 0.015625 0.433796 0.021875 0.050926
0 0.068750 0.857407 0.034375 0.059259
0 0.857552 0.963889 0.049479 0.051852
0 0.189323 0.850000 0.038021 0.050000
0 0.144792 0.908333 0.039583 0.038889
0 0.885156 0.906481 0.033854 0.040741
0 0.971875 0.913426 0.030208 0.043519
0 0.905990 0.976389 0.038021 0.043519
0 0.497917 0.894444 0.031250 0.046296
0 0.825521 0.984259 0.048958 0.031481
0 0.735677 0.968519 0.039062 0.044444
0 0.579948 0.937037 0.021354 0.046296
0 0.292448 0.979630 0.036979 0.031481
0 0.471094 0.960185 0.040104 0.070370
0 0.323698 0.980556 0.034896 0.029630
0 0.400521 0.976389 0.035417 0.023148
0 0.094010 0.887037 0.025521 0.022222
0 0.279427 0.891204 0.022396 0.015741
0 0.320052 0.877315 0.033854 0.039815
0 0.086458 0.601389 0.041667 0.071296
0 0.044271 0.167593 0.022917 0.046296
0 0.646875 0.368981 0.033333 0.056481
0 0.532552 0.226852 0.027604 0.055556
0 0.586719 0.339352 0.035937 0.047222
0 0.602344 0.314352 0.036979 0.054630
0 0.621875 0.116667 0.016667 0.053704
0 0.629687 0.168056 0.027083 0.054630
0 0.658594 0.175463 0.028646 0.067593
0 0.620833 0.022685 0.019792 0.043519
0 0.641406 0.016667 0.016146 0.031481
0 0.637500 0.125000 0.014583 0.062963
0 0.616406 0.067130 0.034896 0.052778
0 0.988281 0.464352 0.021354 0.039815
0 0.915104 0.888426 0.039583 0.054630
0 0.669271 0.981481 0.042708 0.033333
0 0.986719 0.972685 0.026562 0.054630
0 0.640885 0.459259 0.041146 0.038889
0 0.639583 0.424074 0.040625 0.033333
0 0.564583 0.287037 0.025000 0.066667
0 0.594531 0.266667 0.035937 0.046296
0 0.565625 0.228704 0.036458 0.046296
0 0.589063 0.981944 0.041667 0.036111
0 0.553385 0.968056 0.034896 0.026852
0 0.406771 0.886574 0.033333 0.054630
0 0.466406 0.903241 0.031771 0.028704
0 0.435156 0.887963 0.034896 0.029630
0 0.030469 0.088889 0.015104 0.053704
0 0.040104 0.056944 0.021875 0.049074
0 0.052865 0.093981 0.022396 0.036111
0 0.005990 0.063889 0.010937 0.053704
0 0.016406 0.087037 0.016146 0.050000
0 0.004948 0.184259 0.008854 0.033333
0 0.674219 0.133333 0.021354 0.061111
0 0.647396 0.093056 0.021875 0.054630
0 0.661979 0.078704 0.036458 0.046296
0 0.673177 0.060185 0.021354 0.027778
0 0.654687 0.037500 0.041667 0.039815
0 0.855990 0.983796 0.018229 0.025000
0 0.977604 0.862963 0.015625 0.055556
0 0.992448 0.881481 0.015104 0.042593
0 0.991406 0.706944 0.017188 0.039815
0 0.957552 0.689352 0.022396 0.063889
0 0.937760 0.635648 0.036979 0.037963
0 0.786198 0.579630 0.040104 0.037037
0 0.951302 0.573148 0.033854 0.044444
0 0.964583 0.548611 0.031250 0.062037
0 0.920312 0.417593 0.038542 0.050000
0 0.872135 0.346296 0.023438 0.057407
0 0.898958 0.352315 0.031250 0.062037
0 0.888281 0.308796 0.033854 0.034259
0 0.791146 0.350463 0.039583 0.043519
0 0.972135 0.158796 0.035937 0.052778
0 0.570833 0.046759 0.026042 0.036111
0 0.554948 0.034259 0.031771 0.061111
0 0.541667 0.018519 0.021875 0.035185
