0 0.574479 0.394444 0.029167 0.062963
0 0.865885 0.492593 0.027604 0.061111
0 0.930990 0.403704 0.025521 0.061111
0 0.758854 0.431019 0.023958 0.062037
0 0.503385 0.344444 0.033854 0.048148
0 0.423177 0.216667 0.025521 0.068519
0 0.800521 0.326852 0.031250 0.055556
0 0.941146 0.547222 0.030208 0.057407
0 0.902604 0.377778 0.028125 0.057407
0 0.510938 0.221296 0.036458 0.044444
0 0.446615 0.126389 0.022396 0.069444
0 0.513802 0.455093 0.035937 0.047222
0 0.410677 0.355093 0.022396 0.063889
0 0.904427 0.303704 0.021354 0.061111
0 0.290104 0.060648 0.017708 0.065741
0 0.680729 0.316667 0.033333 0.051852
0 0.448958 0.182407 0.022917 0.062963
0 0.862500 0.254167 0.022917 0.060185
0 0.260156 0.617593 0.032813 0.066667
0 0.818750 0.411574 0.034375 0.056481
0 0.470313 0.713426 0.032292 0.056481
0 0.901563 0.214815 0.021875 0.057407
0 0.577344 0.499537 0.030729 0.045370
0 0.899219 0.126389 0.024479 0.058333
0 0.790885 0.575926 0.022396 0.064815
0 0.455990 0.442593 0.024479 0.068519
0 0.878125 0.388426 0.020833 0.062037
0 0.381510 0.631944 0.036979 0.052778
0 0.842187 0.475463 0.021875 0.062037
0 0.308333 0.094907 0.022917 0.067593
0 0.276823 0.118519 0.024479 0.070370
0 0.754167 0.360185 0.037500 0.044444
0 0.871875 0.345833 0.032292 0.052778
0 0.740365 0.109722 0.027604 0.060185
0 0.836198 0.518056 0.028646 0.049074
0 0.457813 0.511574 0.020833 0.063889
0 0.479948 0.068981 0.018229 0.063889
0 0.278646 0.389815 0.035417 0.051852
0 0.728385 0.563889 0.032813 0.050000
0 0.820052 0.285648 0.024479 0.067593
0 0.103125 0.076852 0.027083 0.057407
0 0.962500 0.451389 0.036458 0.036111
0 0.817187 0.137963 0.022917 0.057407
0 0.214062 0.425000 0.029167 0.064815
0 0.898698 0.476389 0.034896 0.045370
0 0.426042 0.277778 0.036458 0.038889
0 0.538281 0.435185 0.025521 0.055556
0 0.797135 0.113889 0.027604 0.064815
0 0.667448 0.256944 0.025521 0.052778
0 0.917188 0.559722 0.022917 0.065741
0 0.719531 0.413426 0.020313 0.058333
0 0.270573 0.691204 0.034896 0.050926
0 0.796094 0.454630 0.023438 0.055556
0 0.654948 0.528241 0.021354 0.067593
0 0.497917 0.678241 0.036458 0.050926
0 0.438281 0.578704 0.033854 0.048148
0 0.027604 0.404630 0.032292 0.061111
0 0.369010 0.546759 0.027604 0.065741
0 0.929948 0.196759 0.019271 0.060185
0 0.442708 0.700926 0.033333 0.061111
0 0.278646 0.810185 0.037500 0.048148
0 0.658594 0.076389 0.025521 0.062037
0 0.107292 0.137500 0.039583 0.050926
0 0.251302 0.388426 0.038021 0.047222
0 0.717187 0.225000 0.035417 0.059259
0 0.809635 0.615278 0.033854 0.047222
0 0.224479 0.726852 0.035417 0.051852
0 0.340365 0.532407 0.039062 0.046296
0 0.706771 0.137500 0.034375 0.052778
0 0.592969 0.060648 0.027604 0.063889
0 0.411979 0.532870 0.020833 0.058333
0 0.581250 0.150000 0.027083 0.068519
0 0.614062 0.262963 0.018750 0.064815
0 0.788281 0.375000 0.039062 0.042593
0 0.099740 0.220370 0.032813 0.061111
0 0.382552 0.358333 0.036979 0.038889
0 0.699479 0.639815 0.033333 0.042593
0 0.044271 0.063889 0.032292 0.061111
0 0.224479 0.637037 0.034375 0.044444
0 0.200781 0.187963 0.026562 0.066667
0 0.653125 0.694444 0.028125 0.059259
0 0.479948 0.200926 0.025521 0.059259
0 0.939844 0.118519 0.022396 0.057407
0 0.438542 0.631481 0.034375 0.064815
0 0.767708 0.096759 0.019792 0.067593
0 0.220312 0.253704 0.037500 0.040741
0 0.141927 0.131944 0.030729 0.069444
0 0.795833 0.417130 0.033333 0.047222
0 0.045573 0.452315 0.036979 0.063889
0 0.964323 0.542593 0.023438 0.064815
0 0.403125 0.816667 0.037500 0.042593
0 0.625000 0.502315 0.019792 0.076852
0 0.261979 0.029630 0.021875 0.057407
0 0.836719 0.193519 0.022396 0.048148
0 0.756510 0.166667 0.041146 0.055556
0 0.037240 0.268056 0.038021 0.062037
0 0.079687 0.062037 0.028125 0.074074
0 0.395313 0.542593 0.020833 0.066667
0 0.360417 0.825000 0.035417 0.051852
0 0.521094 0.163889 0.026562 0.055556
0 0.148698 0.074074 0.031771 0.064815
0 0.946875 0.253704 0.023958 0.061111
0 0.342708 0.152315 0.039583 0.043519
0 0.468490 0.137963 0.019271 0.066667
0 0.750521 0.848148 0.037500 0.051852
0 0.798438 0.185648 0.033333 0.045370
0 0.122135 0.367593 0.039062 0.057407
0 0.304427 0.569907 0.039062 0.037963
0 0.325781 0.253704 0.020313 0.068519
0 0.623958 0.806944 0.020833 0.069444
0 0.343750 0.341204 0.040625 0.036111
0 0.345052 0.057407 0.026562 0.051852
0 0.336198 0.412963 0.035937 0.038889
0 0.790885 0.806944 0.038021 0.036111
0 0.511458 0.790741 0.023958 0.070370
0 0.896354 0.165278 0.029167 0.047222
0 0.744010 0.501852 0.042188 0.046296
0 0.428385 0.035185 0.025521 0.064815
0 0.099479 0.635648 0.036458 0.062037
0 0.599219 0.768519 0.033854 0.046296
0 0.601302 0.715741 0.035937 0.044444
0 0.826823 0.643056 0.031771 0.049074
0 0.095312 0.176389 0.041667 0.043519
0 0.516406 0.537500 0.021354 0.073148
0 0.101562 0.701389 0.028125 0.063889
0 0.985156 0.297222 0.026562 0.053704
0 0.966667 0.181481 0.030208 0.055556
0 0.077344 0.421296 0.032813 0.074074
0 0.503906 0.166667 0.022396 0.059259
0 0.557552 0.091204 0.033854 0.056481
0 0.136719 0.299074 0.023438 0.074074
0 0.240625 0.037500 0.019792 0.052778
0 0.892708 0.078704 0.033333 0.048148
0 0.059115 0.625000 0.036979 0.059259
0 0.104167 0.780093 0.039583 0.047222
0 0.779427 0.771296 0.035937 0.033333
0 0.012240 0.149537 0.023438 0.067593
0 0.323177 0.692130 0.023438 0.058333
0 0.958854 0.107407 0.022917 0.061111
0 0.793229 0.052778 0.027083 0.053704
0 0.682813 0.546296 0.018750 0.057407
0 0.656771 0.022685 0.021875 0.043519
0 0.691146 0.586574 0.036458 0.041667
0 0.290885 0.421296 0.028646 0.062963
0 0.726302 0.821296 0.038021 0.051852
0 0.730990 0.055093 0.038021 0.037963
0 0.697656 0.749537 0.035937 0.034259
0 0.296615 0.339352 0.040104 0.045370
0 0.249219 0.778241 0.024479 0.067593
0 0.396615 0.869444 0.036979 0.038889
0 0.564583 0.648611 0.020833 0.065741
0 0.211719 0.308333 0.041146 0.038889
0 0.603906 0.902315 0.030729 0.058333
0 0.824219 0.096759 0.033854 0.047222
0 0.195052 0.458333 0.036979 0.062963
0 0.982812 0.164352 0.033333 0.052778
0 0.164323 0.673148 0.043229 0.050000
0 0.255729 0.087500 0.025000 0.052778
0 0.569531 0.743056 0.030729 0.073148
0 0.031771 0.655093 0.032292 0.062037
0 0.077083 0.478704 0.044792 0.038889
0 0.772656 0.732407 0.030729 0.033333
0 0.684115 0.180093 0.038021 0.039815
0 0.170052 0.156944 0.039062 0.049074
0 0.983594 0.100926 0.029687 0.046296
0 0.770052 0.462963 0.024479 0.044444
0 0.600781 0.105093 0.034896 0.045370
0 0.899219 0.672222 0.024479 0.062963
0 0.298698 0.613889 0.022396 0.053704
0 0.132552 0.029630 0.029687 0.050000
0 0.237240 0.899074 0.033854 0.048148
0 0.985938 0.580556 0.027083 0.040741
0 0.842448 0.681481 0.038021 0.037037
0 0.034375 0.589352 0.026042 0.062037
0 0.652604 0.819444 0.039583 0.053704
0 0.016927 0.096759 0.017188 0.052778
0 0.856250 0.117130 0.037500 0.043519
0 0.237240 0.086574 0.032813 0.045370
0 0.080208 0.257407 0.035417 0.072222
0 0.773698 0.670370 0.044271 0.053704
0 0.050781 0.038889 0.027604 0.044444
0 0.011198 0.249074 0.021354 0.068519
0 0.180729 0.205556 0.037500 0.044444
0 0.687760 0.903241 0.032813 0.043519
0 0.016406 0.055556 0.031771 0.057407
0 0.583333 0.325000 0.018750 0.066667
0 0.544271 0.027778 0.035417 0.053704
0 0.430469 0.736574 0.028646 0.043519
0 0.123698 0.838426 0.035937 0.063889
0 0.721875 0.925926 0.028125 0.048148
0 0.963542 0.324537 0.042708 0.054630
0 0.009896 0.435185 0.018750 0.068519
0 0.311198 0.034259 0.029687 0.046296
0 0.182031 0.048611 0.024479 0.045370
0 0.219271 0.775926 0.021875 0.044444
0 0.058073 0.132870 0.028646 0.052778
0 0.198698 0.929167 0.038021 0.043519
0 0.356250 0.016667 0.039583 0.031481
0 0.871875 0.813889 0.033333 0.053704
0 0.769271 0.947222 0.035417 0.053704
0 0.984896 0.637963 0.028125 0.037037
0 0.839063 0.906019 0.033333 0.063889
0 0.967969 0.624074 0.031771 0.061111
0 0.054167 0.397222 0.026042 0.048148
0 0.054948 0.499074 0.019271 0.048148
0 0.074219 0.952778 0.033854 0.053704
0 0.754167 0.925463 0.022917 0.034259
0 0.750521 0.977778 0.039583 0.042593
0 0.593490 0.969907 0.035937 0.054630
0 0.846615 0.982407 0.029687 0.033333
0 0.391927 0.891667 0.032813 0.029630
0 0.119271 0.954630 0.032292 0.066667
0 0.269271 0.839815 0.018750 0.046296
0 0.923698 0.886111 0.046354 0.038889
0 0.395052 0.953704 0.036979 0.062963
0 0.894792 0.901389 0.027083 0.037963
0 0.946094 0.939815 0.036979 0.038889
0 0.882552 0.974537 0.027604 0.025000
0 0.288021 0.849074 0.028125 0.040741
0 0.007552 0.651389 0.014063 0.043519
0 0.125260 0.467130 0.033854 0.056481
0 0.105208 0.877778 0.047917 0.048148
0 0.626042 0.168056 0.025000 0.054630
0 0.638021 0.128704 0.017708 0.057407
0 0.619531 0.121759 0.021354 0.047222
0 0.607292 0.021759 0.019792 0.039815
0 0.634375 0.013426 0.013542 0.025000
0 0.482031 0.158333 0.025521 0.050000
0 0.494531 0.043056 0.013021 0.045370
0 0.508333 0.035648 0.012500 0.037963
0 0.521094 0.096759 0.023438 0.052778
0 0.531510 0.055093 0.015104 0.049074
0 0.499740 0.113889 0.024479 0.057407
0 0.488281 0.013889 0.019271 0.025926
0 0.529427 0.014352 0.024479 0.026852
0 0.544792 0.035648 0.022917 0.054630
0 0.566927 0.049074 0.029687 0.031481
0 0.692708 0.078704 0.016667 0.068519
0 0.674740 0.061574 0.022396 0.030556
0 0.676562 0.131481 0.019792 0.059259
0 0.710417 0.194444 0.035417 0.048148
0 0.772396 0.229167 0.019792 0.063889
0 0.753906 0.231944 0.027604 0.058333
0 0.749740 0.265278 0.022396 0.069444
0 0.581771 0.017130 0.022917 0.032407
0 0.559896 0.026389 0.019792 0.028704
0 0.171094 0.096759 0.024479 0.067593
0 0.190365 0.100000 0.034896 0.048148
0 0.038802 0.487963 0.020313 0.027778
0 0.030990 0.094444 0.019271 0.050000
0 0.031510 0.153704 0.019271 0.066667
0 0.050521 0.170370 0.026042 0.048148
0 0.012240 0.013426 0.019271 0.025000
0 0.717187 0.300463 0.038542 0.054630
0 0.726042 0.254630 0.028125 0.050000
0 0.647656 0.101389 0.022396 0.056481
0 0.961198 0.231019 0.016146 0.054630
0 0.976302 0.222222 0.019271 0.046296
0 0.996875 0.221759 0.006250 0.034259
0 0.995833 0.320833 0.008333 0.067593
0 0.985156 0.975000 0.028646 0.018519
0 0.704167 0.974074 0.036458 0.050000
0 0.990885 0.885648 0.017188 0.060185
0 0.113281 0.010185 0.016146 0.018519
0 0.055729 0.013426 0.023958 0.025000
0 0.032813 0.008796 0.018750 0.015741
