0 0.694010 0.529630 0.023438 0.061111
0 0.668750 0.497685 0.021875 0.063889
0 0.881771 0.228704 0.018750 0.064815
0 0.750521 0.390278 0.029167 0.054630
0 0.860417 0.486574 0.025000 0.063889
0 0.741406 0.477778 0.029687 0.061111
0 0.690625 0.337500 0.021875 0.067593
0 0.698698 0.066204 0.019271 0.062037
0 0.459635 0.625000 0.032813 0.061111
0 0.705208 0.596296 0.023958 0.061111
0 0.800000 0.451389 0.019792 0.063889
0 0.614844 0.263889 0.032813 0.051852
0 0.899740 0.395833 0.025521 0.060185
0 0.823438 0.461574 0.019792 0.060185
0 0.795312 0.518981 0.038542 0.050926
0 0.706250 0.481944 0.018750 0.063889
0 0.609115 0.550926 0.029687 0.057407
0 0.727344 0.383333 0.032813 0.050000
0 0.921615 0.203241 0.023438 0.060185
0 0.687240 0.106019 0.021354 0.060185
0 0.511979 0.107870 0.022917 0.063889
0 0.536458 0.103704 0.028125 0.059259
0 0.768229 0.456944 0.018750 0.067593
0 0.876302 0.342593 0.022396 0.059259
0 0.770833 0.672685 0.033333 0.058333
0 0.505469 0.584259 0.027604 0.062963
0 0.910937 0.267593 0.027083 0.059259
0 0.529427 0.573148 0.029687 0.055556
0 0.283073 0.117593 0.032813 0.064815
0 0.869531 0.163889 0.022396 0.062963
0 0.296615 0.187037 0.029687 0.064815
0 0.974740 0.476852 0.032813 0.068519
0 0.657031 0.233796 0.032813 0.062037
0 0.806771 0.704167 0.031250 0.062037
0 0.923177 0.515741 0.034896 0.064815
0 0.663802 0.343056 0.025521 0.067593
0 0.309635 0.092593 0.020313 0.062963
0 0.769792 0.557407 0.035417 0.040741
0 0.654687 0.150463 0.018750 0.056481
0 0.758073 0.318519 0.030729 0.053704
0 0.590104 0.393519 0.022917 0.066667
0 0.521354 0.634259 0.029167 0.062963
0 0.834635 0.647222 0.029687 0.057407
0 0.560417 0.612500 0.036458 0.037963
0 0.404948 0.212500 0.035937 0.060185
0 0.506510 0.699537 0.035937 0.036111
0 0.926042 0.597685 0.027083 0.058333
0 0.908073 0.538426 0.030729 0.065741
0 0.969010 0.285185 0.023438 0.085185
0 0.839583 0.215278 0.032292 0.056481
0 0.479427 0.601389 0.028646 0.062037
0 0.880208 0.615741 0.029167 0.057407
0 0.634896 0.805556 0.035417 0.051852
0 0.598958 0.129630 0.017708 0.057407
0 0.939063 0.430093 0.032292 0.065741
0 0.332031 0.156481 0.028646 0.059259
0 0.549219 0.473148 0.017188 0.066667
0 0.229427 0.257407 0.036979 0.053704
0 0.885417 0.565741 0.021875 0.068519
0 0.705469 0.649074 0.021354 0.059259
0 0.551823 0.266204 0.036979 0.037963
0 0.803906 0.645370 0.031771 0.061111
0 0.696615 0.786111 0.031771 0.042593
0 0.543750 0.172685 0.021875 0.062037
0 0.828385 0.578241 0.024479 0.065741
0 0.948438 0.182870 0.035417 0.041667
0 0.102344 0.076389 0.028646 0.056481
0 0.578646 0.493981 0.032292 0.063889
0 0.927865 0.473148 0.036979 0.048148
0 0.222656 0.116204 0.040104 0.062037
0 0.388542 0.660185 0.038542 0.046296
0 0.187500 0.176389 0.029167 0.069444
0 0.168490 0.117130 0.026562 0.063889
0 0.027604 0.192130 0.038542 0.069444
0 0.512760 0.790741 0.029687 0.053704
0 0.194531 0.042130 0.028646 0.069444
0 0.459375 0.491204 0.036458 0.058333
0 0.629167 0.165278 0.023958 0.047222
0 0.379948 0.101852 0.040104 0.044444
0 0.840625 0.137963 0.030208 0.061111
0 0.631250 0.857407 0.037500 0.042593
0 0.841927 0.822222 0.036979 0.050000
0 0.810677 0.594444 0.028646 0.059259
0 0.087500 0.129630 0.019792 0.062963
0 0.957812 0.378704 0.038542 0.051852
0 0.555729 0.037963 0.034375 0.059259
0 0.358333 0.288426 0.037500 0.045370
0 0.605729 0.824074 0.038542 0.050000
0 0.729167 0.337963 0.038542 0.044444
0 0.087760 0.415741 0.041146 0.053704
0 0.944531 0.142593 0.036979 0.042593
0 0.051042 0.430093 0.035417 0.058333
0 0.720313 0.300000 0.034375 0.040741
0 0.454688 0.149537 0.034375 0.043519
0 0.556510 0.128241 0.034896 0.037963
0 0.372917 0.695833 0.038542 0.045370
0 0.759115 0.278704 0.035937 0.042593
0 0.375000 0.735648 0.035417 0.058333
0 0.902604 0.341204 0.029167 0.056481
0 0.201823 0.456944 0.035937 0.060185
0 0.397917 0.268981 0.040625 0.043519
0 0.150260 0.049074 0.027604 0.050000
0 0.344792 0.232870 0.037500 0.063889
0 0.464583 0.792130 0.020833 0.056481
0 0.576042 0.079167 0.035417 0.041667
0 0.763021 0.811111 0.031250 0.072222
0 0.164062 0.424074 0.037500 0.055556
0 0.073958 0.351852 0.021875 0.066667
0 0.787760 0.600463 0.025521 0.062037
0 0.298177 0.323148 0.029687 0.062963
0 0.086458 0.474074 0.042708 0.038889
0 0.869271 0.080093 0.034375 0.037963
0 0.644792 0.344907 0.020833 0.065741
0 0.981250 0.755556 0.033333 0.053704
0 0.577865 0.664352 0.035937 0.036111
0 0.240365 0.035185 0.022396 0.051852
0 0.710156 0.194907 0.038021 0.037963
0 0.472135 0.350000 0.034896 0.059259
0 0.741927 0.889352 0.039062 0.043519
0 0.979167 0.426852 0.037500 0.053704
0 0.934375 0.287500 0.031250 0.049074
0 0.798177 0.319444 0.040104 0.044444
0 0.672656 0.027778 0.034896 0.038889
0 0.511979 0.382870 0.037500 0.049074
0 0.045833 0.116667 0.035417 0.059259
0 0.741927 0.850926 0.038021 0.037037
0 0.896615 0.141204 0.036979 0.039815
0 0.947396 0.270370 0.027083 0.064815
0 0.701562 0.700926 0.037500 0.044444
0 0.932292 0.745833 0.037500 0.039815
0 0.981250 0.092593 0.036458 0.057407
0 0.255469 0.022222 0.034896 0.042593
0 0.239323 0.312963 0.040104 0.042593
0 0.824479 0.372685 0.040625 0.052778
0 0.856510 0.796759 0.038021 0.047222
0 0.973958 0.701852 0.036458 0.050000
0 0.010677 0.379630 0.020313 0.068519
0 0.896615 0.054167 0.028646 0.058333
0 0.852604 0.617130 0.037500 0.037963
0 0.544531 0.677778 0.035937 0.042593
0 0.278125 0.335648 0.037500 0.052778
0 0.053646 0.037500 0.027083 0.037963
0 0.347396 0.761574 0.023958 0.078704
0 0.427604 0.440741 0.023958 0.075926
0 0.072656 0.638426 0.034896 0.058333
0 0.525260 0.861574 0.035937 0.043519
0 0.931250 0.849537 0.037500 0.045370
0 0.619792 0.022222 0.020833 0.042593
0 0.076042 0.094907 0.027083 0.073148
0 0.768229 0.096296 0.038542 0.040741
0 0.680208 0.435185 0.041667 0.040741
0 0.484115 0.539815 0.026562 0.070370
0 0.261719 0.078704 0.028646 0.040741
0 0.027604 0.527315 0.031250 0.065741
0 0.130990 0.720833 0.033854 0.065741
0 0.031771 0.370370 0.025000 0.066667
0 0.677604 0.170370 0.039583 0.033333
0 0.981510 0.159259 0.035937 0.050000
0 0.042708 0.288889 0.041667 0.046296
0 0.025000 0.091204 0.032292 0.060185
0 0.525000 0.024074 0.019792 0.046296
0 0.572917 0.715278 0.023958 0.071296
0 0.033854 0.443056 0.030208 0.060185
0 0.135937 0.265741 0.040625 0.053704
0 0.054427 0.490741 0.024479 0.064815
0 0.545573 0.725926 0.018229 0.064815
0 0.247135 0.745370 0.033854 0.062963
0 0.926042 0.795370 0.037500 0.066667
0 0.919271 0.721759 0.038542 0.047222
0 0.238281 0.082407 0.032813 0.046296
0 0.010937 0.520833 0.020833 0.062037
0 0.875260 0.852315 0.042188 0.034259
0 0.310417 0.033333 0.032292 0.048148
0 0.690625 0.912500 0.036458 0.039815
0 0.051042 0.162037 0.033333 0.062963
0 0.148958 0.309259 0.040625 0.050000
0 0.402083 0.019907 0.017708 0.037963
0 0.046615 0.685185 0.025521 0.066667
0 0.206771 0.767593 0.023958 0.066667
0 0.241406 0.230556 0.024479 0.051852
0 0.971354 0.853241 0.035417 0.067593
0 0.944531 0.927315 0.029687 0.049074
0 0.894792 0.912500 0.023958 0.056481
0 0.669792 0.650000 0.042708 0.068519
0 0.229948 0.899074 0.036979 0.044444
0 0.023958 0.474074 0.021875 0.061111
0 0.168229 0.642593 0.033333 0.075926
0 0.138021 0.499537 0.030208 0.069444
0 0.973437 0.604167 0.035417 0.067593
0 0.885677 0.017593 0.024479 0.033333
0 0.633073 0.940741 0.020313 0.062963
0 0.968490 0.907407 0.040104 0.042593
0 0.512500 0.045370 0.020833 0.050000
0 0.775260 0.019444 0.039062 0.037037
0 0.180208 0.053704 0.019792 0.044444
0 0.508594 0.904167 0.035937 0.037963
0 0.935156 0.879630 0.034896 0.035185
0 0.079427 0.015741 0.024479 0.029630
0 0.233594 0.544907 0.046354 0.036111
0 0.812240 0.894444 0.031771 0.072222
0 0.759115 0.942593 0.018229 0.061111
0 0.106250 0.013426 0.021875 0.025000
0 0.476302 0.930093 0.036979 0.041667
0 0.873177 0.973611 0.019271 0.041667
0 0.323177 0.904630 0.034896 0.046296
0 0.069010 0.855093 0.036979 0.056481
0 0.008854 0.102315 0.016667 0.050926
0 0.953385 0.044444 0.017188 0.031481
0 0.649740 0.961111 0.029687 0.061111
0 0.017448 0.014352 0.020313 0.026852
0 0.407552 0.892593 0.025521 0.038889
0 0.185417 0.093056 0.035417 0.041667
0 0.451823 0.896759 0.031771 0.034259
0 0.485677 0.960185 0.035937 0.048148
0 0.368229 0.894444 0.033333 0.038889
0 0.279948 0.981944 0.032813 0.034259
0 0.216146 0.982407 0.035417 0.031481
0 0.870313 0.891667 0.029167 0.051852
0 0.342448 0.884722 0.034896 0.036111
0 0.330729 0.869444 0.033333 0.031481
0 0.337500 0.976852 0.034375 0.027778
0 0.011198 0.866667 0.021354 0.046296
0 0.452604 0.963426 0.034375 0.060185
0 0.304427 0.896759 0.029687 0.032407
0 0.520573 0.158796 0.019271 0.041667
0 0.004167 0.168056 0.007292 0.062037
0 0.012500 0.053704 0.023958 0.038889
0 0.084635 0.049537 0.021354 0.052778
0 0.011198 0.435648 0.015104 0.047222
0 0.392969 0.968981 0.026562 0.060185
0 0.619271 0.118519 0.019792 0.050000
0 0.639583 0.125463 0.015625 0.058333
0 0.647656 0.100000 0.017188 0.040741
0 0.659635 0.086574 0.025521 0.058333
0 0.672135 0.061574 0.026562 0.034259
0 0.673698 0.129167 0.017188 0.052778
0 0.841927 0.315741 0.036979 0.044444
0 0.832812 0.262500 0.025000 0.030556
0 0.844792 0.287037 0.028125 0.038889
0 0.878125 0.279630 0.030208 0.046296
0 0.859115 0.228704 0.017188 0.057407
0 0.869531 0.112500 0.027604 0.032407
0 0.902865 0.211574 0.019271 0.058333
0 0.962240 0.219907 0.022396 0.043519
0 0.990885 0.252315 0.018229 0.058333
0 0.993750 0.305556 0.012500 0.050000
0 0.991146 0.475463 0.017708 0.047222
0 0.772396 0.521296 0.037500 0.051852
0 0.991667 0.833796 0.016667 0.045370
0 0.779167 0.983796 0.036458 0.026852
0 0.584896 0.975000 0.046875 0.048148
0 0.620052 0.978241 0.033854 0.043519
0 0.994792 0.370833 0.010417 0.049074
0 0.893750 0.977778 0.017708 0.029630
