0 0.523177 0.315278 0.027604 0.063889
0 0.484115 0.195370 0.030729 0.062963
0 0.510677 0.555556 0.026562 0.057407
0 0.430208 0.449537 0.029167 0.058333
0 0.516927 0.518056 0.034896 0.047222
0 0.525781 0.241667 0.020313 0.068519
0 0.779948 0.617593 0.030729 0.064815
0 0.372396 0.404630 0.028125 0.059259
0 0.726302 0.574537 0.029687 0.062037
0 0.634896 0.455093 0.021875 0.069444
0 0.648698 0.510648 0.021354 0.063889
0 0.575521 0.330093 0.026042 0.067593
0 0.635938 0.700000 0.030208 0.066667
0 0.624740 0.305093 0.023438 0.073148
0 0.407552 0.107870 0.023438 0.065741
0 0.453906 0.131481 0.031771 0.053704
0 0.161979 0.143056 0.022917 0.063889
0 0.672917 0.650000 0.033333 0.055556
0 0.404167 0.268056 0.036458 0.039815
0 0.418229 0.515278 0.022917 0.067593
0 0.742448 0.751389 0.029687 0.054630
0 0.566146 0.264352 0.023958 0.067593
0 0.369010 0.545370 0.026562 0.057407
0 0.547656 0.447685 0.031771 0.050926
0 0.594792 0.553704 0.030208 0.059259
0 0.401302 0.407870 0.020313 0.063889
0 0.369271 0.479167 0.038542 0.045370
0 0.874219 0.421296 0.024479 0.062963
0 0.678906 0.568981 0.019271 0.065741
0 0.617969 0.534722 0.024479 0.060185
0 0.189062 0.193981 0.035417 0.050926
0 0.703906 0.709259 0.024479 0.062963
0 0.200521 0.162963 0.039583 0.050000
0 0.805469 0.803241 0.038021 0.056481
0 0.728906 0.713426 0.030729 0.056481
0 0.440365 0.184259 0.029687 0.061111
0 0.307292 0.093981 0.020833 0.067593
0 0.446354 0.255093 0.038542 0.037963
0 0.743750 0.643981 0.026042 0.065741
0 0.579948 0.705556 0.026562 0.062963
0 0.358073 0.235185 0.025521 0.066667
0 0.589063 0.485185 0.019792 0.062963
0 0.900781 0.432870 0.024479 0.067593
0 0.859115 0.493981 0.033854 0.047222
0 0.193750 0.239815 0.037500 0.053704
0 0.528646 0.717130 0.019792 0.071296
0 0.405729 0.034259 0.027083 0.059259
0 0.132812 0.124537 0.022917 0.067593
0 0.329427 0.766667 0.031771 0.055556
0 0.573698 0.635648 0.034896 0.047222
0 0.956250 0.421759 0.033333 0.054630
0 0.842969 0.599074 0.022396 0.066667
0 0.397656 0.549537 0.035937 0.039815
0 0.124740 0.501389 0.042188 0.045370
0 0.869792 0.325463 0.023958 0.058333
0 0.066146 0.162037 0.022917 0.070370
0 0.483594 0.087500 0.026562 0.058333
0 0.550521 0.504630 0.025000 0.053704
0 0.438802 0.564815 0.022396 0.068519
0 0.425521 0.636111 0.036458 0.038889
0 0.525521 0.472685 0.036458 0.036111
0 0.072656 0.094444 0.022396 0.055556
0 0.705729 0.298148 0.027083 0.061111
0 0.679427 0.800926 0.036979 0.037037
0 0.839844 0.684722 0.034896 0.041667
0 0.309896 0.720370 0.019792 0.066667
0 0.912240 0.543519 0.026562 0.072222
0 0.826302 0.499537 0.033854 0.050926
0 0.780469 0.537963 0.029687 0.064815
0 0.702865 0.521759 0.039062 0.037963
0 0.819010 0.290278 0.022396 0.062037
0 0.151042 0.382870 0.036458 0.054630
0 0.084375 0.147685 0.022917 0.067593
0 0.777604 0.493056 0.038542 0.050926
0 0.112240 0.127778 0.024479 0.062963
0 0.027604 0.377315 0.026042 0.062037
0 0.597917 0.248611 0.037500 0.039815
0 0.571094 0.482407 0.018229 0.066667
0 0.107552 0.182407 0.024479 0.064815
0 0.759375 0.808796 0.028125 0.063889
0 0.436979 0.332870 0.025000 0.069444
0 0.197917 0.473148 0.025000 0.075926
0 0.042448 0.260648 0.041146 0.065741
0 0.711979 0.404167 0.033333 0.036111
0 0.809375 0.396759 0.037500 0.041667
0 0.719531 0.808333 0.023438 0.048148
0 0.929948 0.440741 0.024479 0.062963
0 0.792708 0.204167 0.021875 0.058333
0 0.771094 0.741204 0.020313 0.065741
0 0.924479 0.305093 0.035417 0.050926
0 0.589583 0.075000 0.030208 0.055556
0 0.496094 0.046296 0.024479 0.050000
0 0.345313 0.057870 0.028125 0.049074
0 0.558333 0.188889 0.032292 0.051852
0 0.236979 0.737963 0.020833 0.066667
0 0.933333 0.712963 0.030208 0.057407
0 0.031510 0.190741 0.034896 0.064815
0 0.601302 0.181944 0.031771 0.056481
0 0.800521 0.331019 0.034375 0.049074
0 0.195312 0.704167 0.025000 0.067593
0 0.262500 0.029630 0.022917 0.057407
0 0.021875 0.438426 0.037500 0.049074
0 0.495052 0.406481 0.040104 0.055556
0 0.412240 0.358333 0.036979 0.042593
0 0.204167 0.301389 0.038542 0.043519
0 0.064583 0.235185 0.027083 0.074074
0 0.744271 0.500926 0.041667 0.033333
0 0.903125 0.382870 0.036458 0.045370
0 0.481250 0.768056 0.027083 0.067593
0 0.691146 0.161111 0.020833 0.061111
0 0.925521 0.806481 0.030208 0.064815
0 0.774740 0.240278 0.023438 0.052778
0 0.664583 0.208796 0.030208 0.058333
0 0.963021 0.562963 0.023958 0.070370
0 0.284635 0.666204 0.035937 0.030556
0 0.821354 0.243056 0.025000 0.054630
0 0.323437 0.151389 0.041667 0.049074
0 0.865365 0.805093 0.038021 0.039815
0 0.838542 0.351389 0.034375 0.047222
0 0.689323 0.039352 0.020313 0.062037
0 0.404167 0.811574 0.034375 0.034259
0 0.243750 0.331481 0.042708 0.037037
0 0.291406 0.616204 0.031771 0.045370
0 0.851823 0.731481 0.023438 0.066667
0 0.556510 0.698148 0.022396 0.062963
0 0.135417 0.560648 0.029167 0.063889
0 0.757552 0.137500 0.021354 0.067593
0 0.901563 0.213426 0.019792 0.054630
0 0.627604 0.166667 0.021875 0.048148
0 0.980469 0.347685 0.031771 0.056481
0 0.552604 0.229167 0.032292 0.049074
0 0.790625 0.857870 0.028125 0.063889
0 0.525260 0.124537 0.025521 0.076852
0 0.345313 0.027315 0.037500 0.049074
0 0.948177 0.257407 0.021354 0.055556
0 0.856771 0.773611 0.039583 0.036111
0 0.098177 0.682870 0.025521 0.065741
0 0.657031 0.031944 0.031771 0.052778
0 0.850781 0.267593 0.035937 0.040741
0 0.538281 0.029167 0.021354 0.056481
0 0.240885 0.037963 0.019271 0.050000
0 0.232552 0.419444 0.042188 0.040741
0 0.563802 0.144907 0.038021 0.039815
0 0.962240 0.116204 0.024479 0.062037
0 0.778646 0.815741 0.021875 0.064815
0 0.033333 0.734259 0.034375 0.059259
0 0.116927 0.047685 0.043229 0.043519
0 0.211458 0.617593 0.037500 0.051852
0 0.502083 0.790741 0.033333 0.037037
0 0.724219 0.922222 0.027604 0.051852
0 0.020833 0.305093 0.037500 0.039815
0 0.985677 0.294907 0.027604 0.054630
0 0.126823 0.733796 0.026562 0.067593
0 0.946094 0.183333 0.032813 0.042593
0 0.733073 0.062963 0.038021 0.051852
0 0.787240 0.449074 0.044271 0.050000
0 0.256510 0.379630 0.043229 0.042593
0 0.722917 0.124074 0.035417 0.051852
0 0.479687 0.024074 0.034375 0.046296
0 0.633073 0.064815 0.036979 0.042593
0 0.917708 0.250463 0.043750 0.041667
0 0.817708 0.133333 0.025000 0.050000
0 0.105990 0.083796 0.046354 0.049074
0 0.864844 0.227778 0.038021 0.040741
0 0.258854 0.085648 0.022917 0.047222
0 0.017188 0.335185 0.033333 0.037037
0 0.910417 0.345370 0.035417 0.048148
0 0.967187 0.285185 0.029167 0.066667
0 0.688281 0.101389 0.045312 0.058333
0 0.011719 0.158796 0.022396 0.060185
0 0.205469 0.043519 0.038021 0.048148
0 0.219271 0.782407 0.021875 0.059259
0 0.771354 0.066204 0.026042 0.062037
0 0.311719 0.033796 0.031771 0.045370
0 0.010156 0.375463 0.019271 0.060185
0 0.945833 0.319444 0.019792 0.055556
0 0.432292 0.739815 0.027083 0.050000
0 0.989062 0.550926 0.021875 0.055556
0 0.897396 0.163889 0.031250 0.048148
0 0.236979 0.084259 0.032292 0.044444
0 0.892448 0.076852 0.035937 0.046296
0 0.484896 0.824537 0.030208 0.041667
0 0.556250 0.040741 0.034375 0.053704
0 0.108073 0.758796 0.027604 0.050926
0 0.986458 0.170833 0.027083 0.043519
0 0.788021 0.137500 0.034375 0.062037
0 0.239323 0.242130 0.023438 0.054630
0 0.333854 0.864352 0.032292 0.060185
0 0.984635 0.224074 0.026562 0.048148
0 0.372917 0.886111 0.038542 0.044444
0 0.985677 0.099074 0.027604 0.046296
0 0.015365 0.045370 0.029687 0.044444
0 0.066146 0.481944 0.050000 0.062037
0 0.140104 0.022222 0.039583 0.042593
0 0.722135 0.158333 0.035937 0.037037
0 0.451042 0.024074 0.038542 0.040741
0 0.053125 0.037037 0.029167 0.040741
0 0.610677 0.028704 0.035937 0.040741
0 0.873698 0.184259 0.038021 0.044444
0 0.177604 0.084722 0.047917 0.073148
0 0.957552 0.056019 0.025521 0.052778
0 0.466667 0.605556 0.030208 0.066667
0 0.057813 0.133333 0.028125 0.051852
0 0.828385 0.161574 0.039062 0.039815
0 0.709635 0.943981 0.033854 0.052778
0 0.946094 0.939815 0.035937 0.037037
0 0.670573 0.937963 0.020313 0.051852
0 0.008073 0.506019 0.015104 0.034259
0 0.113021 0.537037 0.027083 0.031481
0 0.849219 0.873148 0.030729 0.070370
0 0.008333 0.622685 0.015625 0.039815
0 0.825521 0.195833 0.045833 0.049074
0 0.269531 0.838426 0.019271 0.049074
0 0.321354 0.940278 0.032292 0.063889
0 0.163021 0.475463 0.025000 0.028704
0 0.710156 0.981019 0.053646 0.036111
0 0.702083 0.370370 0.014583 0.022222
0 0.070052 0.862500 0.041146 0.069444
0 0.504167 0.952315 0.036458 0.045370
0 0.978385 0.978241 0.030729 0.043519
0 0.551042 0.107407 0.033333 0.048148
0 0.620052 0.120833 0.021354 0.050926
0 0.638281 0.128241 0.016146 0.062037
0 0.648438 0.100000 0.020833 0.044444
0 0.522917 0.167593 0.027083 0.055556
0 0.995052 0.440278 0.009896 0.071296
0 0.895312 0.903241 0.027083 0.036111
0 0.919010 0.888426 0.030729 0.025000
0 0.253906 0.874537 0.020313 0.034259
0 0.122656 0.969907 0.039062 0.056481
0 0.962500 0.221296 0.019792 0.061111
0 0.990365 0.116204 0.018229 0.062037
0 0.967708 0.312037 0.019792 0.046296
0 0.959375 0.012500 0.023958 0.023148
0 0.968750 0.153241 0.015625 0.032407
0 0.675000 0.143519 0.018750 0.031481
0 0.509115 0.036111 0.015104 0.037037
0 0.525781 0.021759 0.020313 0.041667
0 0.673698 0.062500 0.021354 0.036111
0 0.994010 0.896296 0.011979 0.040741
0 0.506250 0.071759 0.028125 0.039815
0 0.515885 0.088426 0.028646 0.037963
0 0.182031 0.041667 0.021354 0.035185
0 0.139063 0.043056 0.028125 0.036111
0 0.185156 0.098148 0.033854 0.040741
0 0.954167 0.983796 0.029167 0.026852
0 0.288021 0.847685 0.029167 0.045370
0 0.050781 0.166204 0.023438 0.056481
0 0.031250 0.087963 0.017708 0.050000
0 0.015365 0.093056 0.017188 0.058333
0 0.004427 0.090741 0.007812 0.064815
0 0.567448 0.052315 0.029687 0.039815
