0 0.46728515625 0.2868923611111111 0.030914306640625 0.06016710069444445
0 0.61181640625 0.5130208333333334 0.021484375 0.0627170138888889
0 0.55615234375 0.5373263888888888 0.03582763671875 0.04684787326388889
0 0.5380859375 0.2593315972222222 0.025665283203125 0.06559244791666667
0 0.4208984375 0.4730902777777778 0.0295867919921875 0.05783420138888889
0 0.4638671875 0.21223958333333334 0.0260009765625 0.06282552083333333
0 0.82177734375 0.5651041666666666 0.0301055908203125 0.048773871527777776
0 0.44775390625 0.4765625 0.021240234375 0.068359375
0 0.5048828125 0.3049045138888889 0.036163330078125 0.05064561631944445
0 0.6513671875 0.5104166666666666 0.019500732421875 0.06401909722222222
0 0.59375 0.3567708333333333 0.034027099609375 0.058051215277777776
0 0.55078125 0.1665581597222222 0.03277587890625 0.051432291666666664
0 0.5947265625 0.4487847222222222 0.026611328125 0.06141493055555555
0 0.5546875 0.3791232638888889 0.032958984375 0.05995008680555555
0 0.73779296875 0.7686631944444444 0.0265045166015625 0.052001953125
0 0.775390625 0.4791666666666667 0.03155517578125 0.04969618055555555
0 0.51318359375 0.5828993055555556 0.0218658447265625 0.06700303819444445
0 0.5908203125 0.20475260416666666 0.021240234375 0.0632052951388889
0 0.84814453125 0.7348090277777778 0.0240478515625 0.053304036458333336
0 0.89501953125 0.4618055555555556 0.036712646484375 0.049614800347222224
0 0.7880859375 0.5316840277777778 0.021331787109375 0.0681423611111111
0 0.7412109375 0.3873697916666667 0.022369384765625 0.0632052951388889
0 0.55029296875 0.4522569444444444 0.0210113525390625 0.06076388888888889
0 0.6787109375 0.3444010416666667 0.0208892822265625 0.0720486111111111
0 0.568359375 0.4312065972222222 0.0223236083984375 0.06646050347222222
0 0.81689453125 0.1362847222222222 0.021942138671875 0.06190321180555555
0 0.80859375 0.7886284722222222 0.027587890625 0.06477864583333333
0 0.74755859375 0.8294270833333334 0.033905029296875 0.04139539930555555
0 0.80224609375 0.4077690972222222 0.01898193359375 0.06439887152777778
0 0.73046875 0.4596354166666667 0.02886962890625 0.06016710069444445
0 0.828125 0.3426649305555556 0.0273284912109375 0.0625
0 0.482177734375 0.4921875 0.036224365234375 0.043267144097222224
0 0.9091796875 0.5269097222222222 0.02630615234375 0.06353081597222222
0 0.393310546875 0.5707465277777778 0.0318603515625 0.0615234375
0 0.78173828125 0.3828125 0.0197601318359375 0.0627170138888889
0 0.73974609375 0.5425347222222222 0.037322998046875 0.046142578125
0 0.382568359375 0.07139756944444445 0.0217437744140625 0.06282552083333333
0 0.8984375 0.7782118055555556 0.03436279296875 0.054009331597222224
0 0.84228515625 0.8250868055555556 0.03521728515625 0.047037760416666664
0 0.865234375 0.6853298611111112 0.0265045166015625 0.060980902777777776
0 0.65087890625 0.3687065972222222 0.0283355712890625 0.057942708333333336
0 0.396240234375 0.2697482638888889 0.0186920166015625 0.06982421875
0 0.307861328125 0.09407552083333333 0.02069091796875 0.06510416666666667
0 0.900390625 0.3072916666666667 0.021575927734375 0.06499565972222222
0 0.91845703125 0.7048611111111112 0.03271484375 0.05015733506944445
0 0.64990234375 0.3122829861111111 0.033966064453125 0.04684787326388889
0 0.86376953125 0.8012152777777778 0.03533935546875 0.033881293402777776
0 0.748046875 0.2221137152777778 0.0266571044921875 0.057183159722222224
0 0.7685546875 0.3205295138888889 0.03192138671875 0.05750868055555555
0 0.59375 0.5546875 0.01898193359375 0.06499565972222222
0 0.6982421875 0.7039930555555556 0.033599853515625 0.056206597222222224
0 0.7158203125 0.1644965277777778 0.022979736328125 0.06461588541666667
0 0.52099609375 0.5238715277777778 0.036346435546875 0.057291666666666664
0 0.61279296875 0.2097439236111111 0.0292510986328125 0.054009331597222224
0 0.5712890625 0.2641059027777778 0.03704833984375 0.051323784722222224
0 0.78759765625 0.8138020833333334 0.038330078125 0.034722222222222224
0 0.576171875 0.10335286458333333 0.018402099609375 0.06722005208333333
0 0.484619140625 0.07438151041666667 0.0247039794921875 0.054850260416666664
0 0.463623046875 0.12120225694444445 0.0305633544921875 0.041314019097222224
0 0.67333984375 0.23328993055555555 0.027374267578125 0.058159722222222224
0 0.53662109375 0.5655381944444444 0.0207977294921875 0.06749131944444445
0 0.962890625 0.4032118055555556 0.0299224853515625 0.06005859375
0 0.88525390625 0.3450520833333333 0.024658203125 0.05995008680555555
0 0.50048828125 0.2465277777777778 0.0369873046875 0.042914496527777776
0 0.50048828125 0.1957465277777778 0.0228424072265625 0.060384114583333336
0 0.6943359375 0.1851128472222222 0.021209716796875 0.06559244791666667
0 0.33935546875 0.2758246527777778 0.038970947265625 0.04147677951388889
0 0.53955078125 0.6545138888888888 0.03125 0.057074652777777776
0 0.67919921875 0.5707465277777778 0.0189361572265625 0.06993272569444445
0 0.07354736328125 0.0968967013888889 0.021942138671875 0.06027560763888889
0 0.10321044921875 0.07682291666666667 0.0273284912109375 0.058159722222222224
0 0.88037109375 0.61328125 0.037322998046875 0.05015733506944445
0 0.74853515625 0.5043402777777778 0.04193115234375 0.037055121527777776
0 0.703125 0.5212673611111112 0.0384521484375 0.039306640625
0 0.69384765625 0.7890625 0.0235595703125 0.06477864583333333
0 0.65380859375 0.2593315972222222 0.0310211181640625 0.053521050347222224
0 0.4384765625 0.054117838541666664 0.03125 0.0556640625
0 0.371337890625 0.1857638888888889 0.0287017822265625 0.06700303819444445
0 0.77783203125 0.23914930555555555 0.024383544921875 0.05995008680555555
0 0.7744140625 0.4353298611111111 0.038330078125 0.046142578125
0 0.501953125 0.8068576388888888 0.0273284912109375 0.046685112847222224
0 0.385009765625 0.3559027777777778 0.036834716796875 0.039849175347222224
0 0.438720703125 0.5642361111111112 0.0205230712890625 0.06749131944444445
0 0.53466796875 0.0849609375 0.0211639404296875 0.06429036458333333
0 0.77099609375 0.7447916666666666 0.0200653076171875 0.06401909722222222
0 0.7998046875 0.3075086805555556 0.02423095703125 0.05783420138888889
0 0.06903076171875 0.16395399305555555 0.0269622802734375 0.06293402777777778
0 0.513671875 0.7434895833333334 0.03143310546875 0.0625
0 0.468017578125 0.04847547743055555 0.03167724609375 0.056966145833333336
0 0.63623046875 0.8103298611111112 0.03460693359375 0.04283311631944445
0 0.671875 0.796875 0.0220794677734375 0.060384114583333336
0 0.5244140625 0.1252170138888889 0.0303802490234375 0.06944444444444445
0 0.6015625 0.8268229166666666 0.020843505859375 0.06559244791666667
0 0.72119140625 0.7955729166666666 0.0323486328125 0.029622395833333332
0 0.90185546875 0.2126736111111111 0.0201416015625 0.056966145833333336
0 0.51123046875 0.057942708333333336 0.0285491943359375 0.06450737847222222
0 0.91064453125 0.3910590277777778 0.0369873046875 0.047119140625
0 0.1510009765625 0.14290364583333334 0.03192138671875 0.06309678819444445
0 0.65087890625 0.15733506944444445 0.0257568359375 0.060384114583333336
0 0.8505859375 0.12630208333333334 0.02655029296875 0.06537543402777778
0 0.34716796875 0.057183159722222224 0.02947998046875 0.05007595486111111
0 0.357421875 0.09868706597222222 0.037384033203125 0.04307725694444445
0 0.422119140625 0.2156032986111111 0.041534423828125 0.04739040798611111
0 0.26171875 0.030300564236111112 0.0239105224609375 0.059516059027777776
0 0.86279296875 0.4947916666666667 0.03875732421875 0.041558159722222224
0 0.548828125 0.10584852430555555 0.01751708984375 0.06635199652777778
0 0.826171875 0.5017361111111112 0.034820556640625 0.049614800347222224
0 0.41357421875 0.5494791666666666 0.033966064453125 0.03076171875
0 0.217529296875 0.07275390625 0.03021240234375 0.05514865451388889
0 0.95166015625 0.3142361111111111 0.030670166015625 0.056315104166666664
0 0.685546875 0.7517361111111112 0.03662109375 0.045355902777777776
0 0.8369140625 0.2775607638888889 0.02484130859375 0.06342230902777778
0 0.10614013671875 0.3812934027777778 0.0379638671875 0.05837673611111111
0 0.8193359375 0.2834201388888889 0.020843505859375 0.06201171875
0 0.203857421875 0.1630859375 0.03955078125 0.037272135416666664
0 0.81396484375 0.23697916666666666 0.03167724609375 0.047932942708333336
0 0.94091796875 0.3441840277777778 0.02752685546875 0.06477864583333333
0 0.08599853515625 0.16981336805555555 0.026458740234375 0.06016710069444445
0 0.390380859375 0.4177517361111111 0.03643798828125 0.06076388888888889
0 0.9345703125 0.3923611111111111 0.01983642578125 0.0686306423611111
0 0.4921875 0.7447916666666666 0.01934814453125 0.06635199652777778
0 0.026153564453125 0.4383680555555556 0.029541015625 0.07074652777777778
0 0.9462890625 0.18250868055555555 0.03253173828125 0.04014756944444445
0 0.88427734375 0.208984375 0.0264129638671875 0.06005859375
0 0.2044677734375 0.4379340277777778 0.040313720703125 0.054443359375
0 0.5703125 0.8949652777777778 0.034881591796875 0.059136284722222224
0 0.91650390625 0.3370225694444444 0.02886962890625 0.051215277777777776
0 0.80322265625 0.6423611111111112 0.033966064453125 0.049886067708333336
0 0.9462890625 0.6124131944444444 0.0295867919921875 0.06401909722222222
0 0.8330078125 0.19129774305555555 0.028594970703125 0.046142578125
0 0.8564453125 0.3658854166666667 0.029205322265625 0.059733072916666664
0 0.97607421875 0.2248263888888889 0.0283355712890625 0.06212022569444445
0 0.30908203125 0.3524305555555556 0.040313720703125 0.046685112847222224
0 0.85888671875 0.21907552083333334 0.036895751953125 0.04006618923611111
0 0.61376953125 0.08604600694444445 0.033599853515625 0.05113389756944445
0 0.24072265625 0.037841796875 0.0194244384765625 0.051513671875
0 0.66162109375 0.036431206597222224 0.02288818359375 0.06461588541666667
0 0.1544189453125 0.3713107638888889 0.03240966796875 0.06526692708333333
0 0.019012451171875 0.14442274305555555 0.0341796875 0.06201171875
0 0.5791015625 0.7061631944444444 0.029541015625 0.049235026041666664
0 0.11083984375 0.12456597222222222 0.02386474609375 0.0661349826388889
0 0.556640625 0.039632161458333336 0.033782958984375 0.05577256944444445
0 0.7236328125 0.1162109375 0.0394287109375 0.042670355902777776
0 0.87451171875 0.4346788194444444 0.0252227783203125 0.04234483506944445
0 0.354736328125 0.8224826388888888 0.027740478515625 0.059244791666666664
0 0.9482421875 0.259765625 0.0235137939453125 0.05750868055555555
0 0.9599609375 0.5785590277777778 0.03143310546875 0.04212782118055555
0 0.18212890625 0.6375868055555556 0.040313720703125 0.058051215277777776
0 0.1578369140625 0.5221354166666666 0.023468017578125 0.06684027777777778
0 0.1859130859375 0.09760199652777778 0.033477783203125 0.04578993055555555
0 0.1513671875 0.026380750868055556 0.026458740234375 0.05259874131944445
0 0.53564453125 0.7912326388888888 0.0194549560546875 0.07020399305555555
0 0.9814453125 0.16569010416666666 0.034698486328125 0.04942491319444445
0 0.1048583984375 0.7964409722222222 0.03582763671875 0.05995008680555555
0 0.1749267578125 0.4657118055555556 0.029144287109375 0.07411024305555555
0 0.06768798828125 0.4835069444444444 0.0472412109375 0.0478515625
0 0.059112548828125 0.2348090277777778 0.04083251953125 0.06380208333333333
0 0.11395263671875 0.18543836805555555 0.03533935546875 0.04359266493055555
0 0.0119171142578125 0.24913194444444445 0.0227203369140625 0.054850260416666664
0 0.1671142578125 0.1787109375 0.03314208984375 0.038492838541666664
0 0.326904296875 0.6215277777777778 0.0289306640625 0.053412543402777776
0 0.67529296875 0.1018337673611111 0.04400634765625 0.03586154513888889
0 0.869140625 0.1564670138888889 0.03326416015625 0.047309027777777776
0 0.96728515625 0.2853732638888889 0.0228424072265625 0.051703559027777776
0 0.25830078125 0.08604600694444445 0.023651123046875 0.047119140625
0 0.83642578125 0.9670138888888888 0.029754638671875 0.06586371527777778
0 0.235107421875 0.205078125 0.03326416015625 0.06412760416666667
0 0.63134765625 0.056966145833333336 0.038116455078125 0.049614800347222224
0 0.367431640625 0.034993489583333336 0.0352783203125 0.051025390625
0 0.1019287109375 0.6184895833333334 0.03704833984375 0.061089409722222224
0 0.10858154296875 0.4548611111111111 0.04132080078125 0.056966145833333336
0 0.9482421875 0.8268229166666666 0.03424072265625 0.059027777777777776
0 0.244384765625 0.8077256944444444 0.0235137939453125 0.06586371527777778
0 0.9833984375 0.10704210069444445 0.03204345703125 0.05685763888888889
0 0.167236328125 0.7864583333333334 0.040618896484375 0.036295572916666664
0 0.1448974609375 0.4709201388888889 0.040374755859375 0.06222873263888889
0 0.0215301513671875 0.21006944444444445 0.038970947265625 0.04893663194444445
0 0.17822265625 0.049886067708333336 0.029541015625 0.049886067708333336
0 0.051849365234375 0.03683810763888889 0.0289306640625 0.04258897569444445
0 0.31201171875 0.034857855902777776 0.0310211181640625 0.04519314236111111
0 0.85107421875 0.8702256944444444 0.0269622802734375 0.07047526041666667
0 0.73876953125 0.025689019097222224 0.03643798828125 0.04212782118055555
0 0.1279296875 0.13075086805555555 0.02606201171875 0.06201171875
0 0.427978515625 0.8619791666666666 0.031982421875 0.05381944444444445
0 0.03607177734375 0.5377604166666666 0.022369384765625 0.06575520833333333
0 0.434326171875 0.7421875 0.0274810791015625 0.051432291666666664
0 0.94775390625 0.9461805555555556 0.0394287109375 0.059516059027777776
0 0.085693359375 0.022705078125 0.034881591796875 0.039849175347222224
0 0.1505126953125 0.7517361111111112 0.046295166015625 0.05392795138888889
0 0.96240234375 0.06700303819444445 0.0261993408203125 0.06027560763888889
0 0.3193359375 0.4982638888888889 0.0214080810546875 0.06901041666666667
0 0.07464599609375 0.7387152777777778 0.0289764404296875 0.06586371527777778
0 0.015885416666666666 0.044444444444444446 0.03177083333333333 0.04814814814814815
0 0.339599609375 0.7621527777777778 0.030792236328125 0.051432291666666664
0 0.2398681640625 0.24283854166666666 0.017303466796875 0.050374348958333336
0 0.283203125 0.7482638888888888 0.041473388671875 0.050455729166666664
0 0.0229339599609375 0.09114583333333333 0.035552978515625 0.0576171875
0 0.2198486328125 0.6106770833333334 0.037384033203125 0.045708550347222224
0 0.0177154541015625 0.5147569444444444 0.033843994140625 0.034722222222222224
0 0.8955078125 0.06635199652777778 0.04010009765625 0.0712890625
0 0.11297607421875 0.5355902777777778 0.0264129638671875 0.03526475694444445
0 0.7783203125 0.0661349826388889 0.037689208984375 0.05514865451388889
0 0.237548828125 0.0849609375 0.029541015625 0.04250759548611111
0 0.2171630859375 0.3782552083333333 0.041778564453125 0.06461588541666667
0 0.95849609375 0.96875 0.03753662109375 0.052001953125
0 0.352783203125 0.8858506944444444 0.034423828125 0.055989583333333336
0 0.2158203125 0.22352430555555555 0.01898193359375 0.048665364583333336
0 0.986328125 0.9574652777777778 0.026153564453125 0.07020399305555555
0 0.11981201171875 0.86328125 0.03582763671875 0.044596354166666664
0 0.9734375 0.0125 0.036458333333333336 0.025
0 0.7872395833333333 0.9828703703703704 0.03802083333333333 0.03425925925925926
0 0.26904296875 0.8389756944444444 0.02069091796875 0.049614800347222224
0 0.6630859375 0.9704861111111112 0.03265380859375 0.05113389756944445
0 0.044921875 0.8684895833333334 0.02447509765625 0.035725911458333336
0 0.270751953125 0.8958333333333334 0.040771484375 0.034722222222222224
0 0.728515625 0.9262152777777778 0.033660888671875 0.044759114583333336
0 0.736328125 0.9826388888888888 0.036224365234375 0.03420681423611111
0 0.0709228515625 0.8580729166666666 0.0369873046875 0.057291666666666664
0 0.85009765625 0.9487847222222222 0.0272216796875 0.05740017361111111
0 0.3251953125 0.9435763888888888 0.03790283203125 0.039469401041666664
0 0.89599609375 0.9027777777777778 0.026153564453125 0.037841796875
0 0.701171875 0.3715277777777778 0.01282501220703125 0.020616319444444444
0 0.2451171875 0.7469618055555556 0.0160980224609375 0.028374565972222224
0 0.6845703125 0.96875 0.0321044921875 0.051920572916666664