0 0.667188 0.569907 0.026042 0.062037
0 0.801042 0.507870 0.029167 0.056481
0 0.749740 0.531019 0.030729 0.058333
0 0.775521 0.273148 0.019792 0.061111
0 0.470313 0.449537 0.028125 0.056481
0 0.741927 0.429167 0.032813 0.060185
0 0.839063 0.531481 0.022917 0.062963
0 0.520312 0.540278 0.038542 0.039815
0 0.131771 0.337500 0.031250 0.062037
0 0.886198 0.191204 0.021354 0.067593
0 0.097135 0.366204 0.031771 0.063889
0 0.691927 0.569444 0.023438 0.061111
0 0.634896 0.087963 0.023958 0.062963
0 0.462240 0.394444 0.030729 0.053704
0 0.703646 0.107407 0.028125 0.061111
0 0.659896 0.633796 0.021875 0.060185
0 0.874219 0.311111 0.020313 0.066667
0 0.725781 0.144444 0.020313 0.068519
0 0.453385 0.512500 0.029687 0.063889
0 0.710938 0.470833 0.023958 0.062037
0 0.821354 0.717593 0.036458 0.050000
0 0.819531 0.255093 0.021354 0.063889
0 0.773177 0.323148 0.033854 0.035185
0 0.765365 0.737500 0.035937 0.047222
0 0.894271 0.277778 0.033333 0.051852
0 0.255729 0.395370 0.031250 0.059259
0 0.595573 0.533796 0.027604 0.052778
0 0.692448 0.483796 0.019271 0.065741
0 0.409896 0.590741 0.033333 0.050000
0 0.806771 0.678704 0.036458 0.044444
0 0.917969 0.573148 0.032813 0.057407
0 0.726823 0.326389 0.027604 0.063889
0 0.869531 0.242593 0.018229 0.062963
0 0.713021 0.391204 0.022917 0.067593
0 0.505729 0.389352 0.031250 0.049074
0 0.652604 0.500926 0.020833 0.066667
0 0.745313 0.158796 0.020833 0.069444
0 0.907031 0.372222 0.033854 0.048148
0 0.385677 0.222685 0.020313 0.071296
0 0.625000 0.512500 0.020833 0.062037
0 0.313542 0.320833 0.026042 0.067593
0 0.127083 0.183333 0.037500 0.050000
0 0.111719 0.660185 0.034896 0.062963
0 0.814583 0.635648 0.033333 0.054630
0 0.502083 0.163426 0.035417 0.054630
0 0.376042 0.535185 0.028125 0.057407
0 0.767448 0.428704 0.020313 0.064815
0 0.787760 0.426852 0.021354 0.066667
0 0.474219 0.783796 0.031771 0.056481
0 0.086198 0.140741 0.027604 0.074074
0 0.560156 0.181944 0.036979 0.047222
0 0.308333 0.092593 0.021875 0.068519
0 0.431771 0.316667 0.026042 0.059259
0 0.447135 0.681944 0.025521 0.071296
0 0.288542 0.277315 0.021875 0.065741
0 0.890885 0.509259 0.031771 0.064815
0 0.244271 0.582870 0.027083 0.060185
0 0.411458 0.320370 0.032292 0.053704
0 0.217188 0.601389 0.030208 0.058333
0 0.791146 0.220833 0.025000 0.056481
0 0.470313 0.669444 0.022917 0.064815
0 0.773177 0.832870 0.032813 0.047222
0 0.950781 0.315278 0.020313 0.062037
0 0.283073 0.150463 0.023438 0.067593
0 0.414844 0.147685 0.039062 0.049074
0 0.838021 0.255556 0.023958 0.066667
0 0.527604 0.654630 0.020833 0.066667
0 0.964583 0.648611 0.032292 0.056481
0 0.191927 0.232407 0.032813 0.057407
0 0.749219 0.781019 0.020313 0.067593
0 0.354687 0.319444 0.036458 0.050000
0 0.211979 0.557407 0.037500 0.037037
0 0.551823 0.116204 0.038021 0.047222
0 0.398177 0.381481 0.022396 0.062963
0 0.264062 0.601852 0.025000 0.064815
0 0.926562 0.349074 0.020833 0.061111
0 0.368750 0.056944 0.031250 0.067593
0 0.797656 0.601389 0.030729 0.047222
0 0.325521 0.110648 0.020833 0.065741
0 0.202344 0.367130 0.038021 0.043519
0 0.334115 0.705556 0.033854 0.064815
0 0.853906 0.266204 0.020313 0.062037
0 0.269010 0.499074 0.034896 0.053704
0 0.421354 0.519444 0.030208 0.053704
0 0.170573 0.681944 0.039062 0.058333
0 0.646354 0.266667 0.025000 0.083333
0 0.197917 0.137037 0.027083 0.072222
0 0.353385 0.599537 0.031771 0.047222
0 0.368229 0.200000 0.020833 0.075926
0 0.748437 0.854630 0.018750 0.070370
0 0.723958 0.568519 0.033333 0.035185
0 0.295573 0.593519 0.036979 0.046296
0 0.571354 0.642593 0.031250 0.053704
0 0.617448 0.137500 0.035937 0.039815
0 0.682813 0.179630 0.030208 0.055556
0 0.499479 0.097685 0.017708 0.069444
0 0.263542 0.151389 0.021875 0.065741
0 0.127083 0.079630 0.038542 0.062963
0 0.249740 0.210648 0.028646 0.060185
0 0.413281 0.682870 0.022396 0.067593
0 0.371875 0.306481 0.032292 0.055556
0 0.931771 0.260185 0.021875 0.061111
0 0.219271 0.032870 0.029167 0.060185
0 0.591146 0.629630 0.030208 0.057407
0 0.807031 0.384722 0.034896 0.062037
0 0.663802 0.362500 0.024479 0.065741
0 0.933333 0.182870 0.023958 0.063889
0 0.191146 0.775000 0.025000 0.059259
0 0.243490 0.281944 0.021354 0.069444
0 0.484115 0.043981 0.020313 0.063889
0 0.375260 0.766204 0.036979 0.036111
0 0.357812 0.124074 0.038542 0.053704
0 0.670052 0.332407 0.027604 0.062963
0 0.174219 0.087500 0.033854 0.060185
0 0.828385 0.592593 0.031771 0.038889
0 0.235677 0.059259 0.022396 0.066667
0 0.752604 0.240741 0.038542 0.033333
0 0.570052 0.073611 0.035937 0.039815
0 0.522656 0.058796 0.031771 0.062037
0 0.975521 0.601852 0.029167 0.050000
0 0.594271 0.694907 0.034375 0.050926
0 0.066406 0.470370 0.043229 0.050000
0 0.334375 0.030556 0.025000 0.059259
0 0.560417 0.785185 0.037500 0.042593
0 0.420312 0.368056 0.035417 0.034259
0 0.773177 0.869444 0.033854 0.035185
0 0.093490 0.451852 0.032813 0.064815
0 0.228125 0.724074 0.028125 0.066667
0 0.858854 0.158333 0.037500 0.042593
0 0.218229 0.457870 0.037500 0.062037
0 0.209896 0.695833 0.035417 0.047222
0 0.377865 0.456019 0.029687 0.050926
0 0.267969 0.748611 0.020313 0.069444
0 0.036198 0.155093 0.032813 0.067593
0 0.971875 0.315741 0.030208 0.050000
0 0.836719 0.194444 0.020313 0.051852
0 0.242969 0.750463 0.022396 0.069444
0 0.058073 0.584259 0.038021 0.042593
0 0.427344 0.563889 0.036979 0.035185
0 0.875260 0.673611 0.034896 0.032407
0 0.153125 0.112500 0.023958 0.071296
0 0.424219 0.416204 0.039062 0.030556
0 0.521615 0.493519 0.018229 0.061111
0 0.219271 0.275463 0.033333 0.065741
0 0.954167 0.204167 0.030208 0.050926
0 0.039583 0.061111 0.035417 0.062963
0 0.338542 0.078241 0.038542 0.050926
0 0.870833 0.068519 0.022917 0.066667
0 0.363802 0.640741 0.029687 0.048148
0 0.944531 0.138889 0.029687 0.061111
0 0.628385 0.352315 0.030729 0.060185
0 0.915625 0.093519 0.029167 0.057407
0 0.548438 0.326389 0.019792 0.058333
0 0.158594 0.030093 0.029687 0.058333
0 0.221354 0.881944 0.033333 0.067593
0 0.328385 0.399537 0.031771 0.036111
0 0.986198 0.296759 0.027604 0.058333
0 0.191667 0.435185 0.032292 0.033333
0 0.558333 0.667130 0.034375 0.045370
0 0.279427 0.468519 0.040104 0.040741
0 0.287240 0.425463 0.043229 0.054630
0 0.623958 0.386111 0.025000 0.059259
0 0.983594 0.403704 0.022396 0.066667
0 0.838021 0.879167 0.038542 0.039815
0 0.912760 0.215741 0.043229 0.040741
0 0.156250 0.220370 0.031250 0.068519
0 0.543229 0.578241 0.017708 0.073148
0 0.082292 0.647222 0.027083 0.066667
0 0.543229 0.477315 0.021875 0.056481
0 0.350521 0.543981 0.032292 0.045370
0 0.892708 0.094444 0.025000 0.061111
0 0.305729 0.207870 0.037500 0.060185
0 0.963021 0.371296 0.038542 0.046296
0 0.414062 0.779167 0.037500 0.039815
0 0.175521 0.281481 0.038542 0.042593
0 0.265625 0.022222 0.037500 0.042593
0 0.370573 0.423611 0.031771 0.054630
0 0.035937 0.482407 0.023958 0.070370
0 0.985677 0.693981 0.028646 0.056481
0 0.212760 0.200000 0.031771 0.055556
0 0.547656 0.036111 0.038021 0.038889
0 0.895833 0.390741 0.031250 0.048148
0 0.393490 0.277315 0.033854 0.036111
0 0.027344 0.106481 0.036979 0.055556
0 0.961198 0.265278 0.035937 0.045370
0 0.603906 0.026389 0.035937 0.041667
0 0.150260 0.755556 0.026562 0.050000
0 0.986198 0.223611 0.027604 0.052778
0 0.032031 0.640278 0.042188 0.043519
0 0.152604 0.408333 0.027083 0.064815
0 0.583073 0.492130 0.031771 0.028704
0 0.075521 0.189352 0.032292 0.047222
0 0.760156 0.918981 0.018229 0.060185
0 0.397917 0.535185 0.018750 0.055556
0 0.891406 0.817130 0.021354 0.071296
0 0.438281 0.792593 0.017188 0.070370
0 0.139063 0.699537 0.023958 0.060185
0 0.097396 0.219444 0.029167 0.066667
0 0.986198 0.781944 0.025521 0.063889
0 0.965625 0.493519 0.043750 0.040741
0 0.475521 0.230556 0.037500 0.044444
0 0.642188 0.410185 0.017708 0.062963
0 0.868750 0.887037 0.029167 0.053704
0 0.542708 0.823148 0.025000 0.053704
0 0.407292 0.225000 0.020833 0.053704
0 0.872656 0.132870 0.039062 0.043519
0 0.586198 0.929167 0.029687 0.056481
0 0.076823 0.036111 0.036979 0.070370
0 0.071094 0.871296 0.040104 0.062963
0 0.967969 0.131019 0.022396 0.063889
0 0.987500 0.579167 0.025000 0.063889
0 0.309896 0.781481 0.025000 0.048148
0 0.150000 0.048611 0.027083 0.050926
0 0.183333 0.050926 0.023958 0.050000
0 0.081510 0.795370 0.026562 0.072222
0 0.037240 0.265741 0.032813 0.051852
0 0.429688 0.734722 0.030208 0.043519
0 0.585156 0.889815 0.029687 0.037037
0 0.047917 0.407407 0.033333 0.031481
0 0.902083 0.927778 0.037500 0.031481
0 0.886979 0.029630 0.036458 0.050000
0 0.943750 0.964815 0.036458 0.038889
0 0.022656 0.874074 0.042188 0.048148
0 0.125000 0.864815 0.038542 0.040741
0 0.135937 0.889352 0.039583 0.050926
0 0.053646 0.298148 0.026042 0.051852
0 0.766927 0.037500 0.022396 0.039815
0 0.985938 0.962500 0.027083 0.065741
0 0.788802 0.981944 0.041146 0.034259
0 0.009115 0.851852 0.017188 0.048148
0 0.953906 0.043981 0.017188 0.032407
0 0.075260 0.949074 0.032813 0.051852
0 0.771615 0.787037 0.017188 0.035185
0 0.348698 0.968981 0.034896 0.050926
0 0.113802 0.424074 0.028646 0.044444
0 0.486458 0.929167 0.032292 0.050926
0 0.962500 0.974074 0.025000 0.042593
0 0.621875 0.974537 0.022917 0.047222
0 0.131771 0.615278 0.020833 0.034259
0 0.139583 0.476389 0.025000 0.030556
0 0.738542 0.981481 0.031250 0.037037
0 0.994531 0.049074 0.010937 0.029630
0 0.387760 0.973148 0.030729 0.053704
