0 0.362240 0.609259 0.024479 0.064815
0 0.379167 0.280093 0.026042 0.063889
0 0.481250 0.633796 0.032292 0.052778
0 0.753125 0.358333 0.026042 0.061111
0 0.484896 0.526852 0.023958 0.064815
0 0.791667 0.562037 0.027083 0.057407
0 0.441667 0.613426 0.023958 0.052778
0 0.343490 0.384259 0.025521 0.059259
0 0.384635 0.331944 0.031771 0.054630
0 0.350000 0.679630 0.028125 0.062963
0 0.703125 0.412037 0.027083 0.055556
0 0.547135 0.637963 0.031771 0.057407
0 0.816667 0.425926 0.030208 0.057407
0 0.347917 0.271296 0.023958 0.064815
0 0.417187 0.535185 0.028125 0.055556
0 0.471615 0.332870 0.035937 0.056481
0 0.690885 0.098611 0.018229 0.065741
0 0.533073 0.401852 0.024479 0.064815
0 0.685156 0.250463 0.019271 0.062037
0 0.452604 0.450000 0.025000 0.062963
0 0.474219 0.396296 0.035937 0.050000
0 0.304948 0.232870 0.027604 0.060185
0 0.569010 0.478241 0.031771 0.050926
0 0.193229 0.655093 0.032292 0.047222
0 0.651042 0.625926 0.022917 0.072222
0 0.473438 0.266204 0.025000 0.067593
0 0.716406 0.548148 0.026562 0.064815
0 0.259896 0.809259 0.033333 0.061111
0 0.435417 0.373611 0.035417 0.049074
0 0.480469 0.690741 0.033854 0.053704
0 0.392969 0.623611 0.031771 0.041667
0 0.554948 0.394907 0.025521 0.063889
0 0.203906 0.556019 0.032813 0.056481
0 0.610938 0.687500 0.034375 0.054630
0 0.674479 0.374074 0.030208 0.053704
0 0.308073 0.097222 0.021354 0.061111
0 0.260937 0.247685 0.028125 0.054630
0 0.187500 0.599537 0.031250 0.065741
0 0.392448 0.499537 0.030729 0.041667
0 0.551562 0.554630 0.035417 0.048148
0 0.151823 0.734259 0.039062 0.051852
0 0.501823 0.172685 0.019271 0.071296
0 0.762760 0.148611 0.022396 0.062037
0 0.365625 0.189815 0.028125 0.066667
0 0.786979 0.364352 0.033333 0.043519
0 0.500781 0.234259 0.034896 0.048148
0 0.235677 0.254630 0.024479 0.061111
0 0.388802 0.204167 0.025521 0.073148
0 0.517188 0.709259 0.025000 0.066667
0 0.541146 0.588426 0.021875 0.063889
0 0.319531 0.504167 0.023438 0.062037
0 0.101302 0.075463 0.029687 0.052778
0 0.317708 0.778241 0.035417 0.045370
0 0.619010 0.399074 0.028646 0.050000
0 0.753646 0.496296 0.039583 0.042593
0 0.412760 0.569444 0.024479 0.055556
0 0.850260 0.434259 0.030729 0.062963
0 0.242188 0.186111 0.036458 0.037037
0 0.787240 0.312500 0.035937 0.039815
0 0.513281 0.650926 0.025521 0.066667
0 0.763021 0.079167 0.023958 0.063889
0 0.909375 0.497685 0.022917 0.071296
0 0.448177 0.211111 0.033854 0.051852
0 0.304427 0.641667 0.023438 0.064815
0 0.090885 0.632870 0.024479 0.069444
0 0.545573 0.100000 0.026562 0.059259
0 0.638802 0.125926 0.019271 0.066667
0 0.499740 0.095370 0.018229 0.068519
0 0.546094 0.502315 0.033854 0.045370
0 0.822917 0.161111 0.026042 0.062963
0 0.915365 0.432870 0.033854 0.050926
0 0.215625 0.741667 0.034375 0.055556
0 0.776042 0.818519 0.029167 0.050000
0 0.705469 0.251389 0.022396 0.060185
0 0.947135 0.325926 0.020313 0.066667
0 0.332813 0.108333 0.017708 0.061111
0 0.483854 0.048611 0.032292 0.058333
0 0.712240 0.165741 0.033854 0.051852
0 0.669531 0.522685 0.027604 0.047222
0 0.778646 0.208333 0.032292 0.051852
0 0.637500 0.262963 0.023958 0.061111
0 0.535417 0.281481 0.034375 0.048148
0 0.293750 0.389352 0.023958 0.049074
0 0.634115 0.816667 0.027604 0.059259
0 0.820052 0.349537 0.029687 0.058333
0 0.880208 0.395370 0.039583 0.037037
0 0.650000 0.306481 0.019792 0.066667
0 0.234896 0.795833 0.031250 0.063889
0 0.369010 0.832870 0.023438 0.067593
0 0.148958 0.811111 0.030208 0.068519
0 0.049479 0.189815 0.026042 0.062963
0 0.625260 0.465741 0.024479 0.055556
0 0.328125 0.575926 0.035417 0.048148
0 0.769271 0.726852 0.023958 0.055556
0 0.691927 0.195370 0.033854 0.048148
0 0.446875 0.513889 0.023958 0.053704
0 0.772396 0.432870 0.033333 0.036111
0 0.861979 0.283796 0.034375 0.052778
0 0.951042 0.392593 0.026042 0.066667
0 0.344792 0.057407 0.025000 0.055556
0 0.903125 0.816667 0.027083 0.064815
0 0.323437 0.057870 0.021875 0.063889
0 0.797656 0.707407 0.027604 0.061111
0 0.730208 0.760185 0.021875 0.066667
0 0.759635 0.589815 0.032813 0.055556
0 0.226042 0.317593 0.037500 0.051852
0 0.039323 0.399074 0.035937 0.057407
0 0.277344 0.165741 0.040104 0.046296
0 0.657813 0.204167 0.031250 0.052778
0 0.266406 0.140741 0.035937 0.048148
0 0.773698 0.617593 0.019271 0.050000
0 0.082031 0.549537 0.030729 0.067593
0 0.301563 0.569907 0.032292 0.036111
0 0.156771 0.204630 0.026042 0.062963
0 0.918229 0.186574 0.020833 0.065741
0 0.872656 0.831481 0.033854 0.046296
0 0.526823 0.462500 0.030729 0.043519
0 0.204687 0.874537 0.030208 0.058333
0 0.276562 0.054167 0.036458 0.056481
0 0.476042 0.115741 0.030208 0.053704
0 0.829688 0.310648 0.025000 0.058333
0 0.694531 0.307407 0.033854 0.048148
0 0.856510 0.094444 0.022396 0.064815
0 0.605208 0.154630 0.034375 0.046296
0 0.930208 0.283796 0.040625 0.036111
0 0.010677 0.109722 0.020313 0.067593
0 0.634635 0.509722 0.036979 0.034259
0 0.034896 0.254630 0.029167 0.061111
0 0.503646 0.297685 0.019792 0.067593
0 0.891406 0.190741 0.021354 0.062963
0 0.810677 0.211111 0.031771 0.057407
0 0.185156 0.762963 0.026562 0.064815
0 0.275521 0.321296 0.029167 0.035185
0 0.714844 0.058796 0.036979 0.049074
0 0.953385 0.457407 0.040104 0.048148
0 0.188021 0.098148 0.037500 0.048148
0 0.891927 0.285648 0.034896 0.052778
0 0.210938 0.156481 0.042708 0.040741
0 0.715625 0.210648 0.030208 0.056481
0 0.115365 0.548611 0.040104 0.039815
0 0.634115 0.182407 0.034896 0.042593
0 0.240365 0.036574 0.022396 0.054630
0 0.632552 0.681481 0.022396 0.070370
0 0.527083 0.042593 0.032292 0.057407
0 0.136979 0.096296 0.040625 0.037037
0 0.789844 0.764352 0.033854 0.034259
0 0.574479 0.287963 0.035417 0.044444
0 0.105990 0.598611 0.035937 0.060185
0 0.266406 0.084259 0.042188 0.050000
0 0.666406 0.778704 0.035937 0.033333
0 0.795573 0.155556 0.036979 0.038889
0 0.355990 0.223611 0.032813 0.049074
0 0.558854 0.812037 0.032292 0.033333
0 0.517969 0.093519 0.024479 0.053704
0 0.926302 0.253241 0.040104 0.034259
0 0.695052 0.565741 0.025521 0.040741
0 0.051302 0.853704 0.033854 0.053704
0 0.967187 0.303704 0.022917 0.064815
0 0.436719 0.479630 0.030729 0.044444
0 0.797135 0.096759 0.032813 0.054630
0 0.967969 0.213889 0.027604 0.064815
0 0.237500 0.095370 0.034375 0.044444
0 0.096875 0.704167 0.028125 0.067593
0 0.943229 0.193519 0.035417 0.038889
0 0.591927 0.438889 0.020313 0.050000
0 0.162760 0.383796 0.033854 0.054630
0 0.985156 0.296759 0.026562 0.054630
0 0.050000 0.795833 0.037500 0.058333
0 0.017188 0.461574 0.031250 0.065741
0 0.025000 0.192593 0.022917 0.059259
0 0.408333 0.864815 0.037500 0.044444
0 0.059115 0.714352 0.044271 0.052778
0 0.093490 0.118981 0.042188 0.041667
0 0.434115 0.055556 0.038021 0.046296
0 0.468229 0.856944 0.020833 0.067593
0 0.041146 0.573611 0.027083 0.062037
0 0.152083 0.636111 0.035417 0.064815
0 0.609635 0.278704 0.031771 0.048148
0 0.778125 0.123611 0.036458 0.045370
0 0.589583 0.878241 0.025000 0.045370
0 0.569010 0.051852 0.035937 0.037037
0 0.131250 0.028704 0.029167 0.048148
0 0.098958 0.035185 0.035417 0.051852
0 0.054688 0.105093 0.037500 0.056481
0 0.031510 0.313426 0.031771 0.067593
0 0.152083 0.174074 0.034375 0.062963
0 0.890885 0.240741 0.038021 0.040741
0 0.907813 0.130093 0.047917 0.043519
0 0.938802 0.096759 0.027604 0.062037
0 0.890625 0.727315 0.041667 0.034259
0 0.145833 0.044444 0.023958 0.044444
0 0.963021 0.547222 0.043750 0.040741
0 0.444010 0.873148 0.036979 0.042593
0 0.221094 0.459722 0.039062 0.058333
0 0.215104 0.239815 0.022917 0.053704
0 0.809375 0.911111 0.036458 0.042593
0 0.128646 0.507870 0.034375 0.065741
0 0.057552 0.062037 0.038021 0.046296
0 0.010156 0.325000 0.019271 0.051852
0 0.062760 0.472685 0.036979 0.067593
0 0.984115 0.172685 0.030729 0.047222
0 0.431510 0.733796 0.026562 0.034259
0 0.790365 0.052778 0.032813 0.050000
0 0.091406 0.260185 0.043229 0.055556
0 0.891927 0.083333 0.032813 0.057407
0 0.981771 0.100926 0.031250 0.040741
0 0.089844 0.751389 0.028646 0.039815
0 0.673958 0.065278 0.023958 0.041667
0 0.182292 0.043519 0.022917 0.037037
0 0.953906 0.126389 0.025521 0.045370
0 0.838542 0.937037 0.040625 0.038889
0 0.056771 0.136111 0.025000 0.055556
0 0.715625 0.954630 0.025000 0.062963
0 0.084115 0.421296 0.039062 0.057407
0 0.024479 0.025463 0.030208 0.049074
0 0.972917 0.607407 0.026042 0.059259
0 0.011719 0.858796 0.022396 0.054630
0 0.442708 0.092130 0.028125 0.043519
0 0.739323 0.968519 0.034896 0.046296
0 0.875000 0.760185 0.019792 0.042593
0 0.602344 0.933796 0.024479 0.071296
0 0.982552 0.862500 0.032813 0.037963
0 0.105208 0.148611 0.023958 0.041667
0 0.540104 0.017130 0.016667 0.032407
0 0.373698 0.946759 0.026562 0.067593
0 0.011198 0.398611 0.021354 0.034259
0 0.215104 0.013889 0.019792 0.025926
0 0.884375 0.902315 0.035417 0.036111
0 0.773177 0.015741 0.018229 0.029630
0 0.783333 0.981944 0.018750 0.026852
0 0.116927 0.455093 0.034896 0.037963
0 0.953906 0.043981 0.017188 0.030556
0 0.160938 0.474537 0.026042 0.030556
0 0.995313 0.533333 0.009375 0.029630
0 0.392188 0.979630 0.032292 0.031481
0 0.737500 0.829630 0.018750 0.024074
0 0.346875 0.879630 0.014583 0.033333
0 0.686198 0.966667 0.034896 0.053704
0 0.078906 0.940278 0.038021 0.037963
0 0.256250 0.885648 0.025000 0.050926
0 0.863281 0.984722 0.028646 0.030556
0 0.638802 0.966204 0.022396 0.047222
0 0.033594 0.458333 0.027604 0.053704
0 0.255469 0.977778 0.043229 0.040741
0 0.613802 0.966667 0.029687 0.051852
