0 0.498437 0.743056 0.028125 0.062037
0 0.505729 0.142593 0.027083 0.059259
0 0.551823 0.791667 0.032813 0.059259
0 0.644271 0.460185 0.030208 0.057407
0 0.697917 0.611111 0.032292 0.059259
0 0.511198 0.789815 0.030729 0.053704
0 0.551562 0.152778 0.019792 0.066667
0 0.527083 0.569444 0.026042 0.061111
0 0.573958 0.696759 0.032292 0.058333
0 0.695573 0.360185 0.027604 0.064815
0 0.630208 0.639352 0.033333 0.058333
0 0.433333 0.104630 0.021875 0.070370
0 0.613021 0.817593 0.032292 0.051852
0 0.768750 0.700463 0.036458 0.047222
0 0.875260 0.524074 0.021354 0.066667
0 0.532031 0.065278 0.020313 0.062037
0 0.592708 0.442593 0.035417 0.061111
0 0.596094 0.208333 0.029687 0.055556
0 0.774740 0.404630 0.024479 0.057407
0 0.908594 0.330093 0.022396 0.067593
0 0.665625 0.663426 0.036458 0.037963
0 0.888281 0.593519 0.035937 0.042593
0 0.928125 0.499537 0.025000 0.071296
0 0.530469 0.633333 0.032813 0.035185
0 0.660937 0.386574 0.037500 0.039815
0 0.085417 0.474537 0.038542 0.060185
0 0.033073 0.194907 0.023438 0.065741
0 0.539323 0.278241 0.027604 0.071296
0 0.854688 0.549074 0.020833 0.059259
0 0.746354 0.773148 0.029167 0.068519
0 0.444531 0.593056 0.034896 0.054630
0 0.691927 0.179167 0.028646 0.062037
0 0.618750 0.197685 0.018750 0.067593
0 0.475781 0.595833 0.035937 0.054630
0 0.797656 0.482870 0.032813 0.050926
0 0.659896 0.591667 0.036458 0.038889
0 0.079427 0.418056 0.041146 0.045370
0 0.457031 0.099074 0.019271 0.066667
0 0.723958 0.126852 0.028125 0.061111
0 0.588542 0.295833 0.037500 0.041667
0 0.481771 0.086111 0.034375 0.046296
0 0.274740 0.086111 0.022396 0.064815
0 0.232813 0.121296 0.036458 0.055556
0 0.137500 0.225463 0.036458 0.050926
0 0.696615 0.479167 0.039062 0.049074
0 0.695573 0.562963 0.035937 0.046296
0 0.113802 0.412963 0.029687 0.068519
0 0.956510 0.427778 0.026562 0.064815
0 0.429427 0.650463 0.038021 0.037963
0 0.971875 0.575000 0.029167 0.064815
0 0.491927 0.855556 0.026562 0.061111
0 0.735677 0.353241 0.034896 0.062037
0 0.044271 0.421759 0.031250 0.071296
0 0.941667 0.788426 0.025000 0.062037
0 0.836198 0.759722 0.020313 0.069444
0 0.598698 0.380093 0.038021 0.039815
0 0.909896 0.469907 0.035417 0.043519
0 0.638542 0.267593 0.036458 0.044444
0 0.843490 0.833333 0.033854 0.050000
0 0.760417 0.359722 0.035417 0.054630
0 0.865104 0.182870 0.023958 0.065741
0 0.742969 0.567130 0.027604 0.065741
0 0.083594 0.108333 0.023438 0.068519
0 0.654167 0.153704 0.017708 0.057407
0 0.606510 0.723611 0.035937 0.034259
0 0.773438 0.458333 0.038542 0.035185
0 0.755208 0.625000 0.036458 0.044444
0 0.407552 0.055093 0.035937 0.039815
0 0.181250 0.440741 0.036458 0.040741
0 0.865625 0.269907 0.021875 0.062037
0 0.666927 0.834722 0.041146 0.041667
0 0.600781 0.554630 0.038021 0.051852
0 0.053906 0.097685 0.027604 0.062037
0 0.015104 0.209259 0.022917 0.068519
0 0.891406 0.724074 0.029687 0.061111
0 0.073698 0.562963 0.041146 0.044444
0 0.569010 0.563426 0.020313 0.063889
0 0.399219 0.808333 0.036979 0.037037
0 0.502344 0.623148 0.018229 0.066667
0 0.053385 0.252315 0.024479 0.075000
0 0.427344 0.782870 0.036979 0.052778
0 0.084375 0.521296 0.039583 0.044444
0 0.722396 0.503704 0.032292 0.070370
0 0.528646 0.821296 0.023958 0.064815
0 0.875781 0.750926 0.031771 0.051852
0 0.918229 0.772222 0.026042 0.051852
0 0.068229 0.183333 0.028125 0.064815
0 0.856771 0.803241 0.037500 0.037963
0 0.908854 0.923148 0.035417 0.044444
0 0.629167 0.167130 0.026042 0.050926
0 0.613021 0.661574 0.026042 0.076852
0 0.827344 0.525463 0.034896 0.039815
0 0.023438 0.477778 0.023958 0.066667
0 0.648698 0.228704 0.035937 0.035185
0 0.801042 0.427315 0.037500 0.043519
0 0.240365 0.035648 0.022396 0.050926
0 0.952344 0.703241 0.032813 0.056481
0 0.875781 0.448611 0.019271 0.063889
0 0.308594 0.091204 0.019271 0.063889
0 0.847917 0.726852 0.026042 0.064815
0 0.957292 0.367130 0.034375 0.034259
0 0.466927 0.446296 0.038021 0.057407
0 0.804948 0.376389 0.033854 0.049074
0 0.020052 0.390741 0.035937 0.053704
0 0.689583 0.114352 0.034375 0.037963
0 0.555469 0.039352 0.032813 0.054630
0 0.166406 0.126852 0.034896 0.068519
0 0.979688 0.856481 0.027083 0.077778
0 0.800000 0.632870 0.030208 0.054630
0 0.251823 0.304167 0.032813 0.056481
0 0.044531 0.493519 0.032813 0.044444
0 0.792188 0.589352 0.026042 0.060185
0 0.921094 0.210648 0.023438 0.080556
0 0.449219 0.289352 0.035937 0.049074
0 0.270573 0.237500 0.042188 0.036111
0 0.719010 0.196296 0.028646 0.061111
0 0.882552 0.206481 0.029687 0.057407
0 0.152083 0.475926 0.034375 0.066667
0 0.586719 0.837500 0.021354 0.067593
0 0.782031 0.196296 0.039062 0.044444
0 0.950521 0.259259 0.025000 0.055556
0 0.204167 0.197222 0.037500 0.048148
0 0.395833 0.277778 0.039583 0.037037
0 0.486458 0.668981 0.020833 0.067593
0 0.535417 0.404167 0.034375 0.069444
0 0.412760 0.418519 0.026562 0.075926
0 0.492969 0.023148 0.033854 0.044444
0 0.521615 0.156944 0.025521 0.043519
0 0.983073 0.653704 0.031771 0.059259
0 0.527604 0.512500 0.031250 0.067593
0 0.547656 0.547222 0.022396 0.081481
0 0.851823 0.681019 0.034896 0.054630
0 0.984635 0.250926 0.030729 0.051852
0 0.224740 0.376389 0.031771 0.069444
0 0.100260 0.080093 0.027604 0.056481
0 0.594531 0.043056 0.034896 0.041667
0 0.382812 0.337963 0.021875 0.070370
0 0.324219 0.068056 0.035937 0.050926
0 0.934635 0.855093 0.034896 0.032407
0 0.966406 0.273611 0.024479 0.054630
0 0.621354 0.023148 0.021875 0.044444
0 0.689583 0.917130 0.026042 0.065741
0 0.110677 0.580556 0.032813 0.064815
0 0.186198 0.097222 0.039062 0.044444
0 0.835677 0.410185 0.039062 0.040741
0 0.218490 0.267593 0.036979 0.033333
0 0.925000 0.106481 0.031250 0.061111
0 0.890885 0.077315 0.033854 0.049074
0 0.334635 0.026852 0.036979 0.051852
0 0.978646 0.183333 0.033333 0.055556
0 0.418490 0.843519 0.033854 0.050000
0 0.395573 0.750000 0.042188 0.042593
0 0.088542 0.204167 0.035417 0.060185
0 0.021615 0.711574 0.029687 0.067593
0 0.852865 0.312037 0.042188 0.033333
0 0.869531 0.367593 0.038021 0.037037
0 0.671094 0.064815 0.025521 0.035185
0 0.261979 0.803704 0.036458 0.053704
0 0.214062 0.519444 0.028125 0.062963
0 0.148698 0.045370 0.028646 0.050000
0 0.251302 0.489352 0.025521 0.065741
0 0.662760 0.030093 0.038021 0.041667
0 0.014844 0.774074 0.028646 0.062963
0 0.014063 0.130093 0.027083 0.052778
0 0.568750 0.249537 0.032292 0.067593
0 0.016146 0.437963 0.027083 0.053704
0 0.754427 0.076852 0.038021 0.038889
0 0.093750 0.038889 0.036458 0.059259
0 0.512760 0.043519 0.020313 0.048148
0 0.042188 0.656481 0.036458 0.055556
0 0.257031 0.082870 0.025521 0.050926
0 0.029948 0.782407 0.027604 0.064815
0 0.247917 0.734722 0.035417 0.067593
0 0.184375 0.051389 0.025000 0.045370
0 0.032813 0.093981 0.013542 0.056481
0 0.378906 0.117593 0.039062 0.074074
0 0.979427 0.098148 0.038021 0.053704
0 0.750260 0.032870 0.032813 0.056481
0 0.011198 0.320833 0.021354 0.067593
0 0.840365 0.249074 0.038021 0.064815
0 0.016927 0.040741 0.032813 0.055556
0 0.342708 0.707870 0.021875 0.071296
0 0.125260 0.047685 0.026562 0.060185
0 0.238802 0.082407 0.033854 0.046296
0 0.239063 0.239352 0.028125 0.050926
0 0.537240 0.917130 0.032813 0.039815
0 0.156771 0.834722 0.035417 0.058333
0 0.875260 0.902315 0.042188 0.052778
0 0.949740 0.152315 0.034896 0.039815
0 0.767708 0.931019 0.029167 0.060185
0 0.050781 0.161574 0.029687 0.062037
0 0.135156 0.309722 0.026562 0.063889
0 0.822135 0.081019 0.043229 0.060185
0 0.471094 0.874074 0.042188 0.059259
0 0.041927 0.020370 0.040104 0.038889
0 0.444531 0.895370 0.031771 0.051852
0 0.326302 0.343056 0.027604 0.075000
0 0.306250 0.036111 0.028125 0.042593
0 0.072135 0.836111 0.014063 0.018519
0 0.950781 0.916204 0.031771 0.037963
0 0.910677 0.963889 0.029687 0.059259
0 0.992448 0.917593 0.015104 0.064815
0 0.985156 0.060648 0.026562 0.047222
0 0.151042 0.937037 0.019792 0.064815
0 0.341927 0.956944 0.032813 0.054630
0 0.972396 0.976852 0.038542 0.025926
0 0.324479 0.901389 0.057292 0.047222
0 0.695052 0.969907 0.032813 0.052778
0 0.154688 0.302315 0.038542 0.058333
0 0.014844 0.876852 0.028646 0.046296
0 0.260156 0.981944 0.027604 0.028704
0 0.311198 0.959722 0.033854 0.036111
0 0.665104 0.967130 0.036458 0.050926
0 0.564583 0.981019 0.036458 0.032407
0 0.037500 0.258796 0.021875 0.045370
0 0.315365 0.864815 0.033854 0.025926
0 0.381250 0.900000 0.033333 0.033333
0 0.255990 0.873611 0.023438 0.034259
0 0.838281 0.945833 0.019271 0.021296
0 0.827604 0.954630 0.010417 0.022222
0 0.571354 0.045370 0.030208 0.033333
0 0.620313 0.120833 0.019792 0.045370
0 0.638802 0.128704 0.014063 0.057407
0 0.650260 0.095833 0.019271 0.047222
0 0.340885 0.144907 0.010937 0.019444
0 0.519271 0.014815 0.023958 0.027778
0 0.828385 0.464352 0.022396 0.063889
0 0.851042 0.484259 0.021875 0.066667
0 0.895312 0.424074 0.021875 0.062963
0 0.853906 0.427778 0.036979 0.027778
0 0.869792 0.396759 0.041667 0.043519
0 0.806510 0.342130 0.038021 0.039815
0 0.834115 0.367593 0.029687 0.038889
0 0.881510 0.290741 0.017188 0.050000
0 0.809115 0.202778 0.035937 0.048148
0 0.822135 0.237500 0.022396 0.056481
0 0.836458 0.246759 0.019792 0.065741
0 0.852604 0.250000 0.014583 0.066667
0 0.828646 0.298148 0.037500 0.042593
0 0.881510 0.343981 0.031771 0.037963
0 0.990365 0.469444 0.019271 0.035185
0 0.995833 0.394907 0.008333 0.025000
0 0.950260 0.189352 0.032813 0.030556
0 0.984896 0.160185 0.030208 0.040741
0 0.990104 0.312037 0.019792 0.051852
0 0.991146 0.359722 0.016667 0.032407
0 0.969531 0.306481 0.019271 0.033333
0 0.995833 0.589352 0.008333 0.034259
0 0.913281 0.999537 0.173437 0.000926
0 0.676562 0.132870 0.020833 0.065741
0 0.238542 0.320833 0.041667 0.052778
0 0.902344 0.208796 0.019271 0.073148
0 0.995573 0.212500 0.008854 0.047222
0 0.835938 0.976852 0.046875 0.035185
0 0.974740 0.909259 0.015104 0.024074
0 0.847135 0.336574 0.038021 0.034259
0 0.093490 0.041204 0.038021 0.047222
0 0.070312 0.094444 0.019792 0.055556
0 0.054167 0.140278 0.016667 0.037963
0 0.016927 0.092130 0.017188 0.047222
0 0.006510 0.066667 0.011979 0.050000
0 0.004687 0.465741 0.008333 0.035185
0 0.006250 0.428704 0.011458 0.033333
0 0.305990 0.905556 0.023438 0.044444
0 0.886979 0.881019 0.034375 0.032407
0 0.958594 0.222685 0.025521 0.041667
