0 0.622917 0.279167 0.027083 0.063889
0 0.564583 0.253704 0.034375 0.050000
0 0.689063 0.407407 0.028125 0.059259
0 0.665104 0.543981 0.023958 0.062037
0 0.437760 0.237963 0.035937 0.044444
0 0.716146 0.485185 0.027083 0.061111
0 0.232552 0.200463 0.026562 0.060185
0 0.699479 0.813426 0.032292 0.052778
0 0.700260 0.695370 0.023438 0.057407
0 0.163802 0.145370 0.022396 0.062963
0 0.307292 0.093519 0.020833 0.066667
0 0.681510 0.212963 0.024479 0.064815
0 0.105990 0.246296 0.022396 0.064815
0 0.488542 0.484722 0.026042 0.063889
0 0.230990 0.138889 0.036979 0.055556
0 0.471615 0.213426 0.035937 0.045370
0 0.497135 0.589352 0.032813 0.047222
0 0.399219 0.188426 0.027604 0.060185
0 0.478125 0.080093 0.020833 0.065741
0 0.872135 0.404630 0.028646 0.059259
0 0.469271 0.527778 0.025000 0.061111
0 0.792708 0.227778 0.020833 0.061111
0 0.694010 0.479167 0.019271 0.060185
0 0.558333 0.525000 0.029167 0.061111
0 0.030469 0.160185 0.024479 0.062963
0 0.804948 0.398148 0.034896 0.038889
0 0.870833 0.325000 0.023958 0.057407
0 0.738802 0.751389 0.027604 0.056481
0 0.566667 0.582407 0.037500 0.046296
0 0.775781 0.241667 0.023438 0.057407
0 0.635938 0.380556 0.020833 0.068519
0 0.676823 0.712963 0.022396 0.057407
0 0.550000 0.186574 0.029167 0.056481
0 0.477604 0.331944 0.032292 0.058333
0 0.808854 0.456944 0.018750 0.060185
0 0.884375 0.452315 0.026042 0.062037
0 0.658854 0.176389 0.018750 0.063889
0 0.760156 0.819444 0.033854 0.044444
0 0.648177 0.598148 0.035937 0.046296
0 0.645573 0.645370 0.034896 0.037037
0 0.197656 0.161574 0.036979 0.049074
0 0.857031 0.471296 0.021354 0.059259
0 0.669792 0.430093 0.018750 0.062037
0 0.703385 0.633333 0.030729 0.053704
0 0.924479 0.226852 0.021875 0.072222
0 0.907552 0.459722 0.022396 0.062037
0 0.817187 0.137500 0.022917 0.056481
0 0.133854 0.214352 0.032292 0.065741
0 0.126823 0.284722 0.021354 0.060185
0 0.774740 0.757870 0.026562 0.049074
0 0.920573 0.608796 0.031771 0.058333
0 0.725000 0.219907 0.028125 0.058333
0 0.817187 0.333796 0.032292 0.049074
0 0.582812 0.323148 0.019792 0.064815
0 0.827604 0.497685 0.035417 0.047222
0 0.761458 0.464815 0.022917 0.051852
0 0.760938 0.673148 0.028125 0.057407
0 0.427865 0.165278 0.027604 0.060185
0 0.700000 0.116204 0.030208 0.062037
0 0.864323 0.637963 0.035937 0.037037
0 0.478906 0.420370 0.036979 0.050000
0 0.502865 0.114815 0.023438 0.061111
0 0.800521 0.179630 0.030208 0.055556
0 0.704427 0.589352 0.023438 0.060185
0 0.493229 0.046296 0.021875 0.050000
0 0.703385 0.287037 0.019271 0.064815
0 0.779948 0.506481 0.019271 0.062963
0 0.736198 0.073148 0.020313 0.062963
0 0.767708 0.052315 0.020833 0.065741
0 0.746354 0.500926 0.038542 0.042593
0 0.636458 0.851852 0.029167 0.064815
0 0.377865 0.370833 0.024479 0.067593
0 0.838802 0.359259 0.022396 0.064815
0 0.323698 0.328704 0.033854 0.055556
0 0.285156 0.562963 0.035937 0.046296
0 0.120313 0.115278 0.020833 0.063889
0 0.400521 0.143981 0.038542 0.049074
0 0.836198 0.194444 0.023438 0.048148
0 0.373177 0.111574 0.040104 0.043519
0 0.223958 0.581481 0.035417 0.064815
0 0.585938 0.064815 0.018750 0.062963
0 0.914323 0.368056 0.031771 0.047222
0 0.817969 0.282870 0.027604 0.058333
0 0.972917 0.360185 0.036458 0.048148
0 0.901823 0.214815 0.020313 0.055556
0 0.772396 0.126852 0.025000 0.068519
0 0.917188 0.424074 0.025000 0.059259
0 0.438542 0.569444 0.021875 0.066667
0 0.102865 0.075926 0.026562 0.057407
0 0.590625 0.706944 0.034375 0.056481
0 0.491406 0.176389 0.031771 0.052778
0 0.525000 0.243519 0.030208 0.059259
0 0.897135 0.344444 0.026562 0.055556
0 0.785417 0.875000 0.019792 0.068519
0 0.519271 0.707407 0.032292 0.066667
0 0.558333 0.473148 0.020833 0.057407
0 0.262760 0.029630 0.022396 0.057407
0 0.689583 0.046759 0.023958 0.063889
0 0.100781 0.537037 0.032813 0.055556
0 0.400260 0.277315 0.035937 0.050926
0 0.820052 0.723148 0.036979 0.046296
0 0.628125 0.167593 0.021875 0.050000
0 0.231250 0.250463 0.038542 0.039815
0 0.708854 0.195370 0.018750 0.064815
0 0.345573 0.058333 0.026562 0.050000
0 0.240365 0.037500 0.019271 0.050926
0 0.317969 0.515741 0.039062 0.040741
0 0.205208 0.198148 0.036458 0.037037
0 0.892188 0.307870 0.026042 0.056481
0 0.451562 0.176389 0.030208 0.052778
0 0.477083 0.803704 0.020833 0.068519
0 0.435677 0.492130 0.031771 0.034259
0 0.138281 0.128704 0.025521 0.062963
0 0.896354 0.624537 0.023958 0.063889
0 0.895312 0.408333 0.022917 0.059259
0 0.939583 0.295370 0.034375 0.053704
0 0.845833 0.230093 0.035417 0.043519
0 0.590885 0.145370 0.026562 0.070370
0 0.925000 0.327778 0.034375 0.048148
0 0.257292 0.084722 0.025000 0.047222
0 0.523698 0.518981 0.036979 0.034259
0 0.936719 0.088889 0.022396 0.059259
0 0.492708 0.760648 0.027083 0.065741
0 0.766406 0.181481 0.035937 0.042593
0 0.786719 0.456481 0.020313 0.053704
0 0.067187 0.171759 0.028125 0.063889
0 0.155990 0.031944 0.021354 0.060185
0 0.946094 0.182407 0.032813 0.042593
0 0.072917 0.287500 0.039583 0.045370
0 0.296875 0.613426 0.023958 0.054630
0 0.962760 0.093056 0.028646 0.054630
0 0.552865 0.067593 0.021354 0.066667
0 0.010417 0.148611 0.019792 0.054630
0 0.611458 0.521759 0.027083 0.045370
0 0.660937 0.887963 0.021875 0.066667
0 0.411458 0.347222 0.021875 0.068519
0 0.756510 0.725926 0.023438 0.048148
0 0.416406 0.609722 0.039062 0.032407
0 0.638802 0.785648 0.033854 0.054630
0 0.519792 0.403241 0.038542 0.050926
0 0.188281 0.098611 0.033854 0.047222
0 0.988281 0.235648 0.020313 0.060185
0 0.070312 0.225463 0.043750 0.043519
0 0.865885 0.801852 0.040104 0.048148
0 0.297135 0.678704 0.027604 0.064815
0 0.885938 0.725926 0.037500 0.046296
0 0.910417 0.742130 0.027083 0.060185
0 0.569010 0.103704 0.017188 0.066667
0 0.819531 0.087500 0.039062 0.039815
0 0.529167 0.475000 0.035417 0.035185
0 0.892708 0.076852 0.035417 0.046296
0 0.196875 0.463889 0.032292 0.057407
0 0.533854 0.445833 0.039583 0.037963
0 0.385677 0.705556 0.038021 0.044444
0 0.019531 0.212500 0.035937 0.039815
0 0.154427 0.098148 0.036979 0.048148
0 0.876042 0.169907 0.025000 0.063889
0 0.269271 0.483333 0.036458 0.050000
0 0.066146 0.520833 0.032292 0.058333
0 0.392708 0.028241 0.037500 0.043519
0 0.045052 0.415278 0.032813 0.045370
0 0.086979 0.119907 0.013542 0.060185
0 0.217188 0.366204 0.038542 0.036111
0 0.982292 0.166204 0.035417 0.049074
0 0.767708 0.884259 0.017708 0.070370
0 0.129688 0.724537 0.032292 0.065741
0 0.327083 0.859722 0.020833 0.067593
0 0.013281 0.499537 0.025521 0.037963
0 0.112760 0.792130 0.036979 0.039815
0 0.963542 0.638426 0.040625 0.047222
0 0.731510 0.138426 0.050521 0.047222
0 0.753125 0.865278 0.027083 0.054630
0 0.964844 0.272685 0.034896 0.041667
0 0.129948 0.485648 0.028646 0.049074
0 0.655990 0.817130 0.032813 0.043519
0 0.030729 0.093519 0.015625 0.059259
0 0.010156 0.417593 0.019271 0.072222
0 0.237500 0.085648 0.031250 0.043519
0 0.194010 0.656481 0.034896 0.066667
0 0.026562 0.719907 0.029167 0.062037
0 0.095833 0.628241 0.038542 0.060185
0 0.788802 0.942130 0.036979 0.050926
0 0.989583 0.469444 0.020833 0.055556
0 0.236979 0.741204 0.028125 0.065741
0 0.016146 0.053704 0.031250 0.025926
0 0.981771 0.100926 0.032292 0.050000
0 0.431771 0.735185 0.027083 0.046296
0 0.053125 0.037500 0.029167 0.043519
0 0.182031 0.047222 0.023438 0.040741
0 0.355208 0.872685 0.037500 0.058333
0 0.310417 0.033796 0.029167 0.043519
0 0.063281 0.459722 0.023438 0.065741
0 0.097917 0.699537 0.028125 0.065741
0 0.339323 0.018981 0.035937 0.036111
0 0.921875 0.033796 0.038542 0.037963
0 0.723958 0.924074 0.028125 0.050000
0 0.094010 0.016667 0.040104 0.031481
0 0.862500 0.019907 0.023958 0.037963
0 0.452083 0.828241 0.019792 0.063889
0 0.164062 0.341204 0.044792 0.039815
0 0.323177 0.714352 0.027604 0.076852
0 0.849740 0.872222 0.036979 0.068519
0 0.219010 0.776389 0.022396 0.043519
0 0.741927 0.015741 0.019271 0.029630
0 0.374479 0.939352 0.035417 0.049074
0 0.374219 0.535185 0.022396 0.038889
0 0.073177 0.836111 0.048438 0.037037
0 0.342448 0.963889 0.034896 0.053704
0 0.457031 0.887500 0.028646 0.043519
0 0.269271 0.838889 0.020833 0.048148
0 0.954688 0.971759 0.038542 0.045370
0 0.943229 0.939352 0.036458 0.041667
0 0.021354 0.971759 0.033333 0.023148
0 0.488802 0.933333 0.033854 0.042593
0 0.992448 0.959722 0.014063 0.049074
0 0.093229 0.972685 0.029167 0.019444
0 0.677604 0.969907 0.029167 0.060185
0 0.105729 0.184259 0.021875 0.050000
0 0.006510 0.279167 0.011979 0.036111
0 0.045833 0.166204 0.016667 0.050926
0 0.053385 0.132407 0.019271 0.042593
0 0.069792 0.087037 0.020833 0.044444
0 0.015885 0.094444 0.017188 0.051852
0 0.004167 0.093519 0.007292 0.046296
0 0.019010 0.036111 0.036979 0.022222
0 0.084375 0.100926 0.018750 0.046296
0 0.146354 0.052315 0.018750 0.037963
0 0.113542 0.009722 0.017708 0.017593
0 0.044792 0.234259 0.018750 0.048148
0 0.122135 0.975926 0.044271 0.048148
0 0.463021 0.131944 0.025000 0.039815
0 0.482552 0.144907 0.026562 0.067593
0 0.519010 0.092130 0.026562 0.036111
0 0.510938 0.037963 0.015625 0.035185
0 0.522135 0.158333 0.025521 0.046296
0 0.540104 0.036574 0.016667 0.056481
0 0.528906 0.025926 0.020313 0.050000
0 0.546875 0.008796 0.015625 0.015741
0 0.517708 0.012037 0.013542 0.022222
0 0.572656 0.049537 0.017188 0.030556
0 0.557813 0.023148 0.022917 0.020370
0 0.629427 0.074074 0.019271 0.062963
0 0.600781 0.118981 0.019271 0.039815
0 0.619792 0.123148 0.018750 0.044444
0 0.637760 0.129167 0.016146 0.058333
0 0.646875 0.098148 0.020833 0.057407
0 0.668229 0.085185 0.033333 0.033333
0 0.672656 0.060648 0.021354 0.028704
0 0.673698 0.131019 0.017188 0.058333
0 0.816667 0.233333 0.028125 0.055556
0 0.899740 0.162037 0.028646 0.051852
0 0.953125 0.079630 0.013542 0.044444
0 0.989323 0.120833 0.021354 0.058333
0 0.961979 0.225000 0.015625 0.046296
0 0.948438 0.253241 0.020833 0.047222
0 0.978125 0.218519 0.018750 0.040741
0 0.966667 0.306944 0.021875 0.045370
0 0.983333 0.300000 0.022917 0.055556
0 0.896354 0.894907 0.040625 0.050926
0 0.837240 0.948148 0.010937 0.022222
0 0.992969 0.891204 0.014063 0.041667
0 0.098958 0.868981 0.041667 0.030556
0 0.047917 0.493519 0.017708 0.042593
0 0.076042 0.137037 0.030208 0.055556
0 0.466927 0.977778 0.025521 0.020370
0 0.537760 0.977778 0.021354 0.020370
0 0.386198 0.902778 0.033854 0.029630
0 0.970052 0.160648 0.020313 0.034259
0 0.996094 0.288889 0.007812 0.029630
0 0.996094 0.324074 0.007812 0.025926
0 0.996094 0.348148 0.007812 0.022222
0 0.993490 0.395370 0.013021 0.033333
0 0.288802 0.847222 0.031771 0.046296
0 0.261198 0.873611 0.022396 0.036111
0 0.072656 0.865278 0.038021 0.043519
0 0.996094 0.254630 0.007812 0.024074
