0 0.489583 0.462500 0.028125 0.054630
0 0.342187 0.413426 0.028125 0.058333
0 0.266927 0.615278 0.027604 0.063889
0 0.366146 0.202315 0.017708 0.067593
0 0.672656 0.461574 0.029687 0.062037
0 0.286979 0.139815 0.020833 0.066667
0 0.343490 0.497222 0.023438 0.059259
0 0.300000 0.593056 0.027083 0.054630
0 0.631510 0.440278 0.029687 0.049074
0 0.227344 0.563889 0.028646 0.059259
0 0.363281 0.130556 0.022396 0.066667
0 0.246875 0.323148 0.034375 0.053704
0 0.463281 0.510648 0.026562 0.056481
0 0.285156 0.512500 0.020313 0.063889
0 0.545312 0.281481 0.026042 0.066667
0 0.388281 0.171296 0.026562 0.059259
0 0.270573 0.482407 0.026562 0.061111
0 0.199219 0.200463 0.022396 0.065741
0 0.385156 0.229630 0.022396 0.072222
0 0.714063 0.459722 0.037500 0.045370
0 0.312500 0.510185 0.021875 0.061111
0 0.176302 0.191667 0.030729 0.055556
0 0.569531 0.561574 0.026562 0.060185
0 0.454688 0.215741 0.019792 0.066667
0 0.537760 0.318981 0.021354 0.065741
0 0.782292 0.731019 0.025000 0.062037
0 0.380208 0.646759 0.034375 0.050926
0 0.409635 0.313426 0.024479 0.062037
0 0.682813 0.558333 0.034375 0.042593
0 0.804948 0.496759 0.022396 0.056481
0 0.798958 0.792130 0.031250 0.041667
0 0.798438 0.229167 0.022917 0.062037
0 0.442448 0.422685 0.034896 0.043519
0 0.471094 0.723611 0.028646 0.060185
0 0.647135 0.333333 0.024479 0.074074
0 0.234635 0.062500 0.020313 0.069444
0 0.410156 0.499537 0.032813 0.037963
0 0.763802 0.580556 0.018229 0.066667
0 0.465104 0.377315 0.032292 0.050926
0 0.322917 0.581019 0.020833 0.060185
0 0.388281 0.792130 0.028646 0.058333
0 0.294010 0.297222 0.021354 0.059259
0 0.121615 0.267130 0.030729 0.065741
0 0.911979 0.460185 0.038542 0.042593
0 0.747396 0.393519 0.030208 0.046296
0 0.759115 0.459722 0.035937 0.036111
0 0.354427 0.743519 0.032813 0.053704
0 0.773177 0.836574 0.027604 0.054630
0 0.071875 0.357870 0.038542 0.056481
0 0.729688 0.207870 0.022917 0.058333
0 0.078906 0.183333 0.031771 0.059259
0 0.739323 0.503241 0.035937 0.058333
0 0.819010 0.710185 0.030729 0.064815
0 0.229948 0.630556 0.023438 0.068519
0 0.824740 0.357407 0.032813 0.037037
0 0.753125 0.636574 0.035417 0.036111
0 0.310417 0.324074 0.025000 0.057407
0 0.833333 0.749074 0.032292 0.059259
0 0.915885 0.573148 0.029687 0.061111
0 0.590104 0.538426 0.032292 0.056481
0 0.568229 0.609259 0.023958 0.057407
0 0.328906 0.099537 0.025521 0.063889
0 0.249219 0.084722 0.019271 0.067593
0 0.407552 0.398148 0.036979 0.035185
0 0.307031 0.094444 0.021354 0.062963
0 0.717969 0.727778 0.034896 0.053704
0 0.940885 0.670370 0.029687 0.061111
0 0.865365 0.683796 0.023438 0.062037
0 0.581771 0.468056 0.020833 0.060185
0 0.352604 0.542130 0.030208 0.047222
0 0.600000 0.483333 0.019792 0.059259
0 0.466146 0.555093 0.035417 0.034259
0 0.305208 0.387500 0.033333 0.039815
0 0.345052 0.069907 0.028646 0.058333
0 0.629687 0.626389 0.020833 0.063889
0 0.559896 0.832870 0.029167 0.058333
0 0.837240 0.281944 0.022396 0.067593
0 0.463281 0.155556 0.036979 0.050000
0 0.738542 0.341204 0.023958 0.060185
0 0.926042 0.276389 0.022917 0.065741
0 0.824479 0.268056 0.017708 0.063889
0 0.163281 0.368981 0.030729 0.060185
0 0.437760 0.329167 0.032813 0.045370
0 0.800000 0.311111 0.033333 0.029630
0 0.502604 0.674537 0.021875 0.054630
0 0.777865 0.671759 0.021354 0.065741
0 0.914844 0.509259 0.030729 0.062963
0 0.876302 0.263426 0.026562 0.062037
0 0.449479 0.692593 0.037500 0.040741
0 0.217708 0.453704 0.034375 0.059259
0 0.960677 0.620833 0.032813 0.043519
0 0.578646 0.376389 0.032292 0.049074
0 0.245573 0.196759 0.036979 0.050926
0 0.368229 0.300463 0.033333 0.036111
0 0.500260 0.098148 0.018229 0.064815
0 0.425521 0.279167 0.029167 0.052778
0 0.151823 0.134722 0.039062 0.049074
0 0.584896 0.231481 0.033333 0.050000
0 0.522656 0.610185 0.033854 0.048148
0 0.769531 0.074074 0.021354 0.062963
0 0.084635 0.102315 0.039062 0.050926
0 0.307031 0.206481 0.034896 0.053704
0 0.920573 0.426389 0.033854 0.036111
0 0.526302 0.805093 0.027604 0.063889
0 0.860938 0.306944 0.036458 0.043519
0 0.103646 0.342593 0.033333 0.053704
0 0.424740 0.588889 0.036979 0.035185
0 0.226042 0.724074 0.025000 0.066667
0 0.868490 0.226389 0.034896 0.050926
0 0.368490 0.695370 0.036979 0.035185
0 0.105208 0.209259 0.035417 0.061111
0 0.216927 0.281944 0.035937 0.054630
0 0.784896 0.412963 0.023958 0.061111
0 0.973958 0.604630 0.031250 0.053704
0 0.226823 0.371759 0.039062 0.050926
0 0.929948 0.189352 0.030729 0.058333
0 0.352604 0.599537 0.022917 0.052778
0 0.979948 0.491204 0.035937 0.041667
0 0.750260 0.147685 0.025521 0.062037
0 0.069271 0.470370 0.046875 0.053704
0 0.969271 0.365278 0.029167 0.060185
0 0.097396 0.142593 0.042708 0.040741
0 0.080469 0.525000 0.039062 0.048148
0 0.213281 0.174074 0.026562 0.051852
0 0.520312 0.491667 0.016667 0.057407
0 0.210677 0.500463 0.039062 0.037963
0 0.759375 0.245370 0.034375 0.040741
0 0.373437 0.061111 0.034375 0.057407
0 0.423438 0.370370 0.033333 0.048148
0 0.175000 0.262963 0.040625 0.042593
0 0.034115 0.068981 0.027604 0.073148
0 0.139063 0.100000 0.042708 0.037037
0 0.371094 0.569444 0.030729 0.035185
0 0.408073 0.610185 0.035937 0.031481
0 0.360417 0.348148 0.032292 0.029630
0 0.543750 0.572685 0.017708 0.065741
0 0.110677 0.648148 0.035937 0.048148
0 0.835677 0.194444 0.021354 0.048148
0 0.872396 0.091204 0.031250 0.052778
0 0.909375 0.250463 0.036458 0.039815
0 0.247135 0.155556 0.040104 0.035185
0 0.959375 0.183333 0.027083 0.057407
0 0.177865 0.298611 0.041146 0.041667
0 0.554948 0.474537 0.018229 0.056481
0 0.730729 0.066204 0.031250 0.054630
0 0.628125 0.500000 0.018750 0.053704
0 0.036719 0.155556 0.033854 0.068519
0 0.186719 0.698148 0.030729 0.055556
0 0.598958 0.025000 0.018750 0.048148
0 0.749740 0.872685 0.022396 0.063889
0 0.419531 0.803241 0.019271 0.065741
0 0.189583 0.773611 0.023958 0.062037
0 0.805469 0.913426 0.031771 0.054630
0 0.090104 0.062500 0.029167 0.065741
0 0.547656 0.647222 0.033854 0.040741
0 0.142708 0.174537 0.039583 0.039815
0 0.132292 0.502778 0.040625 0.040741
0 0.239063 0.782407 0.040625 0.038889
0 0.651563 0.028704 0.032292 0.044444
0 0.180990 0.145370 0.041146 0.037037
0 0.024740 0.710185 0.038021 0.053704
0 0.439063 0.796759 0.017708 0.069444
0 0.784896 0.878704 0.025000 0.066667
0 0.274740 0.081944 0.034896 0.050926
0 0.953385 0.329167 0.021354 0.062037
0 0.841927 0.154167 0.039062 0.037963
0 0.489844 0.042593 0.033854 0.042593
0 0.415625 0.238889 0.032292 0.031481
0 0.731250 0.557407 0.022917 0.053704
0 0.899479 0.050926 0.022917 0.055556
0 0.801823 0.427778 0.028646 0.033333
0 0.148698 0.049074 0.025521 0.048148
0 0.938281 0.137037 0.033854 0.051852
0 0.276042 0.218519 0.022917 0.048148
0 0.765104 0.914352 0.018750 0.062037
0 0.009635 0.118981 0.018229 0.065741
0 0.287240 0.741204 0.028646 0.056481
0 0.301042 0.033333 0.031250 0.064815
0 0.102344 0.410185 0.036979 0.062963
0 0.327083 0.028241 0.038542 0.041667
0 0.097917 0.491204 0.028125 0.060185
0 0.115625 0.711111 0.043750 0.038889
0 0.143750 0.378241 0.033333 0.049074
0 0.985417 0.298148 0.029167 0.059259
0 0.185677 0.022222 0.035937 0.042593
0 0.575521 0.022685 0.017708 0.043519
0 0.039583 0.285185 0.031250 0.057407
0 0.139063 0.020370 0.038542 0.038889
0 0.889844 0.134259 0.027604 0.057407
0 0.223698 0.022685 0.032813 0.043519
0 0.658854 0.402315 0.027083 0.069444
0 0.546615 0.037037 0.035937 0.038889
0 0.067187 0.818981 0.034375 0.060185
0 0.984635 0.694907 0.029687 0.036111
0 0.154948 0.701389 0.038021 0.037963
0 0.685417 0.779630 0.029167 0.064815
0 0.984896 0.175463 0.026042 0.052778
0 0.968229 0.130556 0.022917 0.061111
0 0.700260 0.023611 0.019271 0.045370
0 0.269792 0.767593 0.022917 0.064815
0 0.070833 0.030556 0.038542 0.059259
0 0.423958 0.017130 0.036458 0.032407
0 0.659375 0.628241 0.018750 0.062037
0 0.809896 0.967130 0.032292 0.056481
0 0.542708 0.079630 0.020833 0.066667
0 0.136198 0.757407 0.040104 0.050000
0 0.813542 0.022685 0.022917 0.043519
0 0.429167 0.734722 0.031250 0.043519
0 0.891406 0.816667 0.022396 0.070370
0 0.046615 0.407407 0.034896 0.033333
0 0.588542 0.898611 0.027083 0.054630
0 0.180729 0.047685 0.019792 0.036111
0 0.007812 0.742130 0.014583 0.045370
0 0.253385 0.943056 0.033854 0.056481
0 0.214062 0.237963 0.022917 0.042593
0 0.953906 0.044444 0.017188 0.031481
0 0.023438 0.876852 0.040625 0.046296
0 0.062760 0.880556 0.043229 0.031481
0 0.860677 0.523148 0.027604 0.044444
0 0.135417 0.897222 0.030208 0.066667
0 0.978646 0.866667 0.041667 0.081481
0 0.007812 0.827778 0.014583 0.042593
0 0.771615 0.796759 0.020313 0.037963
0 0.296094 0.914352 0.024479 0.071296
0 0.164062 0.476389 0.018750 0.026852
0 0.789323 0.981481 0.040104 0.035185
0 0.074219 0.860648 0.040104 0.039815
0 0.901042 0.925926 0.035417 0.040741
0 0.848177 0.968056 0.035937 0.063889
0 0.994792 0.048611 0.010417 0.030556
0 0.026823 0.440278 0.019271 0.028704
0 0.302344 0.877315 0.029687 0.043519
0 0.082552 0.956019 0.036979 0.078704
0 0.132292 0.616667 0.020833 0.033333
0 0.969271 0.981481 0.037500 0.035185
0 0.257031 0.886574 0.025521 0.052778
0 0.383073 0.980556 0.036979 0.029630
0 0.313021 0.979630 0.028125 0.031481
0 0.658073 0.954167 0.041146 0.049074
0 0.632031 0.976389 0.040104 0.047222
0 0.619531 0.981944 0.040104 0.036111
