0 0.426025390625 0.2025824652777778 0.0188751220703125 0.07020399305555555
0 0.34521484375 0.2764756944444444 0.018829345703125 0.07047526041666667
0 0.455322265625 0.4609375 0.0240478515625 0.062337239583333336
0 0.1734619140625 0.13216145833333334 0.022247314453125 0.0740017361111111
0 0.67626953125 0.4904513888888889 0.0252685546875 0.060384114583333336
0 0.87109375 0.5112847222222222 0.029815673828125 0.057183159722222224
0 0.4716796875 0.2573784722222222 0.0247955322265625 0.06825086805555555
0 0.488037109375 0.3190104166666667 0.02880859375 0.060980902777777776
0 0.7509765625 0.4952256944444444 0.0259552001953125 0.05311414930555555
0 0.5625 0.515625 0.022369384765625 0.06076388888888889
0 0.383056640625 0.2261284722222222 0.01953125 0.07481553819444445
0 0.52490234375 0.1584201388888889 0.0230255126953125 0.06646050347222222
0 0.3232421875 0.3168402777777778 0.027435302734375 0.053304036458333336
0 0.4052734375 0.3741319444444444 0.02685546875 0.06331380208333333
0 0.400390625 0.2250434027777778 0.017852783203125 0.06797960069444445
0 0.75830078125 0.3289930555555556 0.019866943359375 0.06005859375
0 0.681640625 0.3708767361111111 0.0245208740234375 0.05995008680555555
0 0.56298828125 0.4448784722222222 0.02508544921875 0.06076388888888889
0 0.388427734375 0.6024305555555556 0.0262603759765625 0.060872395833333336
0 0.7314453125 0.4631076388888889 0.0196380615234375 0.06439887152777778
0 0.55517578125 0.3819444444444444 0.0205230712890625 0.059516059027777776
0 0.493896484375 0.3606770833333333 0.036163330078125 0.04578993055555555
0 0.13818359375 0.4973958333333333 0.034088134765625 0.058159722222222224
0 0.59375 0.3276909722222222 0.027008056640625 0.0576171875
0 0.24658203125 0.3250868055555556 0.0255584716796875 0.06401909722222222
0 0.406005859375 0.2788628472222222 0.0243377685546875 0.061089409722222224
0 0.2117919921875 0.3747829861111111 0.0268096923828125 0.06461588541666667
0 0.2410888671875 0.059733072916666664 0.024932861328125 0.07074652777777778
0 0.3828125 0.7200520833333334 0.0343017578125 0.040771484375
0 0.59814453125 0.5342881944444444 0.0284423828125 0.055474175347222224
0 0.4765625 0.703125 0.030792236328125 0.05859375
0 0.2763671875 0.0896267361111111 0.02386474609375 0.06852213541666667
0 0.27001953125 0.7061631944444444 0.0328369140625 0.054009331597222224
0 0.8232421875 0.4991319444444444 0.0360107421875 0.04299587673611111
0 0.7685546875 0.3947482638888889 0.0206451416015625 0.06499565972222222
0 0.79296875 0.4891493055555556 0.0299224853515625 0.05251736111111111
0 0.339599609375 0.3732638888888889 0.0252227783203125 0.04931640625
0 0.6083984375 0.5672743055555556 0.02655029296875 0.05685763888888889
0 0.11126708984375 0.4943576388888889 0.02801513671875 0.059136284722222224
0 0.365966796875 0.3817274305555556 0.019561767578125 0.059136284722222224
0 0.308349609375 0.09478081597222222 0.0228424072265625 0.06928168402777778
0 0.261962890625 0.05653211805555555 0.021575927734375 0.06852213541666667
0 0.61865234375 0.5021701388888888 0.03265380859375 0.04562717013888889
0 0.433349609375 0.4657118055555556 0.0211639404296875 0.060601128472222224
0 0.287841796875 0.22938368055555555 0.02606201171875 0.06212022569444445
0 0.43212890625 0.6579861111111112 0.03448486328125 0.05588107638888889
0 0.57568359375 0.7161458333333334 0.03643798828125 0.049967447916666664
0 0.62158203125 0.3667534722222222 0.020965576171875 0.06201171875
0 0.0982666015625 0.5533854166666666 0.0360107421875 0.05433485243055555
0 0.2427978515625 0.4752604166666667 0.035400390625 0.04543728298611111
0 0.440673828125 0.6184895833333334 0.035614013671875 0.03797743055555555
0 0.144775390625 0.6215277777777778 0.03216552734375 0.058159722222222224
0 0.2264404296875 0.6953125 0.0272216796875 0.06993272569444445
0 0.19091796875 0.16861979166666666 0.0306243896484375 0.0625
0 0.080810546875 0.412109375 0.0316162109375 0.06282552083333333
0 0.9091796875 0.6263020833333334 0.029754638671875 0.05935329861111111
0 0.29541015625 0.1159939236111111 0.020172119140625 0.06966145833333333
0 0.294921875 0.3324652777777778 0.0272216796875 0.046956380208333336
0 0.2802734375 0.7634548611111112 0.030792236328125 0.057291666666666664
0 0.57568359375 0.5876736111111112 0.0208892822265625 0.06635199652777778
0 0.27001953125 0.3033854166666667 0.0197906494140625 0.06401909722222222
0 0.447021484375 0.5217013888888888 0.035552978515625 0.03993055555555555
0 0.365234375 0.06749131944444445 0.01953125 0.06825086805555555
0 0.7216796875 0.2888454861111111 0.020721435546875 0.06190321180555555
0 0.2193603515625 0.7547743055555556 0.035003662109375 0.04226345486111111
0 0.779296875 0.7404513888888888 0.03643798828125 0.04847547743055555
0 0.07611083984375 0.2601996527777778 0.0208892822265625 0.0710177951388889
0 0.42333984375 0.412109375 0.034423828125 0.038275824652777776
0 0.20703125 0.20475260416666666 0.03179931640625 0.0576171875
0 0.6923828125 0.3064236111111111 0.0199127197265625 0.0636935763888889
0 0.43115234375 0.5594618055555556 0.0190887451171875 0.059136284722222224
0 0.50341796875 0.7612847222222222 0.035003662109375 0.04147677951388889
0 0.2186279296875 0.4557291666666667 0.034881591796875 0.05870225694444445
0 0.93798828125 0.42578125 0.029815673828125 0.06141493055555555
0 0.463623046875 0.3934461805555556 0.031982421875 0.04942491319444445
0 0.89794921875 0.7517361111111112 0.028594970703125 0.058268229166666664
0 0.9462890625 0.2821180555555556 0.0212860107421875 0.06380208333333333
0 0.421142578125 0.2994791666666667 0.03448486328125 0.043999565972222224
0 0.269287109375 0.4986979166666667 0.03955078125 0.036078559027777776
0 0.16015625 0.4444444444444444 0.0282745361328125 0.05064561631944445
0 0.361328125 0.6180555555555556 0.0213623046875 0.06130642361111111
0 0.0537109375 0.5386284722222222 0.034027099609375 0.060492621527777776
0 0.626953125 0.4383680555555556 0.0328369140625 0.049126519097222224
0 0.1676025390625 0.06548394097222222 0.0191650390625 0.068359375
0 0.6943359375 0.4483506944444444 0.040679931640625 0.037543402777777776
0 0.31689453125 0.25 0.0189056396484375 0.06928168402777778
0 0.8798828125 0.4392361111111111 0.037750244140625 0.051323784722222224
0 0.09368896484375 0.07524956597222222 0.022674560546875 0.06776258680555555
0 0.2568359375 0.2119140625 0.0244293212890625 0.0632052951388889
0 0.85205078125 0.3893229166666667 0.026153564453125 0.0625
0 0.269287109375 0.1596137152777778 0.0341796875 0.05064561631944445
0 0.35986328125 0.4286024305555556 0.03515625 0.04885525173611111
0 0.52490234375 0.033610026041666664 0.0256195068359375 0.06624348958333333
0 0.912109375 0.4303385416666667 0.0256195068359375 0.05984157986111111
0 0.74267578125 0.1576605902777778 0.021697998046875 0.0675998263888889
0 0.865234375 0.3359375 0.02630615234375 0.061686197916666664
0 0.467041015625 0.08170572916666667 0.03594970703125 0.051513671875
0 0.80712890625 0.15516493055555555 0.03143310546875 0.049235026041666664
0 0.8232421875 0.3962673611111111 0.03662109375 0.042046440972222224
0 0.48828125 0.1919487847222222 0.034881591796875 0.04408094618055555
0 0.252685546875 0.7934027777777778 0.0225372314453125 0.06510416666666667
0 0.58349609375 0.64453125 0.03582763671875 0.03835720486111111
0 0.8310546875 0.11512586805555555 0.0255126953125 0.06027560763888889
0 0.92822265625 0.72265625 0.0323486328125 0.06076388888888889
0 0.0843505859375 0.13053385416666666 0.023193359375 0.07535807291666667
0 0.439697265625 0.24913194444444445 0.03460693359375 0.04893663194444445
0 0.80908203125 0.22938368055555555 0.0289764404296875 0.056966145833333336
0 0.57373046875 0.14908854166666666 0.0390625 0.03908962673611111
0 0.1517333984375 0.8198784722222222 0.03204345703125 0.06429036458333333
0 0.72802734375 0.11555989583333333 0.03314208984375 0.058051215277777776
0 0.58642578125 0.4800347222222222 0.019866943359375 0.0615234375
0 0.349609375 0.20616319444444445 0.035400390625 0.044677734375
0 0.1866455078125 0.7934027777777778 0.02606201171875 0.0627170138888889
0 0.58642578125 0.4123263888888889 0.033660888671875 0.034993489583333336
0 0.8369140625 0.19542100694444445 0.021240234375 0.049886067708333336
0 0.6328125 0.3322482638888889 0.0264129638671875 0.059027777777777776
0 0.232177734375 0.2230902777777778 0.0205230712890625 0.06331380208333333
0 0.7958984375 0.4325086805555556 0.027069091796875 0.058268229166666664
0 0.340576171875 0.6002604166666666 0.0276336669921875 0.042426215277777776
0 0.8369140625 0.44921875 0.038970947265625 0.041558159722222224
0 0.307861328125 0.8233506944444444 0.0321044921875 0.06293402777777778
0 0.78564453125 0.5403645833333334 0.038818359375 0.037923177083333336
0 0.60546875 0.17317708333333334 0.035552978515625 0.03797743055555555
0 0.64892578125 0.7760416666666666 0.0343017578125 0.05837673611111111
0 0.82763671875 0.3394097222222222 0.031982421875 0.05495876736111111
0 0.348388671875 0.3385416666666667 0.03607177734375 0.033989800347222224
0 0.303955078125 0.03662109375 0.034942626953125 0.05311414930555555
0 0.21728515625 0.8433159722222222 0.035400390625 0.060980902777777776
0 0.83251953125 0.7703993055555556 0.0266571044921875 0.06342230902777778
0 0.1455078125 0.05433485243055555 0.03277587890625 0.05311414930555555
0 0.67138671875 0.84375 0.026702880859375 0.06282552083333333
0 0.41552734375 0.8198784722222222 0.0199127197265625 0.06749131944444445
0 0.09368896484375 0.2530381944444444 0.0244293212890625 0.068359375
0 0.775390625 0.44921875 0.020416259765625 0.060980902777777776
0 0.435302734375 0.7287326388888888 0.020721435546875 0.06201171875
0 0.52392578125 0.4978298611111111 0.0225372314453125 0.050374348958333336
0 0.404052734375 0.5325520833333334 0.022979736328125 0.058051215277777776
0 0.9755859375 0.6037326388888888 0.0287017822265625 0.05300564236111111
0 0.296875 0.2829861111111111 0.034698486328125 0.03518337673611111
0 0.492431640625 0.14778645833333334 0.038818359375 0.03748914930555555
0 0.0390625 0.2983940972222222 0.038909912109375 0.05381944444444445
0 0.31103515625 0.19911024305555555 0.033203125 0.050374348958333336
0 0.5458984375 0.103515625 0.0379638671875 0.03879123263888889
0 0.1630859375 0.76171875 0.042877197265625 0.036919487847222224
0 0.66259765625 0.6284722222222222 0.0240478515625 0.061686197916666664
0 0.134033203125 0.25390625 0.0268096923828125 0.0675998263888889
0 0.0264129638671875 0.8064236111111112 0.0394287109375 0.05007595486111111
0 0.54345703125 0.5772569444444444 0.018585205078125 0.07047526041666667
0 0.64306640625 0.06787109375 0.037200927734375 0.05221896701388889
0 0.9267578125 0.2901475694444444 0.0205230712890625 0.060980902777777776
0 0.23583984375 0.2805989583333333 0.0262603759765625 0.056098090277777776
0 0.88525390625 0.2934027777777778 0.03314208984375 0.042426215277777776
0 0.6953125 0.77734375 0.026153564453125 0.06212022569444445
0 0.41845703125 0.6896701388888888 0.03759765625 0.036919487847222224
0 0.3984375 0.6540798611111112 0.038116455078125 0.035725911458333336
0 0.2225341796875 0.1047092013888889 0.038604736328125 0.05064561631944445
0 0.05419921875 0.2476128472222222 0.023773193359375 0.0715603298611111
0 0.74609375 0.8454861111111112 0.0199127197265625 0.06646050347222222
0 0.80712890625 0.6974826388888888 0.0292510986328125 0.06260850694444445
0 0.50048828125 0.09266493055555555 0.018341064453125 0.06646050347222222
0 0.75439453125 0.6371527777777778 0.0282745361328125 0.07438151041666667
0 0.80859375 0.2886284722222222 0.0330810546875 0.047661675347222224
0 0.51806640625 0.09163411458333333 0.0246124267578125 0.051323784722222224
0 0.0755615234375 0.63671875 0.03912353515625 0.035590277777777776
0 0.85205078125 0.09065755208333333 0.029754638671875 0.0627170138888889
0 0.01015625 0.29583333333333334 0.0203125 0.06944444444444445
0 0.8818359375 0.392578125 0.03448486328125 0.038655598958333336
0 0.38427734375 0.5355902777777778 0.02044677734375 0.055989583333333336
0 0.06744384765625 0.4717881944444444 0.045196533203125 0.04416232638888889
0 0.7919921875 0.3404947916666667 0.0325927734375 0.04847547743055555
0 0.400634765625 0.15071614583333334 0.041839599609375 0.039388020833333336
0 0.69287109375 0.2133246527777778 0.03662109375 0.043755425347222224
0 0.9560546875 0.3337673611111111 0.0411376953125 0.042046440972222224
0 0.8740234375 0.23828125 0.038238525390625 0.034261067708333336
0 0.09619140625 0.201171875 0.04107666015625 0.034722222222222224
0 0.56640625 0.8541666666666666 0.033203125 0.037760416666666664
0 0.1402587890625 0.671875 0.0240478515625 0.04831271701388889
0 0.1739501953125 0.6927083333333334 0.0271148681640625 0.049886067708333336
0 0.75830078125 0.2426215277777778 0.037750244140625 0.036783854166666664
0 0.9794921875 0.8315972222222222 0.027587890625 0.06179470486111111
0 0.87158203125 0.1521267361111111 0.028167724609375 0.057074652777777776
0 0.77294921875 0.16395399305555555 0.03704833984375 0.03976779513888889
0 0.9859375 0.3194444444444444 0.028125 0.046296296296296294
0 0.8564453125 0.17588975694444445 0.0301513671875 0.056966145833333336
0 0.84130859375 0.2888454861111111 0.0330810546875 0.046576605902777776
0 0.06939697265625 0.8203125 0.027587890625 0.06201171875
0 0.91796875 0.5720486111111112 0.0343017578125 0.0720486111111111
0 0.9794921875 0.2736545138888889 0.036285400390625 0.036783854166666664
0 0.279052734375 0.5737847222222222 0.02606201171875 0.06575520833333333
0 0.46484375 0.030653211805555556 0.0209197998046875 0.060872395833333336
0 0.4384765625 0.7829861111111112 0.04376220703125 0.0498046875
0 0.07196044921875 0.7634548611111112 0.0276947021484375 0.06331380208333333
0 0.77392578125 0.8676215277777778 0.0343017578125 0.03173828125
0 0.92626953125 0.2025824652777778 0.0303802490234375 0.057942708333333336
0 0.56103515625 0.04391818576388889 0.03955078125 0.043511284722222224
0 0.1187744140625 0.7309027777777778 0.0233306884765625 0.048014322916666664
0 0.79345703125 0.2595486111111111 0.036285400390625 0.032036675347222224
0 0.2073974609375 0.03917100694444445 0.03515625 0.05995008680555555
0 0.7744140625 0.8372395833333334 0.03277587890625 0.03805881076388889
0 0.06427001953125 0.4390190972222222 0.03955078125 0.04052734375
0 0.03436279296875 0.03453233506944445 0.0274810791015625 0.06537543402777778
0 0.8896484375 0.8194444444444444 0.0221099853515625 0.06879340277777778
0 0.04876708984375 0.4075520833333333 0.03240966796875 0.03209092881944445
0 0.0310821533203125 0.1633029513888889 0.036346435546875 0.0705837673611111
0 0.8271484375 0.7061631944444444 0.0283355712890625 0.058159722222222224
0 0.79541015625 0.11751302083333333 0.03515625 0.040771484375
0 0.158203125 0.3474392361111111 0.0254669189453125 0.06722005208333333
0 0.98046875 0.3582899305555556 0.01971435546875 0.06331380208333333
0 0.07696533203125 0.043267144097222224 0.03253173828125 0.06635199652777778
0 0.76123046875 0.9175347222222222 0.0205230712890625 0.06027560763888889
0 0.356201171875 0.5512152777777778 0.03662109375 0.06391059027777778
0 0.9560546875 0.8832465277777778 0.03155517578125 0.04587131076388889
0 0.94287109375 0.6176215277777778 0.026702880859375 0.036078559027777776
0 0.67431640625 0.05772569444444445 0.0226287841796875 0.046061197916666664
0 0.576171875 0.9201388888888888 0.034027099609375 0.040473090277777776
0 0.5849609375 0.8932291666666666 0.0297088623046875 0.03879123263888889
0 0.99453125 0.7560185185185185 0.0109375 0.06018518518518518
0 0.12139892578125 0.017388237847222224 0.03515625 0.034586588541666664
0 0.9927083333333333 0.17175925925925925 0.014583333333333334 0.062037037037037036
0 0.027435302734375 0.8728298611111112 0.040313720703125 0.04139539930555555
0 0.8818359375 0.9427083333333334 0.03521728515625 0.040228949652777776
0 0.0216217041015625 0.4424913194444444 0.0274810791015625 0.031141493055555556
0 0.96826171875 0.13151041666666666 0.02215576171875 0.06635199652777778
0 0.484375 0.020370370370370372 0.03333333333333333 0.040740740740740744
0 0.97900390625 0.10980902777777778 0.032958984375 0.05433485243055555
0 0.06304931640625 0.017591688368055556 0.03179931640625 0.03445095486111111
0 0.87744140625 0.05577256944444445 0.04046630859375 0.08138020833333333
0 0.765625 0.03697374131944445 0.0401611328125 0.051812065972222224
0 0.88720703125 0.9791666666666666 0.03448486328125 0.035725911458333336
0 0.0215301513671875 0.9713541666666666 0.024749755859375 0.057291666666666664
0 0.01861572265625 0.9227430555555556 0.035736083984375 0.05514865451388889
0 0.85625 0.9833333333333333 0.030208333333333334 0.03333333333333333
0 0.9541015625 0.044840494791666664 0.01678466796875 0.03173828125
0 0.012969970703125 0.023966471354166668 0.024749755859375 0.04562717013888889
0 0.97314453125 0.9791666666666666 0.0469970703125 0.030192057291666668
0 0.1527099609375 0.1857638888888889 0.021697998046875 0.03076171875
0 0.115966796875 0.4242621527777778 0.0242767333984375 0.040852864583333336
0 0.07806396484375 0.9565972222222222 0.0272216796875 0.06966145833333333
0 0.80859375 0.011759440104166666 0.0282745361328125 0.022881401909722224
0 0.2142333984375 0.24522569444444445 0.024658203125 0.04391818576388889
0 0.76025390625 0.9739583333333334 0.039337158203125 0.044596354166666664
0 0.09600830078125 0.8723958333333334 0.030792236328125 0.03184678819444445
0 0.8759765625 0.8858506944444444 0.027801513671875 0.030653211805555556
0 0.89990234375 0.9036458333333334 0.035064697265625 0.034722222222222224
0 0.2900390625 0.8446180555555556 0.03955078125 0.052815755208333336
0 0.62744140625 0.9809027777777778 0.038909912109375 0.028835720486111112
0 0.9950520833333333 0.049074074074074076 0.009895833333333333 0.02962962962962963
0 0.25732421875 0.8858506944444444 0.0268096923828125 0.051323784722222224