0 0.716146 0.535185 0.030208 0.061111
0 0.692969 0.450463 0.030729 0.050926
0 0.164844 0.155093 0.028646 0.067593
0 0.396615 0.342593 0.025521 0.062963
0 0.589844 0.468056 0.026562 0.062037
0 0.551823 0.257407 0.034896 0.046296
0 0.449740 0.518981 0.028646 0.060185
0 0.455208 0.307870 0.032292 0.058333
0 0.486198 0.394444 0.035937 0.044444
0 0.659896 0.383796 0.034375 0.056481
0 0.428125 0.188889 0.033333 0.057407
0 0.661979 0.513889 0.018750 0.064815
0 0.221354 0.289352 0.026042 0.063889
0 0.547656 0.680556 0.032813 0.053704
0 0.759375 0.467593 0.022917 0.059259
0 0.321094 0.293519 0.031771 0.057407
0 0.196354 0.170370 0.029167 0.061111
0 0.660677 0.448611 0.033854 0.041667
0 0.429167 0.282407 0.028125 0.062963
0 0.702865 0.323611 0.035937 0.049074
0 0.206250 0.118519 0.023958 0.062963
0 0.417969 0.364352 0.022396 0.063889
0 0.062760 0.333796 0.040104 0.056481
0 0.126302 0.431481 0.028646 0.064815
0 0.497396 0.237037 0.023958 0.062963
0 0.422396 0.470833 0.019792 0.071296
0 0.706250 0.235185 0.021875 0.062963
0 0.376823 0.641667 0.034896 0.050000
0 0.351302 0.441204 0.032813 0.054630
0 0.770312 0.568981 0.032292 0.058333
0 0.860677 0.422685 0.031771 0.050926
0 0.247917 0.191204 0.030208 0.060185
0 0.351823 0.575463 0.026562 0.058333
0 0.901563 0.466667 0.030208 0.059259
0 0.877865 0.468056 0.027604 0.062037
0 0.530990 0.428241 0.020313 0.062037
0 0.733073 0.439815 0.035937 0.046296
0 0.795052 0.405556 0.036979 0.048148
0 0.484375 0.190278 0.026042 0.060185
0 0.650781 0.210648 0.023438 0.067593
0 0.502604 0.348611 0.030208 0.060185
0 0.938802 0.453241 0.025521 0.063889
0 0.531771 0.798148 0.036458 0.037037
0 0.570052 0.168981 0.021354 0.063889
0 0.256250 0.291204 0.036458 0.050926
0 0.041146 0.254630 0.031250 0.055556
0 0.644271 0.085185 0.018750 0.070370
0 0.644792 0.807870 0.028125 0.069444
0 0.685677 0.519444 0.020313 0.064815
0 0.895833 0.536111 0.036458 0.044444
0 0.534115 0.553704 0.030729 0.064815
0 0.380208 0.525463 0.035417 0.049074
0 0.503125 0.684259 0.034375 0.044444
0 0.489583 0.482407 0.019792 0.062963
0 0.718490 0.794444 0.026562 0.068519
0 0.421354 0.533796 0.021875 0.058333
0 0.444792 0.721759 0.032292 0.056481
0 0.427083 0.647222 0.033333 0.064815
0 0.732031 0.269907 0.024479 0.063889
0 0.501302 0.637963 0.032813 0.048148
0 0.742969 0.501389 0.040104 0.049074
0 0.525521 0.189815 0.022917 0.064815
0 0.215625 0.241667 0.033333 0.044444
0 0.189844 0.386111 0.035937 0.042593
0 0.571875 0.106019 0.016667 0.065741
0 0.611458 0.196759 0.021875 0.063889
0 0.088542 0.250000 0.038542 0.046296
0 0.617969 0.056019 0.032813 0.050926
0 0.201042 0.556019 0.026042 0.063889
0 0.371354 0.476389 0.030208 0.045370
0 0.865885 0.365278 0.036979 0.060185
0 0.025000 0.205556 0.037500 0.048148
0 0.790885 0.459722 0.033854 0.049074
0 0.409896 0.599074 0.036458 0.048148
0 0.308854 0.096296 0.020833 0.061111
0 0.266146 0.802778 0.037500 0.040741
0 0.514844 0.149074 0.026562 0.061111
0 0.485677 0.810648 0.026562 0.054630
0 0.531510 0.725926 0.018229 0.066667
0 0.464583 0.146296 0.019792 0.070370
0 0.270833 0.415741 0.033333 0.062963
0 0.070052 0.479630 0.029687 0.074074
0 0.087500 0.322222 0.036458 0.053704
0 0.320052 0.814352 0.040104 0.036111
0 0.440625 0.035185 0.029167 0.061111
0 0.080469 0.687037 0.022396 0.075926
0 0.688542 0.192130 0.032292 0.043519
0 0.461979 0.694907 0.032292 0.052778
0 0.693229 0.068056 0.021875 0.069444
0 0.473438 0.642130 0.035417 0.047222
0 0.195833 0.457870 0.026042 0.073148
0 0.773177 0.331944 0.032813 0.060185
0 0.466146 0.486111 0.019792 0.064815
0 0.060677 0.210185 0.038021 0.044444
0 0.098698 0.493981 0.025521 0.060185
0 0.322135 0.059259 0.020313 0.064815
0 0.146354 0.471296 0.026042 0.075926
0 0.071354 0.771296 0.038542 0.050000
0 0.594531 0.092593 0.017188 0.068519
0 0.184115 0.212037 0.041146 0.037037
0 0.047917 0.820370 0.036458 0.051852
0 0.329167 0.180093 0.020833 0.054630
0 0.058594 0.682870 0.027604 0.065741
0 0.614583 0.815741 0.021875 0.066667
0 0.591667 0.877778 0.019792 0.066667
0 0.674219 0.861111 0.022396 0.068519
0 0.342187 0.281019 0.018750 0.062037
0 0.555990 0.494444 0.034896 0.051852
0 0.924479 0.132407 0.021875 0.062963
0 0.695573 0.569444 0.034896 0.035185
0 0.041146 0.643981 0.026042 0.069444
0 0.795573 0.243519 0.020313 0.064815
0 0.858594 0.610648 0.032813 0.062037
0 0.809375 0.209259 0.026042 0.062963
0 0.289844 0.049537 0.021354 0.065741
0 0.026823 0.775463 0.031771 0.065741
0 0.228125 0.618519 0.025000 0.066667
0 0.546875 0.125926 0.036458 0.048148
0 0.250260 0.244907 0.040104 0.043519
0 0.039062 0.153241 0.042708 0.054630
0 0.756510 0.253241 0.025521 0.062037
0 0.186458 0.099074 0.033333 0.048148
0 0.346094 0.057870 0.024479 0.052778
0 0.775260 0.256019 0.019271 0.065741
0 0.108333 0.140278 0.033333 0.045370
0 0.226302 0.731019 0.038021 0.047222
0 0.525521 0.045370 0.019792 0.070370
0 0.478385 0.856019 0.036979 0.052778
0 0.123177 0.116667 0.034896 0.055556
0 0.491667 0.097222 0.034375 0.059259
0 0.083854 0.286111 0.043750 0.055556
0 0.036719 0.057870 0.027604 0.062037
0 0.366406 0.824074 0.027604 0.066667
0 0.847396 0.118056 0.026042 0.063889
0 0.049740 0.093981 0.032813 0.060185
0 0.247135 0.771759 0.040104 0.034259
0 0.851302 0.302778 0.036979 0.038889
0 0.834115 0.376389 0.035937 0.036111
0 0.260156 0.031019 0.019271 0.056481
0 0.687240 0.158796 0.032813 0.039815
0 0.084896 0.086574 0.021875 0.067593
0 0.240365 0.037963 0.020313 0.053704
0 0.947396 0.256019 0.026042 0.056481
0 0.841406 0.684259 0.029687 0.057407
0 0.009896 0.442593 0.018750 0.068519
0 0.944010 0.300000 0.032813 0.055556
0 0.498177 0.043056 0.027604 0.050926
0 0.254688 0.573148 0.029167 0.053704
0 0.271094 0.056019 0.017188 0.065741
0 0.119531 0.075463 0.038021 0.050926
0 0.577083 0.546296 0.021875 0.068519
0 0.556250 0.040741 0.035417 0.055556
0 0.685417 0.745370 0.023958 0.068519
0 0.768750 0.193981 0.034375 0.047222
0 0.729167 0.114815 0.018750 0.072222
0 0.133333 0.060648 0.035417 0.058333
0 0.317448 0.697685 0.031771 0.050926
0 0.791146 0.765741 0.033333 0.055556
0 0.573438 0.646296 0.037500 0.037037
0 0.174740 0.694444 0.032813 0.061111
0 0.746354 0.174074 0.036458 0.038889
0 0.795833 0.707870 0.036458 0.034259
0 0.854688 0.237963 0.036458 0.050000
0 0.902083 0.216204 0.020833 0.056481
0 0.069010 0.031481 0.023438 0.061111
0 0.255990 0.087500 0.024479 0.050926
0 0.896094 0.163889 0.030729 0.046296
0 0.932813 0.202315 0.022917 0.056481
0 0.275521 0.682870 0.031250 0.063889
0 0.674479 0.064352 0.025000 0.043519
0 0.984635 0.273148 0.028646 0.051852
0 0.704427 0.105556 0.039062 0.050000
0 0.980208 0.102315 0.036458 0.045370
0 0.893229 0.075926 0.034375 0.046296
0 0.968490 0.302778 0.022396 0.053704
0 0.626302 0.863426 0.020313 0.067593
0 0.345052 0.877315 0.027604 0.050926
0 0.794531 0.048611 0.021354 0.062037
0 0.505990 0.914815 0.031771 0.040741
0 0.981771 0.164352 0.036458 0.045370
0 0.877344 0.212500 0.031771 0.045370
0 0.798177 0.137037 0.030729 0.072222
0 0.982812 0.201852 0.033333 0.046296
0 0.761458 0.143056 0.036458 0.037963
0 0.947656 0.181019 0.033854 0.037963
0 0.795312 0.828241 0.018750 0.063889
0 0.012500 0.087963 0.023958 0.062963
0 0.010677 0.287963 0.020313 0.066667
0 0.236719 0.085648 0.029687 0.041667
0 0.018229 0.627315 0.022917 0.065741
0 0.927865 0.088426 0.038021 0.039815
0 0.425781 0.909259 0.040104 0.040741
0 0.799479 0.894444 0.029167 0.066667
0 0.768229 0.109259 0.036458 0.051852
0 0.463021 0.875463 0.034375 0.047222
0 0.582812 0.324074 0.021875 0.068519
0 0.989062 0.463889 0.020833 0.037037
0 0.038281 0.465741 0.027604 0.033333
0 0.060417 0.898148 0.029167 0.050000
0 0.886458 0.713889 0.043750 0.053704
0 0.182812 0.044907 0.021875 0.036111
0 0.307031 0.867130 0.032813 0.034259
0 0.954427 0.881019 0.038021 0.045370
0 0.783073 0.018056 0.025521 0.034259
0 0.962240 0.942130 0.038021 0.037963
0 0.990625 0.882870 0.018750 0.054630
0 0.870313 0.814815 0.036458 0.057407
0 0.219792 0.778241 0.021875 0.037963
0 0.050260 0.503241 0.021354 0.037963
0 0.008073 0.804630 0.015104 0.072222
0 0.429688 0.735648 0.028125 0.037963
0 0.269531 0.841667 0.019271 0.044444
0 0.465104 0.944907 0.036458 0.047222
0 0.634635 0.972685 0.043229 0.045370
0 0.936198 0.979630 0.043229 0.038889
0 0.095573 0.871296 0.031771 0.037037
0 0.722917 0.943981 0.030208 0.049074
0 0.893490 0.902778 0.027604 0.033333
0 0.716406 0.980556 0.022396 0.037037
0 0.681510 0.981481 0.031771 0.027778
0 0.820312 0.988426 0.035417 0.023148
0 0.738021 0.981019 0.030208 0.028704
0 0.088021 0.941667 0.036458 0.044444
0 0.473177 0.259722 0.027604 0.073148
0 0.306771 0.031481 0.023958 0.035185
0 0.071094 0.093056 0.018229 0.058333
0 0.100260 0.076852 0.016146 0.057407
0 0.146875 0.044907 0.022917 0.045370
0 0.131771 0.019444 0.025000 0.027778
0 0.104167 0.020833 0.023958 0.039815
0 0.012500 0.009259 0.023958 0.016667
0 0.048177 0.037963 0.022396 0.033333
0 0.028125 0.091204 0.020833 0.050926
0 0.056250 0.164815 0.017708 0.001852
0 0.055990 0.136574 0.019271 0.036111
0 0.329167 0.011111 0.020833 0.020370
0 0.497396 0.131481 0.025000 0.050000
0 0.516667 0.092130 0.022917 0.039815
0 0.472917 0.109259 0.021875 0.037037
0 0.567969 0.051852 0.029687 0.031481
0 0.584115 0.011574 0.016146 0.021296
0 0.611979 0.979630 0.029167 0.025926
0 0.991667 0.615278 0.016667 0.039815
0 0.969792 0.877778 0.032292 0.038889
0 0.838542 0.197222 0.017708 0.053704
0 0.821354 0.170370 0.036458 0.040741
0 0.819010 0.130093 0.023438 0.052778
0 0.833594 0.087963 0.028646 0.040741
0 0.676302 0.128241 0.018229 0.056481
0 0.638281 0.127315 0.021354 0.056481
0 0.652865 0.107870 0.013021 0.069444
0 0.618750 0.119907 0.019792 0.045370
0 0.628646 0.169907 0.020833 0.047222
0 0.755729 0.038889 0.025000 0.044444
0 0.776042 0.077315 0.029167 0.052778
0 0.745573 0.095833 0.018229 0.065741
0 0.798438 0.126389 0.031250 0.087963
0 0.988802 0.119907 0.022396 0.050926
0 0.963802 0.233333 0.018229 0.057407
0 0.917708 0.200000 0.018750 0.072222
0 0.608854 0.013889 0.014583 0.025926
0 0.627865 0.012500 0.011979 0.023148
0 0.988281 0.303241 0.014063 0.047222
0 0.345573 0.969444 0.029687 0.038889
