0 0.390869140625 0.22938368055555555 0.0203704833984375 0.07286241319444445
0 0.2203369140625 0.5581597222222222 0.0283355712890625 0.059516059027777776
0 0.4169921875 0.3919270833333333 0.03192138671875 0.05007595486111111
0 0.249267578125 0.5203993055555556 0.0276336669921875 0.054850260416666664
0 0.5302734375 0.1899956597222222 0.023193359375 0.06749131944444445
0 0.386962890625 0.3869357638888889 0.0218658447265625 0.06353081597222222
0 0.31884765625 0.330078125 0.0305023193359375 0.046576605902777776
0 0.6044921875 0.20301649305555555 0.02337646484375 0.06673177083333333
0 0.424072265625 0.3274739583333333 0.0259552001953125 0.05870225694444445
0 0.5205078125 0.4092881944444444 0.03240966796875 0.051920572916666664
0 0.1502685546875 0.24739583333333334 0.022796630859375 0.0703125
0 0.66845703125 0.3854166666666667 0.0236053466796875 0.06412760416666667
0 0.53271484375 0.4891493055555556 0.0218658447265625 0.06141493055555555
0 0.483154296875 0.2868923611111111 0.0202178955078125 0.07020399305555555
0 0.4267578125 0.4574652777777778 0.03424072265625 0.040771484375
0 0.388427734375 0.5811631944444444 0.0273284912109375 0.06005859375
0 0.81005859375 0.4075520833333333 0.02801513671875 0.05783420138888889
0 0.72900390625 0.4809027777777778 0.029541015625 0.06499565972222222
0 0.1845703125 0.2172309027777778 0.0255584716796875 0.06331380208333333
0 0.3671875 0.23111979166666666 0.02532958984375 0.06879340277777778
0 0.3349609375 0.08002387152777778 0.0246124267578125 0.06852213541666667
0 0.307861328125 0.09440104166666667 0.021484375 0.06575520833333333
0 0.57275390625 0.5846354166666666 0.0237274169921875 0.059733072916666664
0 0.137939453125 0.3229166666666667 0.023956298828125 0.0703125
0 0.62890625 0.859375 0.027374267578125 0.05422634548611111
0 0.41748046875 0.2562934027777778 0.0197601318359375 0.06966145833333333
0 0.271240234375 0.5481770833333334 0.0273284912109375 0.05837673611111111
0 0.093994140625 0.1860894097222222 0.0258636474609375 0.07427300347222222
0 0.50244140625 0.09407552083333333 0.0224151611328125 0.0681423611111111
0 0.32763671875 0.2884114583333333 0.0268096923828125 0.06222873263888889
0 0.273193359375 0.2515190972222222 0.03033447265625 0.059516059027777776
0 0.60546875 0.4268663194444444 0.0209197998046875 0.0681423611111111
0 0.05780029296875 0.3107638888888889 0.0322265625 0.05984157986111111
0 0.25732421875 0.0886501736111111 0.024566650390625 0.059733072916666664
0 0.36474609375 0.5763888888888888 0.0242767333984375 0.055989583333333336
0 0.55859375 0.412109375 0.0301055908203125 0.056098090277777776
0 0.6630859375 0.5078125 0.0226287841796875 0.06391059027777778
0 0.35302734375 0.5434027777777778 0.030853271484375 0.051215277777777776
0 0.30126953125 0.2860243055555556 0.0310821533203125 0.052300347222222224
0 0.0592041015625 0.4377170138888889 0.024566650390625 0.06260850694444445
0 0.32470703125 0.22005208333333334 0.0239105224609375 0.06700303819444445
0 0.69970703125 0.76171875 0.0223236083984375 0.06825086805555555
0 0.2362060546875 0.06309678819444445 0.0234222412109375 0.0681423611111111
0 0.57080078125 0.3075086805555556 0.03192138671875 0.05007595486111111
0 0.74755859375 0.6948784722222222 0.03143310546875 0.05162217881944445
0 0.54736328125 0.234375 0.03515625 0.040934244791666664
0 0.194580078125 0.5 0.0299224853515625 0.06635199652777778
0 0.521484375 0.5863715277777778 0.0177154541015625 0.06526692708333333
0 0.52099609375 0.8376736111111112 0.0325927734375 0.048665364583333336
0 0.66748046875 0.7204861111111112 0.03448486328125 0.040608723958333336
0 0.6982421875 0.3932291666666667 0.0197601318359375 0.06586371527777778
0 0.455078125 0.3934461805555556 0.01983642578125 0.06787109375
0 0.493408203125 0.78125 0.0252685546875 0.06722005208333333
0 0.2998046875 0.1984592013888889 0.03802490234375 0.051703559027777776
0 0.67529296875 0.8138020833333334 0.0318603515625 0.042914496527777776
0 0.50048828125 0.14051649305555555 0.03173828125 0.054741753472222224
0 0.6181640625 0.6953125 0.0287628173828125 0.057183159722222224
0 0.57470703125 0.8307291666666666 0.0216522216796875 0.05685763888888889
0 0.62646484375 0.4822048611111111 0.0185394287109375 0.06461588541666667
0 0.2509765625 0.193359375 0.0261993408203125 0.05837673611111111
0 0.273681640625 0.4852430555555556 0.024383544921875 0.059136284722222224
0 0.76123046875 0.6545138888888888 0.034698486328125 0.050835503472222224
0 0.76513671875 0.4105902777777778 0.0266571044921875 0.06548394097222222
0 0.424560546875 0.18836805555555555 0.034698486328125 0.04196506076388889
0 0.43359375 0.10780164930555555 0.027587890625 0.05870225694444445
0 0.55029296875 0.5286458333333334 0.018768310546875 0.06526692708333333
0 0.10015869140625 0.12272135416666667 0.036773681640625 0.051215277777777776
0 0.89990234375 0.3732638888888889 0.0186920166015625 0.06293402777777778
0 0.72802734375 0.4186197916666667 0.03271484375 0.057074652777777776
0 0.58740234375 0.10411241319444445 0.017242431640625 0.06429036458333333
0 0.27685546875 0.13802083333333334 0.036895751953125 0.054633246527777776
0 0.66455078125 0.6176215277777778 0.0257568359375 0.06684027777777778
0 0.609375 0.51171875 0.0193023681640625 0.059733072916666664
0 0.73486328125 0.15321180555555555 0.022369384765625 0.06282552083333333
0 0.91552734375 0.5720486111111112 0.021942138671875 0.06944444444444445
0 0.5517578125 0.3634982638888889 0.0211639404296875 0.06260850694444445
0 0.345947265625 0.06190321180555555 0.024932861328125 0.05588107638888889
0 0.8623046875 0.6727430555555556 0.033721923828125 0.06917317708333333
0 0.1571044921875 0.3812934027777778 0.035614013671875 0.04831271701388889
0 0.45654296875 0.7044270833333334 0.037811279296875 0.039849175347222224
0 0.382568359375 0.5217013888888888 0.0236053466796875 0.05270724826388889
0 0.12646484375 0.08121744791666667 0.021484375 0.0625
0 0.30517578125 0.5538194444444444 0.0216217041015625 0.06331380208333333
0 0.939453125 0.5399305555555556 0.03271484375 0.04969618055555555
0 0.68603515625 0.4661458333333333 0.035736083984375 0.036295572916666664
0 0.52783203125 0.3567708333333333 0.03271484375 0.059244791666666664
0 0.07861328125 0.4025607638888889 0.02630615234375 0.05772569444444445
0 0.26220703125 0.3680555555555556 0.04168701171875 0.04139539930555555
0 0.444091796875 0.5850694444444444 0.0287017822265625 0.04383680555555555
0 0.54052734375 0.1353081597222222 0.03515625 0.044840494791666664
0 0.06634521484375 0.4769965277777778 0.038818359375 0.059244791666666664
0 0.65673828125 0.12684461805555555 0.0301055908203125 0.06027560763888889
0 0.65869140625 0.8420138888888888 0.030853271484375 0.048773871527777776
0 0.94921875 0.2578125 0.0211181640625 0.07221137152777778
0 0.22021484375 0.3650173611111111 0.03802490234375 0.04234483506944445
0 0.7080078125 0.4398871527777778 0.035614013671875 0.037923177083333336
0 0.11279296875 0.04359266493055555 0.032470703125 0.061089409722222224
0 0.69287109375 0.2105034722222222 0.0287628173828125 0.06201171875
0 0.2183837890625 0.4605034722222222 0.033905029296875 0.06027560763888889
0 0.400634765625 0.54296875 0.033538818359375 0.03993055555555555
0 0.841796875 0.6783854166666666 0.0256195068359375 0.06331380208333333
0 0.45947265625 0.2977430555555556 0.0188751220703125 0.06890190972222222
0 0.8232421875 0.8051215277777778 0.0369873046875 0.04052734375
0 0.880859375 0.7604166666666666 0.03704833984375 0.06027560763888889
0 0.08135986328125 0.2732204861111111 0.03759765625 0.046142578125
0 0.23828125 0.6614583333333334 0.0386962890625 0.03347439236111111
0 0.145751953125 0.1584201388888889 0.03790283203125 0.03879123263888889
0 0.55224609375 0.859375 0.021484375 0.06673177083333333
0 0.849609375 0.3825954861111111 0.0379638671875 0.035807291666666664
0 0.68994140625 0.6610243055555556 0.027069091796875 0.056640625
0 0.53662109375 0.07356770833333333 0.0321044921875 0.05211046006944445
0 0.7841796875 0.4251302083333333 0.0212860107421875 0.0695529513888889
0 0.833984375 0.11469184027777778 0.0205230712890625 0.061686197916666664
0 0.2646484375 0.2788628472222222 0.0191192626953125 0.0675998263888889
0 0.473388671875 0.54296875 0.0194244384765625 0.0700954861111111
0 0.8017578125 0.7408854166666666 0.023956298828125 0.06722005208333333
0 0.5537109375 0.6046006944444444 0.0199127197265625 0.06559244791666667
0 0.22607421875 0.2463107638888889 0.03515625 0.049506293402777776
0 0.76318359375 0.7348090277777778 0.037261962890625 0.03567165798611111
0 0.685546875 0.2608506944444444 0.034027099609375 0.05555555555555555
0 0.199951171875 0.11414930555555555 0.0413818359375 0.039849175347222224
0 0.122314453125 0.7374131944444444 0.0252227783203125 0.06391059027777778
0 0.58056640625 0.431640625 0.017303466796875 0.060980902777777776
0 0.69091796875 0.3359375 0.040679931640625 0.046332465277777776
0 0.37109375 0.3272569444444444 0.0333251953125 0.06190321180555555
0 0.59521484375 0.66796875 0.03424072265625 0.038275824652777776
0 0.249267578125 0.44921875 0.041229248046875 0.04147677951388889
0 0.323974609375 0.3739149305555556 0.0312042236328125 0.045355902777777776
0 0.3603515625 0.1488715277777778 0.045013427734375 0.04367404513888889
0 0.7412109375 0.8897569444444444 0.0170440673828125 0.06282552083333333
0 0.4248046875 0.5607638888888888 0.0185394287109375 0.0632052951388889
0 0.1385498046875 0.10660807291666667 0.0269622802734375 0.06461588541666667
0 0.046478271484375 0.8159722222222222 0.03192138671875 0.06293402777777778
0 0.43505859375 0.6636284722222222 0.03955078125 0.037760416666666664
0 0.955078125 0.6293402777777778 0.03033447265625 0.056206597222222224
0 0.81005859375 0.3546006944444444 0.036773681640625 0.03407118055555555
0 0.97119140625 0.3726128472222222 0.029754638671875 0.06391059027777778
0 0.94140625 0.7352430555555556 0.0360107421875 0.044514973958333336
0 0.205078125 0.08338758680555555 0.039337158203125 0.044759114583333336
0 0.8212890625 0.7269965277777778 0.0219879150390625 0.06825086805555555
0 0.43701171875 0.5282118055555556 0.020416259765625 0.06212022569444445
0 0.2318115234375 0.7938368055555556 0.03021240234375 0.06353081597222222
0 0.7470703125 0.8246527777777778 0.03759765625 0.04562717013888889
0 0.106689453125 0.7986111111111112 0.036895751953125 0.041802300347222224
0 0.2078857421875 0.048394097222222224 0.038330078125 0.049235026041666664
0 0.80078125 0.1281467013888889 0.0263519287109375 0.06027560763888889
0 0.1710205078125 0.7513020833333334 0.03131103515625 0.05514865451388889
0 0.1826171875 0.14051649305555555 0.040771484375 0.03748914930555555
0 0.8642578125 0.08978949652777778 0.0299224853515625 0.05495876736111111
0 0.2318115234375 0.6228298611111112 0.039703369140625 0.04196506076388889
0 0.599609375 0.030300564236111112 0.0177154541015625 0.05750868055555555
0 0.83837890625 0.7495659722222222 0.02880859375 0.05783420138888889
0 0.84130859375 0.3287760416666667 0.039947509765625 0.031982421875
0 0.217529296875 0.7261284722222222 0.0220794677734375 0.06787109375
0 0.03594970703125 0.08783637152777778 0.03033447265625 0.05881076388888889
0 0.93505859375 0.4552951388888889 0.03790283203125 0.045355902777777776
0 0.1580810546875 0.10237630208333333 0.0290374755859375 0.06331380208333333
0 0.8984375 0.24544270833333334 0.04010009765625 0.036214192708333336
0 0.10430908203125 0.404296875 0.0345458984375 0.051812065972222224
0 0.7900390625 0.04275173611111111 0.0278472900390625 0.056206597222222224
0 0.72314453125 0.0823025173611111 0.0302734375 0.061686197916666664
0 0.439208984375 0.7903645833333334 0.0209197998046875 0.0710177951388889
0 0.77587890625 0.8637152777777778 0.0360107421875 0.04739040798611111
0 0.0240936279296875 0.7152777777777778 0.0280609130859375 0.056315104166666664
0 0.76025390625 0.24479166666666666 0.0352783203125 0.046061197916666664
0 0.07684326171875 0.3430989583333333 0.0330810546875 0.054741753472222224
0 0.890625 0.8168402777777778 0.02423095703125 0.0666232638888889
0 0.85693359375 0.16048177083333334 0.03656005859375 0.043755425347222224
0 0.1751708984375 0.6688368055555556 0.02447509765625 0.06212022569444445
0 0.0755615234375 0.04212782118055555 0.036712646484375 0.0636935763888889
0 0.505859375 0.027113172743055556 0.03448486328125 0.041314019097222224
0 0.556640625 0.4652777777777778 0.027435302734375 0.034722222222222224
0 0.708984375 0.6935763888888888 0.038238525390625 0.04283311631944445
0 0.796875 0.2345920138888889 0.03021240234375 0.03805881076388889
0 0.81201171875 0.2677951388888889 0.039642333984375 0.037190755208333336
0 0.5458984375 0.03076171875 0.03704833984375 0.044921875
0 0.1541748046875 0.7109375 0.0232391357421875 0.061197916666666664
0 0.82763671875 0.2990451388888889 0.039337158203125 0.034125434027777776
0 0.7001953125 0.048394097222222224 0.0230712890625 0.06993272569444445
0 0.02423095703125 0.1674262152777778 0.03192138671875 0.0788302951388889
0 0.042877197265625 0.7578125 0.0394287109375 0.032280815972222224
0 0.1474609375 0.048583984375 0.022979736328125 0.049614800347222224
0 0.9875 0.7731481481481481 0.025 0.05925925925925926
0 0.492431640625 0.7348090277777778 0.02752685546875 0.04006618923611111
0 0.86865234375 0.2365451388888889 0.038818359375 0.04172092013888889
0 0.599609375 0.8845486111111112 0.0271759033203125 0.037190755208333336
0 0.7158203125 0.5690104166666666 0.0345458984375 0.05259874131944445
0 0.021209716796875 0.2944878472222222 0.034027099609375 0.06212022569444445
0 0.98779296875 0.2177734375 0.0239105224609375 0.06635199652777778
0 0.953125 0.3342013888888889 0.0237274169921875 0.06391059027777778
0 0.0994873046875 0.3474392361111111 0.0394287109375 0.04416232638888889
0 0.96435546875 0.8368055555555556 0.037109375 0.05113389756944445
0 0.358642578125 0.8697916666666666 0.0360107421875 0.05392795138888889
0 0.2354736328125 0.7248263888888888 0.0216522216796875 0.06477864583333333
0 0.060638427734375 0.7052951388888888 0.04302978515625 0.035807291666666664
0 0.01337432861328125 0.4978298611111111 0.024658203125 0.0695529513888889
0 0.290771484375 0.7243923611111112 0.0273284912109375 0.06852213541666667
0 0.984375 0.2975260416666667 0.0292510986328125 0.05685763888888889
0 0.97412109375 0.6028645833333334 0.0306243896484375 0.05056423611111111
0 0.33251953125 0.024237738715277776 0.041778564453125 0.040934244791666664
0 0.04401041666666667 0.027314814814814816 0.03697916666666667 0.05462962962962963
0 0.93994140625 0.08588324652777778 0.0293731689453125 0.05075412326388889
0 0.89697265625 0.08653428819444445 0.0390625 0.04014756944444445
0 0.76318359375 0.9270833333333334 0.0170440673828125 0.060601128472222224
0 0.181640625 0.7786458333333334 0.04400634765625 0.03879123263888889
0 0.93701171875 0.3385416666666667 0.0258026123046875 0.06429036458333333
0 0.66455078125 0.03285047743055555 0.0299835205078125 0.06499565972222222
0 0.810546875 0.8450520833333334 0.042633056640625 0.05653211805555555
0 0.143310546875 0.7586805555555556 0.0251312255859375 0.04831271701388889
0 0.96337890625 0.3109809027777778 0.035064697265625 0.04226345486111111
0 0.86328125 0.5177951388888888 0.0276336669921875 0.056966145833333336
0 0.05511474609375 0.8515625 0.02337646484375 0.060601128472222224
0 0.1339111328125 0.5763888888888888 0.045257568359375 0.051920572916666664
0 0.9150390625 0.2981770833333333 0.043701171875 0.052897135416666664
0 0.4287109375 0.7356770833333334 0.02947998046875 0.04139539930555555
0 0.217041015625 0.2947048611111111 0.0271148681640625 0.027533637152777776
0 0.978515625 0.12098524305555555 0.0390625 0.0783962673611111
0 0.154296875 0.9461805555555556 0.022247314453125 0.0703125
0 0.05572509765625 0.2204861111111111 0.0216522216796875 0.032036675347222224
0 0.07183837890625 0.8563368055555556 0.03515625 0.05859375
0 0.1331787109375 0.6137152777777778 0.0191650390625 0.03797743055555555
0 0.00844573974609375 0.2591145833333333 0.0164031982421875 0.052300347222222224
0 0.17213541666666668 0.0125 0.027604166666666666 0.025
0 0.8876953125 0.8706597222222222 0.033721923828125 0.06282552083333333
0 0.1778564453125 0.9704861111111112 0.03533935546875 0.055257161458333336
0 0.9091796875 0.9210069444444444 0.0164642333984375 0.025092230902777776
0 0.892578125 0.9288194444444444 0.021331787109375 0.028618706597222224
0 0.345947265625 0.9644097222222222 0.024139404296875 0.0703125
0 0.31884765625 0.9461805555555556 0.040679931640625 0.06016710069444445
0 0.533203125 0.9800347222222222 0.03173828125 0.03895399305555555
0 0.2046875 0.9675925925925926 0.03229166666666667 0.06481481481481481
0 0.467041015625 0.9800347222222222 0.035888671875 0.027004665798611112
0 0.9955729166666667 0.5324074074074074 0.008854166666666666 0.02962962962962963
0 0.311767578125 0.9826388888888888 0.036895751953125 0.03407118055555555
0 0.53369140625 0.9288194444444444 0.018798828125 0.03770616319444445
0 0.72314453125 0.9748263888888888 0.03594970703125 0.045979817708333336
0 0.2418212890625 0.9826388888888888 0.027435302734375 0.03076171875
0 0.07342529296875 0.9539930555555556 0.030914306640625 0.0703125