0 0.445556640625 0.1750217013888889 0.0184326171875 0.0675998263888889
0 0.398193359375 0.21158854166666666 0.0248870849609375 0.0625
0 0.650390625 0.5004340277777778 0.034423828125 0.045708550347222224
0 0.59619140625 0.11241319444444445 0.0199432373046875 0.06461588541666667
0 0.447998046875 0.6657986111111112 0.03448486328125 0.04503038194444445
0 0.52197265625 0.6736111111111112 0.0284423828125 0.06450737847222222
0 0.6044921875 0.20789930555555555 0.017913818359375 0.0703125
0 0.492431640625 0.6297743055555556 0.0254669189453125 0.059624565972222224
0 0.5791015625 0.4713541666666667 0.0199432373046875 0.06429036458333333
0 0.59033203125 0.3773871527777778 0.0180206298828125 0.05995008680555555
0 0.52099609375 0.5907118055555556 0.03607177734375 0.037841796875
0 0.74853515625 0.3611111111111111 0.01898193359375 0.06673177083333333
0 0.64111328125 0.3274739583333333 0.0247955322265625 0.05740017361111111
0 0.1539306640625 0.56640625 0.030670166015625 0.059136284722222224
0 0.47802734375 0.7087673611111112 0.02337646484375 0.06190321180555555
0 0.65673828125 0.23133680555555555 0.01751708984375 0.0615234375
0 0.3798828125 0.3122829861111111 0.03582763671875 0.040690104166666664
0 0.890625 0.3029513888888889 0.0245208740234375 0.0615234375
0 0.72265625 0.3624131944444444 0.03326416015625 0.057942708333333336
0 0.3837890625 0.5868055555555556 0.0309600830078125 0.051432291666666664
0 0.1689453125 0.19270833333333334 0.0289306640625 0.05859375
0 0.3427734375 0.2873263888888889 0.02386474609375 0.056206597222222224
0 0.1175537109375 0.15104166666666666 0.029205322265625 0.06537543402777778
0 0.58056640625 0.7074652777777778 0.03228759765625 0.05300564236111111
0 0.498291015625 0.7999131944444444 0.025909423828125 0.06586371527777778
0 0.48828125 0.5177951388888888 0.036712646484375 0.044759114583333336
0 0.11181640625 0.3993055555555556 0.026763916015625 0.06450737847222222
0 0.88623046875 0.3704427083333333 0.0225830078125 0.06635199652777778
0 0.456787109375 0.44921875 0.0204925537109375 0.06282552083333333
0 0.159912109375 0.3958333333333333 0.02386474609375 0.06391059027777778
0 0.4658203125 0.2545572916666667 0.03192138671875 0.051513671875
0 0.67333984375 0.3407118055555556 0.0255126953125 0.06076388888888889
0 0.346435546875 0.5203993055555556 0.03125 0.056098090277777776
0 0.7412109375 0.1877170138888889 0.0197601318359375 0.06212022569444445
0 0.85986328125 0.3899739583333333 0.0253753662109375 0.05837673611111111
0 0.6005859375 0.3107638888888889 0.0212860107421875 0.06624348958333333
0 0.362060546875 0.44921875 0.03192138671875 0.060492621527777776
0 0.471923828125 0.09217664930555555 0.03265380859375 0.051323784722222224
0 0.92578125 0.2727864583333333 0.0199432373046875 0.061686197916666664
0 0.67041015625 0.3919270833333333 0.021484375 0.0661349826388889
0 0.140380859375 0.1181640625 0.0209197998046875 0.0632052951388889
0 0.03277587890625 0.1650390625 0.02386474609375 0.06179470486111111
0 0.67724609375 0.24153645833333334 0.027069091796875 0.056098090277777776
0 0.3994140625 0.4071180555555556 0.038238525390625 0.045979817708333336
0 0.4482421875 0.2899305555555556 0.033203125 0.04847547743055555
0 0.69384765625 0.2803819444444444 0.03326416015625 0.048665364583333336
0 0.5986328125 0.7981770833333334 0.0305023193359375 0.04334852430555555
0 0.53271484375 0.1584201388888889 0.035675048828125 0.051513671875
0 0.292236328125 0.7191840277777778 0.03228759765625 0.0556640625
0 0.1630859375 0.6970486111111112 0.03521728515625 0.05221896701388889
0 0.732421875 0.2777777777777778 0.03271484375 0.04969618055555555
0 0.6962890625 0.0773654513888889 0.0211639404296875 0.06510416666666667
0 0.1990966796875 0.1293402777777778 0.03240966796875 0.06027560763888889
0 0.18505859375 0.5598958333333334 0.022674560546875 0.0661349826388889
0 0.340087890625 0.8116319444444444 0.033843994140625 0.045708550347222224
0 0.15771484375 0.09288194444444445 0.026702880859375 0.0627170138888889
0 0.421142578125 0.3459201388888889 0.0369873046875 0.035400390625
0 0.66259765625 0.12141927083333333 0.0250396728515625 0.06439887152777778
0 0.52490234375 0.3602430555555556 0.038116455078125 0.044921875
0 0.8720703125 0.21766493055555555 0.0225067138671875 0.06309678819444445
0 0.56298828125 0.1062282986111111 0.033966064453125 0.049126519097222224
0 0.76318359375 0.22764756944444445 0.0252685546875 0.058919270833333336
0 0.0526123046875 0.2595486111111111 0.0325927734375 0.056640625
0 0.6181640625 0.3841145833333333 0.0191192626953125 0.060384114583333336
0 0.25634765625 0.08685980902777778 0.027435302734375 0.05422634548611111
0 0.194580078125 0.2177734375 0.03582763671875 0.04115125868055555
0 0.67919921875 0.16861979166666666 0.018768310546875 0.059244791666666664
0 0.3056640625 0.35546875 0.0273284912109375 0.052408854166666664
0 0.71435546875 0.7890625 0.02685546875 0.056966145833333336
0 0.202880859375 0.1650390625 0.033905029296875 0.05740017361111111
0 0.023284912109375 0.3567708333333333 0.0282745361328125 0.055365668402777776
0 0.470458984375 0.5512152777777778 0.0199127197265625 0.06331380208333333
0 0.705078125 0.5590277777777778 0.029144287109375 0.04942491319444445
0 0.294921875 0.6410590277777778 0.020599365234375 0.055989583333333336
0 0.87109375 0.4320746527777778 0.0328369140625 0.04383680555555555
0 0.465087890625 0.13704427083333334 0.03302001953125 0.04367404513888889
0 0.3125 0.6202256944444444 0.021697998046875 0.06749131944444445
0 0.62841796875 0.46484375 0.0180206298828125 0.06429036458333333
0 0.67236328125 0.0681423611111111 0.026153564453125 0.043999565972222224
0 0.74169921875 0.51171875 0.03448486328125 0.061686197916666664
0 0.92529296875 0.3532986111111111 0.037750244140625 0.04250759548611111
0 0.9677734375 0.376953125 0.02423095703125 0.06450737847222222
0 0.1685791015625 0.7413194444444444 0.0352783203125 0.04519314236111111
0 0.027740478515625 0.5529513888888888 0.034820556640625 0.05026584201388889
0 0.921875 0.4366319444444444 0.036346435546875 0.04014756944444445
0 0.31689453125 0.7682291666666666 0.0369873046875 0.03355577256944445
0 0.80224609375 0.306640625 0.027435302734375 0.061197916666666664
0 0.258544921875 0.16015625 0.03460693359375 0.05381944444444445
0 0.60791015625 0.6801215277777778 0.03515625 0.05300564236111111
0 0.67578125 0.78515625 0.0322265625 0.05162217881944445
0 0.748046875 0.2608506944444444 0.0276947021484375 0.062337239583333336
0 0.60888671875 0.4379340277777778 0.0182647705078125 0.059027777777777776
0 0.44140625 0.5594618055555556 0.03277587890625 0.039306640625
0 0.888671875 0.6028645833333334 0.0247955322265625 0.06391059027777778
0 0.77294921875 0.20084635416666666 0.028106689453125 0.058919270833333336
0 0.76025390625 0.4644097222222222 0.03790283203125 0.04383680555555555
0 0.35009765625 0.1518012152777778 0.035003662109375 0.04359266493055555
0 0.3564453125 0.5477430555555556 0.0227203369140625 0.059733072916666664
0 0.0269622802734375 0.419921875 0.0240478515625 0.06293402777777778
0 0.1187744140625 0.07942708333333333 0.022369384765625 0.06439887152777778
0 0.63232421875 0.5668402777777778 0.037811279296875 0.037760416666666664
0 0.63623046875 0.3767361111111111 0.0194549560546875 0.0632052951388889
0 0.5625 0.059244791666666664 0.034820556640625 0.041314019097222224
0 0.7099609375 0.2361111111111111 0.03192138671875 0.03683810763888889
0 0.96142578125 0.4338107638888889 0.02056884765625 0.057291666666666664
0 0.5595703125 0.8302951388888888 0.03338623046875 0.03648546006944445
0 0.92138671875 0.5811631944444444 0.036163330078125 0.05504014756944445
0 0.88720703125 0.208984375 0.0206451416015625 0.06749131944444445
0 0.287841796875 0.17252604166666666 0.039642333984375 0.04212782118055555
0 0.853515625 0.2647569444444444 0.033905029296875 0.03355577256944445
0 0.517578125 0.09320746527777778 0.0255584716796875 0.049886067708333336
0 0.81640625 0.5633680555555556 0.038909912109375 0.037190755208333336
0 0.12420654296875 0.5750868055555556 0.03759765625 0.035590277777777776
0 0.400146484375 0.2562934027777778 0.03790283203125 0.04885525173611111
0 0.34619140625 0.05935329861111111 0.0251312255859375 0.05577256944444445
0 0.7744140625 0.2827690972222222 0.02947998046875 0.054524739583333336
0 0.37939453125 0.5364583333333334 0.02838134765625 0.050944010416666664
0 0.74951171875 0.7682291666666666 0.035675048828125 0.037190755208333336
0 0.444091796875 0.7552083333333334 0.020172119140625 0.0675998263888889
0 0.501953125 0.08751085069444445 0.0203399658203125 0.0661349826388889
0 0.62744140625 0.1567925347222222 0.033538818359375 0.04031032986111111
0 0.17333984375 0.4578993055555556 0.034423828125 0.058919270833333336
0 0.0633544921875 0.15321180555555555 0.03240966796875 0.06016710069444445
0 0.260009765625 0.2224392361111111 0.034820556640625 0.043999565972222224
0 0.08819580078125 0.1062282986111111 0.0269622802734375 0.06526692708333333
0 0.744140625 0.099609375 0.036834716796875 0.041558159722222224
0 0.278564453125 0.5043402777777778 0.0203399658203125 0.06212022569444445
0 0.058349609375 0.05848524305555555 0.0312042236328125 0.04758029513888889
0 0.984375 0.2571614583333333 0.029205322265625 0.04847547743055555
0 0.08477783203125 0.6848958333333334 0.038116455078125 0.043158637152777776
0 0.79931640625 0.7135416666666666 0.037322998046875 0.031494140625
0 0.81640625 0.6354166666666666 0.036773681640625 0.03466796875
0 0.482177734375 0.3982204861111111 0.0186920166015625 0.068359375
0 0.501953125 0.8758680555555556 0.029876708984375 0.046332465277777776
0 0.383544921875 0.023871527777777776 0.0304412841796875 0.04684787326388889
0 0.431396484375 0.4978298611111111 0.0271759033203125 0.04519314236111111
0 0.305908203125 0.3930121527777778 0.022674560546875 0.046685112847222224
0 0.15185546875 0.7543402777777778 0.030853271484375 0.06510416666666667
0 0.45458984375 0.5186631944444444 0.0306243896484375 0.03857421875
0 0.912109375 0.2019314236111111 0.03240966796875 0.051432291666666664
0 0.7294921875 0.1420355902777778 0.034820556640625 0.05211046006944445
0 0.1026611328125 0.6493055555555556 0.033477783203125 0.06461588541666667
0 0.97802734375 0.4609375 0.0269622802734375 0.060601128472222224
0 0.67578125 0.7183159722222222 0.03179931640625 0.05674913194444445
0 0.256103515625 0.7504340277777778 0.039794921875 0.03870985243055555
0 0.81103515625 0.1812065972222222 0.03179931640625 0.05300564236111111
0 0.202880859375 0.8407118055555556 0.041229248046875 0.03599717881944445
0 0.224365234375 0.2712673611111111 0.038238525390625 0.040934244791666664
0 0.7919921875 0.7669270833333334 0.0384521484375 0.03477647569444445
0 0.92236328125 0.09098307291666667 0.0301513671875 0.06005859375
0 0.23828125 0.09526909722222222 0.034820556640625 0.043755425347222224
0 0.1392822265625 0.6723090277777778 0.02838134765625 0.06548394097222222
0 0.2578125 0.2664930555555556 0.0352783203125 0.042046440972222224
0 0.11395263671875 0.7248263888888888 0.0258636474609375 0.052408854166666664
0 0.404052734375 0.038872612847222224 0.030731201171875 0.052300347222222224
0 0.054901123046875 0.6267361111111112 0.0310821533203125 0.05064561631944445
0 0.466552734375 0.8211805555555556 0.034698486328125 0.051703559027777776
0 0.24560546875 0.1281467013888889 0.03802490234375 0.03599717881944445
0 0.41015625 0.56640625 0.0302734375 0.032904730902777776
0 0.465576171875 0.022013346354166668 0.034881591796875 0.042914496527777776
0 0.7802734375 0.068359375 0.03759765625 0.04006618923611111
0 0.0137939453125 0.07286241319444445 0.0238189697265625 0.05995008680555555
0 0.78662109375 0.13216145833333334 0.0384521484375 0.040228949652777776
0 0.9716796875 0.1494140625 0.033966064453125 0.05270724826388889
0 0.85302734375 0.3463541666666667 0.04046630859375 0.03599717881944445
0 0.96337890625 0.3305121527777778 0.04168701171875 0.042046440972222224
0 0.95458984375 0.2033420138888889 0.0333251953125 0.05015733506944445
0 0.36181640625 0.11859809027777778 0.0352783203125 0.037272135416666664
0 0.7578125 0.03819444444444445 0.03338623046875 0.054009331597222224
0 0.0615234375 0.5629340277777778 0.044677734375 0.036566840277777776
0 0.06610107421875 0.4661458333333333 0.0290374755859375 0.06548394097222222
0 0.68994140625 0.8914930555555556 0.0276947021484375 0.06597222222222222
0 0.062225341796875 0.390625 0.034942626953125 0.061089409722222224
0 0.84228515625 0.1613498263888889 0.035491943359375 0.052300347222222224
0 0.80029296875 0.23893229166666666 0.036712646484375 0.04052734375
0 0.46337890625 0.8776041666666666 0.035491943359375 0.036919487847222224
0 0.265380859375 0.0556640625 0.03338623046875 0.06890190972222222
0 0.1829833984375 0.10297309027777778 0.03448486328125 0.04554578993055555
0 0.84375 0.1042751736111111 0.03704833984375 0.04758029513888889
0 0.30126953125 0.04391818576388889 0.036773681640625 0.0627170138888889
0 0.5537109375 0.4075520833333333 0.026458740234375 0.060980902777777776
0 0.09136962890625 0.2484809027777778 0.04193115234375 0.05311414930555555
0 0.93359375 0.4830729166666667 0.0236968994140625 0.043511284722222224
0 0.2156982421875 0.7274305555555556 0.0244293212890625 0.07194010416666667
0 0.9716796875 0.6059027777777778 0.0261077880859375 0.05772569444444445
0 0.2215576171875 0.4605034722222222 0.03753662109375 0.059244791666666664
0 0.80859375 0.10053168402777778 0.0309600830078125 0.050374348958333336
0 0.050048828125 0.4704861111111111 0.0246124267578125 0.06212022569444445
0 0.98046875 0.10389539930555555 0.0360107421875 0.043999565972222224
0 0.3671875 0.8294270833333334 0.01971435546875 0.07535807291666667
0 0.0153045654296875 0.1252170138888889 0.0285491943359375 0.03955078125
0 0.01009368896484375 0.1896701388888889 0.019561767578125 0.059027777777777776
0 0.09979248046875 0.03355577256944445 0.035614013671875 0.041802300347222224
0 0.2144775390625 0.024061414930555556 0.040924072265625 0.03843858506944445
0 0.84716796875 0.9574652777777778 0.03216552734375 0.058919270833333336
0 0.443603515625 0.5876736111111112 0.0299835205078125 0.031005859375
0 0.145263671875 0.043267144097222224 0.025665283203125 0.046223958333333336
0 0.11126708984375 0.5013020833333334 0.0316162109375 0.05837673611111111
0 0.0129241943359375 0.6059027777777778 0.0248870849609375 0.06076388888888889
0 0.66748046875 0.9088541666666666 0.0235595703125 0.05642361111111111
0 0.88671875 0.8168402777777778 0.027587890625 0.06597222222222222
0 0.81982421875 0.9522569444444444 0.027740478515625 0.0627170138888889
0 0.89599609375 0.7282986111111112 0.04107666015625 0.036431206597222224
0 0.3291015625 0.10199652777777778 0.03460693359375 0.05504014756944445
0 0.02508544921875 0.7721354166666666 0.034088134765625 0.06684027777777778
0 0.8779296875 0.07942708333333333 0.03448486328125 0.04391818576388889
0 0.9853515625 0.2957899305555556 0.02801513671875 0.053412543402777776
0 0.18212890625 0.044840494791666664 0.0224151611328125 0.036078559027777776
0 0.76220703125 0.9210069444444444 0.0252685546875 0.060492621527777776
0 0.80615234375 0.9123263888888888 0.0360107421875 0.046061197916666664
0 0.011979166666666667 0.8273148148148148 0.023958333333333335 0.06574074074074074
0 0.53857421875 0.014607747395833334 0.0206451416015625 0.028483072916666668
0 0.492431640625 0.018500434027777776 0.0177764892578125 0.036431206597222224
0 0.1949462890625 0.90625 0.02508544921875 0.06293402777777778
0 0.8828125 0.8975694444444444 0.0360107421875 0.04543728298611111
0 0.75830078125 0.5069444444444444 0.02752685546875 0.03797743055555555
0 0.3515625 0.9383680555555556 0.0333251953125 0.054009331597222224
0 0.071044921875 0.9427083333333334 0.03582763671875 0.050374348958333336
0 0.5640625 0.975925925925926 0.03333333333333333 0.04814814814814815
0 0.07196044921875 0.8572048611111112 0.036224365234375 0.059244791666666664
0 0.008072916666666667 0.02638888888888889 0.016145833333333335 0.03425925925925926
0 0.429443359375 0.7365451388888888 0.020965576171875 0.039632161458333336
0 0.9859375 0.8574074074074074 0.028125 0.04814814814814815
0 0.1318359375 0.6137152777777778 0.0215301513671875 0.03648546006944445
0 0.57470703125 0.9435763888888888 0.035400390625 0.057942708333333336
0 0.94287109375 0.8810763888888888 0.033843994140625 0.04554578993055555
0 0.0191650390625 0.9409722222222222 0.034759521484375 0.056098090277777776
0 0.85888671875 0.9053819444444444 0.02886962890625 0.05075412326388889
0 0.052337646484375 0.9756944444444444 0.04400634765625 0.034261067708333336
0 0.9541015625 0.044596354166666664 0.017181396484375 0.03173828125
0 0.05911458333333333 0.0125 0.016145833333333335 0.025
0 0.3369140625 0.890625 0.018829345703125 0.05311414930555555
0 0.9955729166666667 0.5324074074074074 0.008854166666666666 0.027777777777777776
0 0.4404296875 0.8537326388888888 0.022674560546875 0.030192057291666668
0 0.77587890625 0.9817708333333334 0.0258636474609375 0.025689019097222224
0 0.25634765625 0.8849826388888888 0.0250396728515625 0.050835503472222224
0 0.7880859375 0.8580729166666666 0.044097900390625 0.051025390625
0 0.7451171875 0.9826388888888888 0.02532958984375 0.029052734375
0 0.6767578125 0.8819444444444444 0.0283355712890625 0.04893663194444445
0 0.1842041015625 0.9722222222222222 0.04248046875 0.05381944444444445
0 0.8427734375 0.7730034722222222 0.01666259765625 0.023057725694444444
0 0.0162200927734375 0.8732638888888888 0.02691650390625 0.034125434027777776