0 0.609115 0.293981 0.025521 0.067593
0 0.462500 0.268056 0.034375 0.052778
0 0.850781 0.338889 0.024479 0.061111
0 0.528906 0.515278 0.031771 0.050926
0 0.819531 0.289815 0.022396 0.064815
0 0.817187 0.136574 0.022917 0.062037
0 0.278125 0.230556 0.025000 0.062963
0 0.403125 0.217593 0.021875 0.066667
0 0.568490 0.628704 0.033854 0.059259
0 0.778385 0.510185 0.026562 0.062963
0 0.668229 0.377778 0.021875 0.064815
0 0.596354 0.402315 0.034375 0.054630
0 0.575000 0.468981 0.025000 0.062037
0 0.830729 0.436574 0.026042 0.054630
0 0.730208 0.218056 0.030208 0.054630
0 0.323958 0.144444 0.026042 0.068519
0 0.495833 0.593519 0.023958 0.062963
0 0.688542 0.264815 0.030208 0.053704
0 0.460677 0.762500 0.023438 0.065741
0 0.440365 0.514815 0.029687 0.053704
0 0.900781 0.283796 0.021354 0.062037
0 0.883073 0.442130 0.031771 0.043519
0 0.875260 0.315741 0.020313 0.059259
0 0.723958 0.391204 0.020833 0.067593
0 0.582292 0.325463 0.020833 0.065741
0 0.857031 0.455093 0.025521 0.056481
0 0.442188 0.695370 0.033333 0.057407
0 0.284896 0.169444 0.034375 0.061111
0 0.910937 0.477778 0.026042 0.062963
0 0.909375 0.420370 0.020833 0.064815
0 0.698958 0.600000 0.033333 0.051852
0 0.922917 0.256019 0.023958 0.060185
0 0.797656 0.272685 0.027604 0.058333
0 0.510938 0.388889 0.035417 0.035185
0 0.757552 0.256944 0.036979 0.041667
0 0.252344 0.544444 0.038021 0.051852
0 0.460938 0.523148 0.020833 0.070370
0 0.911198 0.338889 0.019271 0.062963
0 0.498177 0.165278 0.020313 0.065741
0 0.440885 0.451389 0.034896 0.036111
0 0.955990 0.408333 0.032813 0.057407
0 0.859635 0.397222 0.038021 0.042593
0 0.451042 0.381481 0.028125 0.064815
0 0.240625 0.246296 0.020833 0.068519
0 0.586198 0.194907 0.022396 0.069444
0 0.425521 0.185185 0.018750 0.066667
0 0.653125 0.819444 0.032292 0.064815
0 0.454688 0.169444 0.022917 0.062963
0 0.370833 0.355093 0.017708 0.063889
0 0.101302 0.268519 0.022396 0.064815
0 0.551562 0.415278 0.033333 0.041667
0 0.804427 0.394444 0.036979 0.037037
0 0.666146 0.543056 0.035417 0.050926
0 0.405729 0.351389 0.035417 0.043519
0 0.657813 0.590741 0.036458 0.035185
0 0.442969 0.642130 0.035937 0.041667
0 0.692187 0.071759 0.022917 0.062037
0 0.902083 0.215278 0.020833 0.056481
0 0.710677 0.195833 0.022396 0.062037
0 0.778125 0.582870 0.022917 0.063889
0 0.295052 0.740741 0.029687 0.055556
0 0.697396 0.396296 0.032292 0.035185
0 0.402865 0.131944 0.031771 0.058333
0 0.513281 0.707870 0.022396 0.067593
0 0.623698 0.572222 0.027604 0.066667
0 0.231250 0.677315 0.034375 0.060185
0 0.403125 0.314815 0.036458 0.046296
0 0.280208 0.121759 0.034375 0.045370
0 0.196354 0.467593 0.031250 0.062963
0 0.763542 0.088426 0.020833 0.063889
0 0.040104 0.246296 0.035417 0.048148
0 0.793750 0.458796 0.031250 0.045370
0 0.429688 0.263889 0.036458 0.038889
0 0.440365 0.108333 0.027604 0.059259
0 0.267448 0.476389 0.034896 0.050926
0 0.129167 0.215741 0.025000 0.064815
0 0.144010 0.204630 0.027604 0.064815
0 0.070052 0.178704 0.030729 0.061111
0 0.982031 0.404630 0.031771 0.048148
0 0.199740 0.318519 0.027604 0.059259
0 0.593229 0.487037 0.034375 0.035185
0 0.522135 0.161111 0.024479 0.055556
0 0.492188 0.750926 0.021875 0.070370
0 0.825000 0.355093 0.031250 0.037963
0 0.831771 0.488889 0.035417 0.035185
0 0.864844 0.643519 0.035937 0.035185
0 0.149219 0.670833 0.036979 0.056481
0 0.922396 0.186574 0.028125 0.060185
0 0.077344 0.356944 0.031771 0.060185
0 0.308333 0.097685 0.022917 0.058333
0 0.110937 0.156019 0.037500 0.045370
0 0.165625 0.140741 0.030208 0.057407
0 0.438802 0.568519 0.018229 0.066667
0 0.242969 0.592130 0.041146 0.049074
0 0.536458 0.454167 0.017708 0.060185
0 0.895833 0.660648 0.029167 0.060185
0 0.938021 0.625926 0.022917 0.053704
0 0.029427 0.156481 0.024479 0.066667
0 0.231771 0.737500 0.037500 0.045370
0 0.762760 0.824074 0.022396 0.068519
0 0.811719 0.177778 0.019271 0.059259
0 0.471875 0.219907 0.040625 0.039815
0 0.770312 0.191204 0.037500 0.043519
0 0.744010 0.056481 0.034896 0.051852
0 0.647656 0.040278 0.028646 0.060185
0 0.139063 0.093519 0.023958 0.062963
0 0.225781 0.480556 0.038021 0.057407
0 0.178906 0.165741 0.029687 0.064815
0 0.297917 0.615278 0.025000 0.050926
0 0.873698 0.267593 0.034896 0.050000
0 0.927865 0.118519 0.033854 0.050000
0 0.960156 0.328704 0.036979 0.051852
0 0.960677 0.269444 0.033854 0.066667
0 0.435677 0.836111 0.032813 0.038889
0 0.775521 0.762500 0.028125 0.062037
0 0.240365 0.037500 0.019271 0.050926
0 0.590625 0.732407 0.016667 0.062963
0 0.346094 0.056019 0.026562 0.052778
0 0.889323 0.609259 0.022396 0.064815
0 0.262240 0.029630 0.022396 0.057407
0 0.836719 0.193981 0.024479 0.047222
0 0.530469 0.067593 0.027604 0.061111
0 0.465625 0.085648 0.027083 0.063889
0 0.077865 0.068981 0.029687 0.063889
0 0.892448 0.077778 0.034896 0.046296
0 0.068750 0.232407 0.029167 0.070370
0 0.733594 0.102315 0.036979 0.039815
0 0.325521 0.456944 0.035417 0.054630
0 0.806250 0.446759 0.025000 0.058333
0 0.022396 0.432870 0.038542 0.069444
0 0.745833 0.375463 0.025000 0.067593
0 0.258073 0.085648 0.027604 0.049074
0 0.622656 0.816667 0.024479 0.070370
0 0.645312 0.716667 0.034375 0.061111
0 0.767708 0.464352 0.029167 0.036111
0 0.821875 0.785185 0.020833 0.061111
0 0.282031 0.679630 0.035937 0.046296
0 0.738021 0.846759 0.027083 0.067593
0 0.670573 0.736574 0.021354 0.063889
0 0.554948 0.098611 0.027604 0.060185
0 0.785937 0.730093 0.023958 0.062037
0 0.577344 0.109722 0.021354 0.073148
0 0.893750 0.043519 0.035417 0.044444
0 0.985156 0.301389 0.026562 0.060185
0 0.099219 0.417130 0.023438 0.067593
0 0.306771 0.837500 0.028125 0.062037
0 0.775521 0.231019 0.033333 0.050926
0 0.736458 0.149074 0.045833 0.037037
0 0.881510 0.141204 0.036979 0.052778
0 0.342187 0.847222 0.029167 0.057407
0 0.978646 0.577315 0.037500 0.036111
0 0.754167 0.686574 0.036458 0.050926
0 0.161719 0.089815 0.034896 0.050000
0 0.862500 0.591667 0.035417 0.055556
0 0.978646 0.092130 0.036458 0.063889
0 0.985417 0.168519 0.027083 0.048148
0 0.917448 0.643519 0.025521 0.064815
0 0.062240 0.461111 0.032813 0.064815
0 0.009896 0.152778 0.018750 0.055556
0 0.862500 0.807407 0.035417 0.038889
0 0.671615 0.787037 0.039062 0.037037
0 0.743750 0.501852 0.044792 0.046296
0 0.313542 0.055556 0.038542 0.038889
0 0.057031 0.136574 0.027604 0.050926
0 0.023177 0.093056 0.030729 0.058333
0 0.479687 0.123148 0.025000 0.064815
0 0.236719 0.085648 0.031771 0.043519
0 0.605208 0.900463 0.029167 0.058333
0 0.964323 0.169444 0.030729 0.057407
0 0.099219 0.701389 0.023438 0.062037
0 0.187760 0.099074 0.034896 0.050000
0 0.699479 0.637963 0.037500 0.031481
0 0.642448 0.183796 0.021354 0.065741
0 0.374479 0.537037 0.026042 0.046296
0 0.789844 0.149074 0.043229 0.042593
0 0.778646 0.045833 0.027083 0.056481
0 0.048958 0.574074 0.038542 0.062963
0 0.433073 0.735185 0.026562 0.046296
0 0.014583 0.035185 0.028125 0.053704
0 0.948958 0.181481 0.032292 0.048148
0 0.984635 0.212500 0.026562 0.043519
0 0.656510 0.170370 0.028646 0.075926
0 0.050781 0.036111 0.027604 0.044444
0 0.730990 0.722685 0.039062 0.050926
0 0.131771 0.029630 0.028125 0.048148
0 0.043490 0.505556 0.036979 0.057407
0 0.169792 0.615278 0.044792 0.054630
0 0.014583 0.514815 0.028125 0.038889
0 0.057552 0.018519 0.036979 0.035185
0 0.182031 0.047685 0.023438 0.041667
0 0.111198 0.773611 0.038021 0.049074
0 0.009635 0.257870 0.018229 0.065741
0 0.087500 0.881944 0.035417 0.063889
0 0.885156 0.789352 0.046354 0.058333
0 0.310937 0.028704 0.035417 0.037037
0 0.111719 0.874074 0.031771 0.064815
0 0.725781 0.927315 0.027604 0.058333
0 0.052083 0.396759 0.028125 0.050926
0 0.953906 0.043981 0.017188 0.032407
0 0.219792 0.774074 0.022917 0.044444
0 0.384896 0.011111 0.018750 0.020370
0 0.071094 0.857407 0.033854 0.061111
0 0.633594 0.952778 0.027604 0.038889
0 0.759115 0.931019 0.034896 0.062037
0 0.933854 0.889815 0.032292 0.051852
0 0.090104 0.956944 0.031250 0.067593
0 0.945052 0.941204 0.038021 0.036111
0 0.269531 0.839352 0.020313 0.049074
0 0.995833 0.485648 0.008333 0.037963
0 0.845313 0.877315 0.030208 0.076852
0 0.306510 0.894444 0.035937 0.038889
0 0.163802 0.475926 0.023438 0.027778
0 0.119792 0.956944 0.028125 0.073148
0 0.377865 0.935185 0.032813 0.033333
0 0.125000 0.461111 0.032292 0.061111
0 0.478646 0.869907 0.023958 0.025000
0 0.887760 0.978704 0.041146 0.042593
0 0.759896 0.971759 0.038542 0.037963
