0 0.679427 0.506481 0.022396 0.064815
0 0.582812 0.561111 0.031250 0.053704
0 0.485156 0.416667 0.021354 0.068519
0 0.727344 0.422685 0.030729 0.050926
0 0.373698 0.594907 0.028646 0.060185
0 0.425781 0.328704 0.020313 0.066667
0 0.502344 0.540741 0.024479 0.062963
0 0.303125 0.256019 0.022917 0.067593
0 0.390104 0.227778 0.022917 0.068519
0 0.798438 0.226389 0.021875 0.060185
0 0.197396 0.311574 0.032292 0.056481
0 0.794531 0.538426 0.031771 0.045370
0 0.570573 0.370833 0.025521 0.063889
0 0.353385 0.542130 0.029687 0.050926
0 0.518750 0.440741 0.019792 0.066667
0 0.143490 0.346296 0.026562 0.062963
0 0.324219 0.481944 0.031771 0.049074
0 0.106510 0.345833 0.032813 0.058333
0 0.674479 0.593519 0.022917 0.059259
0 0.532292 0.350000 0.022917 0.062963
0 0.290365 0.124537 0.019271 0.067593
0 0.805990 0.297685 0.034896 0.043519
0 0.914323 0.570370 0.029687 0.061111
0 0.924219 0.363426 0.027604 0.060185
0 0.460677 0.385648 0.018229 0.062037
0 0.784375 0.412963 0.022917 0.062963
0 0.338802 0.346296 0.021354 0.062963
0 0.519271 0.582870 0.020833 0.063889
0 0.261458 0.773611 0.036458 0.050926
0 0.670052 0.701389 0.030729 0.045370
0 0.218490 0.458333 0.033854 0.064815
0 0.296354 0.610648 0.031250 0.058333
0 0.307031 0.097222 0.021354 0.062963
0 0.374219 0.328704 0.019271 0.059259
0 0.309635 0.587500 0.029687 0.063889
0 0.405729 0.480556 0.022917 0.059259
0 0.621875 0.216204 0.028125 0.058333
0 0.495052 0.351389 0.035937 0.045370
0 0.364323 0.284259 0.025521 0.057407
0 0.629687 0.461111 0.034375 0.048148
0 0.927604 0.518519 0.035417 0.059259
0 0.394531 0.452315 0.030729 0.052778
0 0.220312 0.738889 0.036458 0.048148
0 0.203125 0.368519 0.038542 0.037037
0 0.207031 0.141667 0.022396 0.066667
0 0.495833 0.270370 0.034375 0.053704
0 0.878646 0.531481 0.033333 0.061111
0 0.237500 0.062037 0.020833 0.074074
0 0.438281 0.598611 0.028646 0.049074
0 0.746875 0.661111 0.022917 0.062963
0 0.169271 0.362500 0.020833 0.067593
0 0.164062 0.279630 0.031250 0.061111
0 0.703125 0.581019 0.022917 0.062037
0 0.036719 0.280093 0.025521 0.060185
0 0.276823 0.095833 0.020313 0.069444
0 0.687760 0.379630 0.022396 0.062963
0 0.079427 0.256944 0.030729 0.054630
0 0.551823 0.444444 0.030729 0.038889
0 0.682813 0.127778 0.017708 0.068519
0 0.452083 0.460648 0.036458 0.050926
0 0.728125 0.719444 0.027083 0.053704
0 0.726823 0.056944 0.019271 0.062037
0 0.354427 0.450463 0.036979 0.037963
0 0.430208 0.245833 0.030208 0.054630
0 0.139063 0.258333 0.034375 0.061111
0 0.710677 0.087963 0.023438 0.066667
0 0.255208 0.512500 0.035417 0.041667
0 0.656510 0.137037 0.024479 0.066667
0 0.815625 0.456019 0.036458 0.052778
0 0.314583 0.350000 0.021875 0.087037
0 0.097135 0.419444 0.023438 0.068519
0 0.829427 0.261111 0.024479 0.059259
0 0.300260 0.194907 0.039062 0.043519
0 0.128125 0.081481 0.021875 0.070370
0 0.753125 0.058333 0.021875 0.062963
0 0.483854 0.651852 0.032292 0.042593
0 0.658073 0.452778 0.021354 0.061111
0 0.545312 0.231481 0.033333 0.055556
0 0.877604 0.668981 0.035417 0.045370
0 0.500260 0.094444 0.018229 0.072222
0 0.490885 0.703704 0.026562 0.051852
0 0.860677 0.087037 0.020313 0.064815
0 0.400000 0.534722 0.031250 0.037963
0 0.288542 0.282870 0.034375 0.050926
0 0.389323 0.786574 0.038021 0.045370
0 0.688802 0.206944 0.018229 0.065741
0 0.165365 0.135185 0.022396 0.070370
0 0.057292 0.317593 0.028125 0.064815
0 0.683854 0.430093 0.022917 0.063889
0 0.498958 0.212500 0.026042 0.050926
0 0.055990 0.156481 0.027604 0.068519
0 0.090104 0.187500 0.036458 0.062037
0 0.827865 0.398611 0.024479 0.065741
0 0.255990 0.088426 0.021354 0.062037
0 0.141146 0.422222 0.031250 0.046296
0 0.528125 0.133796 0.018750 0.065741
0 0.097656 0.798611 0.034896 0.054630
0 0.676823 0.656944 0.033854 0.041667
0 0.448958 0.540741 0.030208 0.042593
0 0.716667 0.372685 0.038542 0.037963
0 0.168490 0.615278 0.036979 0.056481
0 0.391406 0.406944 0.038021 0.034259
0 0.540885 0.584259 0.021354 0.068519
0 0.741927 0.577778 0.038021 0.059259
0 0.371094 0.162037 0.035937 0.046296
0 0.798698 0.352315 0.023438 0.065741
0 0.841927 0.357870 0.034896 0.045370
0 0.345833 0.060648 0.026042 0.056481
0 0.416146 0.575000 0.027083 0.050000
0 0.748698 0.728241 0.026562 0.056481
0 0.950781 0.237037 0.022396 0.068519
0 0.130990 0.137963 0.034896 0.057407
0 0.227344 0.537963 0.041146 0.040741
0 0.453385 0.702315 0.035937 0.039815
0 0.186979 0.699074 0.030208 0.055556
0 0.891406 0.131019 0.021354 0.060185
0 0.811979 0.412963 0.030208 0.051852
0 0.950000 0.603241 0.036458 0.047222
0 0.631510 0.416667 0.034896 0.048148
0 0.358073 0.237963 0.036979 0.044444
0 0.191667 0.249074 0.035417 0.053704
0 0.472917 0.540741 0.018750 0.064815
0 0.192188 0.779167 0.025000 0.067593
0 0.242708 0.342593 0.032292 0.068519
0 0.113542 0.742130 0.030208 0.065741
0 0.856771 0.216667 0.023958 0.064815
0 0.271875 0.675463 0.030208 0.067593
0 0.205208 0.698148 0.033333 0.057407
0 0.154688 0.725000 0.032292 0.061111
0 0.258594 0.148148 0.038021 0.040741
0 0.629687 0.672222 0.022917 0.064815
0 0.284115 0.434722 0.041146 0.034259
0 0.144271 0.668056 0.040625 0.037963
0 0.557813 0.280093 0.033333 0.047222
0 0.286979 0.476852 0.038542 0.040741
0 0.249219 0.610648 0.041146 0.045370
0 0.586198 0.125463 0.019271 0.071296
0 0.576823 0.030556 0.023438 0.059259
0 0.382031 0.032870 0.028646 0.060185
0 0.626823 0.136574 0.032813 0.052778
0 0.697917 0.107870 0.017708 0.065741
0 0.183073 0.159259 0.031771 0.059259
0 0.731250 0.825463 0.030208 0.050926
0 0.313802 0.037500 0.023438 0.067593
0 0.969531 0.373611 0.030729 0.058333
0 0.670573 0.326389 0.035937 0.037963
0 0.836719 0.195833 0.022396 0.054630
0 0.599740 0.028704 0.019271 0.055556
0 0.814583 0.111574 0.023958 0.062037
0 0.791146 0.644444 0.038542 0.044444
0 0.899219 0.246296 0.039062 0.038889
0 0.043229 0.643056 0.027083 0.067593
0 0.778906 0.054167 0.030729 0.062037
0 0.919531 0.718056 0.035937 0.041667
0 0.544010 0.784259 0.035937 0.038889
0 0.238281 0.210648 0.040104 0.037963
0 0.744271 0.875000 0.027083 0.055556
0 0.014323 0.150926 0.027604 0.070370
0 0.697917 0.276852 0.032292 0.061111
0 0.408333 0.036574 0.021875 0.067593
0 0.073698 0.676852 0.033854 0.066667
0 0.768229 0.106481 0.033333 0.037037
0 0.716146 0.236574 0.038542 0.047222
0 0.603385 0.125000 0.024479 0.066667
0 0.437760 0.795370 0.018229 0.070370
0 0.247135 0.267593 0.036979 0.037037
0 0.859635 0.142130 0.036979 0.039815
0 0.626823 0.503704 0.020313 0.055556
0 0.953906 0.336574 0.022396 0.062037
0 0.979167 0.607407 0.034375 0.055556
0 0.610938 0.695833 0.022917 0.060185
0 0.717708 0.193981 0.039583 0.037963
0 0.251042 0.237500 0.039583 0.034259
0 0.560677 0.140278 0.032813 0.043519
0 0.164583 0.567130 0.042708 0.037963
0 0.836979 0.912037 0.026042 0.062963
0 0.517188 0.055093 0.035417 0.037963
0 0.758854 0.244907 0.036458 0.045370
0 0.870573 0.228704 0.031771 0.059259
0 0.856250 0.499074 0.037500 0.048148
0 0.520573 0.828704 0.018229 0.066667
0 0.610156 0.518981 0.021354 0.052778
0 0.047656 0.417130 0.035937 0.052778
0 0.554688 0.824537 0.031250 0.043519
0 0.544271 0.029167 0.035417 0.047222
0 0.076823 0.043981 0.028646 0.063889
0 0.942969 0.135185 0.023438 0.061111
0 0.038802 0.209722 0.029687 0.047222
0 0.068490 0.472685 0.045312 0.041667
0 0.809375 0.058333 0.032292 0.048148
0 0.098698 0.049074 0.038021 0.053704
0 0.821615 0.726389 0.021354 0.067593
0 0.030990 0.092593 0.021354 0.057407
0 0.302083 0.757407 0.022917 0.050000
0 0.023698 0.523611 0.042188 0.039815
0 0.043490 0.040278 0.039062 0.050926
0 0.058073 0.824074 0.024479 0.068519
0 0.505208 0.021759 0.033333 0.039815
0 0.790625 0.115278 0.022917 0.050926
0 0.890885 0.816667 0.021354 0.068519
0 0.763542 0.926852 0.017708 0.057407
0 0.151042 0.025926 0.033333 0.050000
0 0.032031 0.835648 0.029687 0.054630
0 0.772656 0.862963 0.028646 0.061111
0 0.858594 0.928241 0.022396 0.067593
0 0.985156 0.235648 0.026562 0.060185
0 0.589063 0.888426 0.034375 0.036111
0 0.984115 0.296296 0.028646 0.055556
0 0.893750 0.325000 0.022917 0.027778
0 0.823438 0.805093 0.037500 0.050926
0 0.962500 0.310185 0.033333 0.038889
0 0.981771 0.775926 0.025000 0.064815
0 0.714063 0.542130 0.016667 0.049074
0 0.182552 0.043056 0.022396 0.037963
0 0.023698 0.423611 0.021354 0.062037
0 0.048438 0.879167 0.027083 0.058333
0 0.011719 0.055556 0.022396 0.048148
0 0.375521 0.876389 0.040625 0.041667
0 0.928385 0.878704 0.039062 0.042593
0 0.973437 0.041667 0.040625 0.035185
0 0.428646 0.735185 0.029167 0.040741
0 0.767448 0.787037 0.022396 0.038889
0 0.965365 0.132407 0.022396 0.064815
0 0.833594 0.972685 0.042188 0.043519
0 0.701823 0.017130 0.032813 0.032407
0 0.742969 0.955093 0.030729 0.062037
0 0.980729 0.123611 0.038542 0.087963
0 0.892448 0.927315 0.022396 0.028704
0 0.415365 0.876852 0.043229 0.038889
0 0.272656 0.943981 0.041146 0.052778
0 0.116406 0.955556 0.029687 0.062963
0 0.356250 0.888426 0.026042 0.047222
0 0.016667 0.874074 0.032292 0.048148
0 0.908333 0.920370 0.017708 0.025926
0 0.126302 0.929167 0.031771 0.065741
0 0.078646 0.950000 0.025000 0.070370
0 0.132292 0.613426 0.018750 0.036111
0 0.995313 0.532407 0.009375 0.029630
0 0.699219 0.969444 0.033854 0.061111
0 0.113021 0.425000 0.026042 0.042593
0 0.567708 0.970833 0.017708 0.054630
0 0.407552 0.978704 0.035937 0.042593
0 0.516927 0.973148 0.027604 0.053704
0 0.229948 0.951389 0.036979 0.050926
0 0.283854 0.982407 0.037500 0.035185
