0 0.68603515625 0.4461805555555556 0.0194549560546875 0.05848524305555555
0 0.331298828125 0.2068142361111111 0.020172119140625 0.06879340277777778
0 0.62451171875 0.4644097222222222 0.0235137939453125 0.061686197916666664
0 0.65185546875 0.3591579861111111 0.03216552734375 0.045708550347222224
0 0.181640625 0.5434027777777778 0.03179931640625 0.055257161458333336
0 0.459228515625 0.1851128472222222 0.0240020751953125 0.06477864583333333
0 0.68408203125 0.3700086805555556 0.020172119140625 0.060384114583333336
0 0.74609375 0.3485243055555556 0.0230712890625 0.060601128472222224
0 0.356201171875 0.5481770833333334 0.02423095703125 0.06353081597222222
0 0.30908203125 0.09407552083333333 0.0243377685546875 0.06461588541666667
0 0.86376953125 0.3869357638888889 0.03173828125 0.05113389756944445
0 0.509765625 0.2265625 0.01861572265625 0.0730251736111111
0 0.591796875 0.5486111111111112 0.033721923828125 0.04383680555555555
0 0.497802734375 0.7921006944444444 0.02630615234375 0.057183159722222224
0 0.431884765625 0.21647135416666666 0.02215576171875 0.06201171875
0 0.91064453125 0.431640625 0.025177001953125 0.06391059027777778
0 0.045196533203125 0.22395833333333334 0.02655029296875 0.06749131944444445
0 0.52587890625 0.5885416666666666 0.0309600830078125 0.048583984375
0 0.5029296875 0.08685980902777778 0.020172119140625 0.06722005208333333
0 0.43017578125 0.146484375 0.0232391357421875 0.06673177083333333
0 0.55517578125 0.337890625 0.0245208740234375 0.06076388888888889
0 0.84375 0.2421875 0.0230712890625 0.059136284722222224
0 0.35595703125 0.2923177083333333 0.0196380615234375 0.06646050347222222
0 0.427490234375 0.8237847222222222 0.0284423828125 0.0636935763888889
0 0.57470703125 0.4631076388888889 0.0279541015625 0.05007595486111111
0 0.438232421875 0.7183159722222222 0.033660888671875 0.054741753472222224
0 0.45703125 0.4444444444444444 0.018646240234375 0.06016710069444445
0 0.64501953125 0.2886284722222222 0.035736083984375 0.041558159722222224
0 0.3291015625 0.2860243055555556 0.0211181640625 0.05935329861111111
0 0.463623046875 0.7022569444444444 0.033782958984375 0.05259874131944445
0 0.10821533203125 0.5056423611111112 0.0322265625 0.05007595486111111
0 0.57421875 0.2158203125 0.0261993408203125 0.06391059027777778
0 0.68896484375 0.6653645833333334 0.0231475830078125 0.059027777777777776
0 0.21533203125 0.5894097222222222 0.038177490234375 0.03955078125
0 0.413818359375 0.16861979166666666 0.029815673828125 0.06380208333333333
0 0.498291015625 0.7126736111111112 0.02288818359375 0.06076388888888889
0 0.15478515625 0.1713324652777778 0.02685546875 0.06499565972222222
0 0.382568359375 0.0661349826388889 0.0197601318359375 0.06776258680555555
0 0.74609375 0.2265625 0.020599365234375 0.0636935763888889
0 0.260498046875 0.5941840277777778 0.0333251953125 0.04931640625
0 0.470703125 0.5464409722222222 0.020599365234375 0.0673828125
0 0.31494140625 0.8111979166666666 0.0295867919921875 0.06353081597222222
0 0.055206298828125 0.15516493055555555 0.02484130859375 0.06488715277777778
0 0.7890625 0.8298611111111112 0.033660888671875 0.050944010416666664
0 0.483154296875 0.3832465277777778 0.0182952880859375 0.0675998263888889
0 0.308349609375 0.3454861111111111 0.0207672119140625 0.053521050347222224
0 0.050140380859375 0.3248697916666667 0.0225830078125 0.06537543402777778
0 0.88525390625 0.4411892361111111 0.021697998046875 0.06537543402777778
0 0.60107421875 0.4730902777777778 0.0252227783203125 0.0615234375
0 0.69384765625 0.07286241319444445 0.018341064453125 0.06477864583333333
0 0.890625 0.306640625 0.0287628173828125 0.06027560763888889
0 0.5791015625 0.2845052083333333 0.03204345703125 0.04676649305555555
0 0.351318359375 0.5998263888888888 0.037322998046875 0.03477647569444445
0 0.8154296875 0.28125 0.033477783203125 0.046142578125
0 0.257568359375 0.19498697916666666 0.0247955322265625 0.057291666666666664
0 0.43408203125 0.2756076388888889 0.0333251953125 0.06331380208333333
0 0.8095703125 0.7356770833333334 0.032958984375 0.043999565972222224
0 0.7099609375 0.3235677083333333 0.0369873046875 0.04334852430555555
0 0.54052734375 0.7018229166666666 0.03204345703125 0.04172092013888889
0 0.345947265625 0.05881076388888889 0.0258636474609375 0.05555555555555555
0 0.400390625 0.2319878472222222 0.0225372314453125 0.0703125
0 0.716796875 0.8181423611111112 0.0231475830078125 0.05653211805555555
0 0.2138671875 0.7265625 0.0213623046875 0.0673828125
0 0.54150390625 0.3578559027777778 0.029541015625 0.05007595486111111
0 0.1048583984375 0.7569444444444444 0.0241851806640625 0.06526692708333333
0 0.14990234375 0.6818576388888888 0.032470703125 0.051513671875
0 0.91748046875 0.5811631944444444 0.0234222412109375 0.07047526041666667
0 0.43310546875 0.6067708333333334 0.03436279296875 0.04334852430555555
0 0.83984375 0.4340277777777778 0.038116455078125 0.049506293402777776
0 0.59619140625 0.6736111111111112 0.0219879150390625 0.0632052951388889
0 0.232177734375 0.1978081597222222 0.0294189453125 0.07231987847222222
0 0.5810546875 0.8463541666666666 0.02838134765625 0.062337239583333336
0 0.09283447265625 0.24153645833333334 0.03033447265625 0.0625
0 0.164794921875 0.3893229166666667 0.0232391357421875 0.06499565972222222
0 0.74365234375 0.4244791666666667 0.033203125 0.03445095486111111
0 0.256591796875 0.0891384548611111 0.024993896484375 0.057074652777777776
0 0.53662109375 0.4396701388888889 0.035552978515625 0.03567165798611111
0 0.4189453125 0.341796875 0.0364990234375 0.03526475694444445
0 0.77099609375 0.6692708333333334 0.02880859375 0.058268229166666664
0 0.3466796875 0.77734375 0.03662109375 0.04014756944444445
0 0.720703125 0.5611979166666666 0.033721923828125 0.037055121527777776
0 0.345947265625 0.4717881944444444 0.037750244140625 0.04443359375
0 0.73291015625 0.5217013888888888 0.03594970703125 0.049126519097222224
0 0.53759765625 0.2819010416666667 0.036285400390625 0.03762478298611111
0 0.94921875 0.3947482638888889 0.035400390625 0.045979817708333336
0 0.56201171875 0.8389756944444444 0.0299224853515625 0.05859375
0 0.54541015625 0.4034288194444444 0.032958984375 0.039388020833333336
0 0.90185546875 0.24131944444444445 0.0177764892578125 0.0671115451388889
0 0.151611328125 0.7899305555555556 0.0283355712890625 0.0576171875
0 0.405029296875 0.5594618055555556 0.01983642578125 0.0675998263888889
0 0.047149658203125 0.515625 0.0235137939453125 0.0671115451388889
0 0.08331298828125 0.0810546875 0.029754638671875 0.06852213541666667
0 0.67822265625 0.12630208333333334 0.017578125 0.0632052951388889
0 0.5419921875 0.7734375 0.0313720703125 0.03683810763888889
0 0.96875 0.4622395833333333 0.0257110595703125 0.05859375
0 0.07879638671875 0.6341145833333334 0.0311431884765625 0.059136284722222224
0 0.80419921875 0.9149305555555556 0.034698486328125 0.051920572916666664
0 0.88671875 0.8172743055555556 0.0256195068359375 0.06005859375
0 0.6474609375 0.0498046875 0.02685546875 0.059244791666666664
0 0.51220703125 0.1408420138888889 0.0301055908203125 0.061089409722222224
0 0.1251220703125 0.0827365451388889 0.0215301513671875 0.06597222222222222
0 0.2958984375 0.13313802083333334 0.03192138671875 0.05642361111111111
0 0.03167724609375 0.5668402777777778 0.0242767333984375 0.0700954861111111
0 0.916015625 0.3092447916666667 0.0229339599609375 0.0576171875
0 0.6904296875 0.2630208333333333 0.030853271484375 0.038655598958333336
0 0.395263671875 0.4574652777777778 0.0236968994140625 0.05075412326388889
0 0.12042236328125 0.7044270833333334 0.0221099853515625 0.05360243055555555
0 0.7900390625 0.08995225694444445 0.020294189453125 0.060872395833333336
0 0.5048828125 0.65234375 0.0203704833984375 0.05433485243055555
0 0.381103515625 0.2638888888888889 0.018829345703125 0.05064561631944445
0 0.79052734375 0.7647569444444444 0.03424072265625 0.030300564236111112
0 0.53662109375 0.0949435763888889 0.0180511474609375 0.07074652777777778
0 0.292236328125 0.7686631944444444 0.034942626953125 0.03976779513888889
0 0.89697265625 0.6909722222222222 0.038238525390625 0.035400390625
0 0.421630859375 0.5373263888888888 0.027740478515625 0.060492621527777776
0 0.272705078125 0.4739583333333333 0.027374267578125 0.048394097222222224
0 0.61083984375 0.1630859375 0.024139404296875 0.05870225694444445
0 0.5634765625 0.1494140625 0.0284881591796875 0.06526692708333333
0 0.517578125 0.09423828125 0.0257110595703125 0.054443359375
0 0.18994140625 0.14756944444444445 0.034027099609375 0.051812065972222224
0 0.315185546875 0.3917100694444444 0.035400390625 0.032416449652777776
0 0.9111328125 0.4800347222222222 0.0215301513671875 0.058051215277777776
0 0.09893798828125 0.042670355902777776 0.0263519287109375 0.06027560763888889
0 0.7255859375 0.2506510416666667 0.0282745361328125 0.052408854166666664
0 0.66845703125 0.6970486111111112 0.0197601318359375 0.06646050347222222
0 0.2413330078125 0.8424479166666666 0.0268096923828125 0.060601128472222224
0 0.88720703125 0.6037326388888888 0.037261962890625 0.04299587673611111
0 0.90380859375 0.1467013888888889 0.0232391357421875 0.0666232638888889
0 0.296875 0.7122395833333334 0.033905029296875 0.03477647569444445
0 0.1771240234375 0.7634548611111112 0.0325927734375 0.06076388888888889
0 0.07147216796875 0.7612847222222222 0.0287017822265625 0.06212022569444445
0 0.53759765625 0.23307291666666666 0.035736083984375 0.05211046006944445
0 0.9765625 0.2608506944444444 0.0235137939453125 0.06461588541666667
0 0.71923828125 0.4016927083333333 0.0187225341796875 0.04307725694444445
0 0.5244140625 0.6467013888888888 0.01983642578125 0.06586371527777778
0 0.11419677734375 0.6644965277777778 0.03790283203125 0.032660590277777776
0 0.190673828125 0.6540798611111112 0.03955078125 0.036295572916666664
0 0.1280517578125 0.77734375 0.02215576171875 0.06401909722222222
0 0.142822265625 0.7265625 0.03424072265625 0.055474175347222224
0 0.66015625 0.24869791666666666 0.0360107421875 0.03683810763888889
0 0.6748046875 0.6085069444444444 0.03594970703125 0.05433485243055555
0 0.228515625 0.11490885416666667 0.037261962890625 0.05674913194444445
0 0.71923828125 0.11414930555555555 0.0177154541015625 0.06586371527777778
0 0.873046875 0.23697916666666666 0.0251312255859375 0.06309678819444445
0 0.615234375 0.4025607638888889 0.0274810791015625 0.04163953993055555
0 0.8583984375 0.17903645833333334 0.0333251953125 0.04587131076388889
0 0.35595703125 0.4040798611111111 0.03790283203125 0.036431206597222224
0 0.091552734375 0.3207465277777778 0.038909912109375 0.042914496527777776
0 0.93310546875 0.4214409722222222 0.0236968994140625 0.059027777777777776
0 0.34375 0.4353298611111111 0.038330078125 0.033881293402777776
0 0.28125 0.1808810763888889 0.03912353515625 0.03857421875
0 0.18505859375 0.6245659722222222 0.04107666015625 0.037760416666666664
0 0.822265625 0.4544270833333333 0.04193115234375 0.04893663194444445
0 0.09222412109375 0.2868923611111111 0.0360107421875 0.04299587673611111
0 0.8125 0.2189670138888889 0.038116455078125 0.042426215277777776
0 0.9775390625 0.3680555555555556 0.0234222412109375 0.06559244791666667
0 0.90625 0.3689236111111111 0.040618896484375 0.04649522569444445
0 0.72021484375 0.19737413194444445 0.03521728515625 0.04001193576388889
0 0.888671875 0.8736979166666666 0.01983642578125 0.06190321180555555
0 0.6640625 0.07709418402777778 0.03173828125 0.03713650173611111
0 0.8427734375 0.9227430555555556 0.036834716796875 0.042046440972222224
0 0.6513671875 0.14811197916666666 0.03204345703125 0.036566840277777776
0 0.03155517578125 0.0930447048611111 0.0245208740234375 0.051703559027777776
0 0.2362060546875 0.2721354166666667 0.042816162109375 0.03697374131944445
0 0.96435546875 0.3177083333333333 0.037322998046875 0.037841796875
0 0.89892578125 0.7296006944444444 0.038330078125 0.03870985243055555
0 0.7705078125 0.2992621527777778 0.03802490234375 0.042046440972222224
0 0.2210693359375 0.4613715277777778 0.036285400390625 0.05783420138888889
0 0.73974609375 0.146484375 0.0218658447265625 0.062337239583333336
0 0.2152099609375 0.04847547743055555 0.0260009765625 0.0720486111111111
0 0.81982421875 0.16861979166666666 0.036773681640625 0.04519314236111111
0 0.88427734375 0.14366319444444445 0.0182647705078125 0.061197916666666664
0 0.489990234375 0.031494140625 0.034759521484375 0.036783854166666664
0 0.5830078125 0.09288194444444445 0.036712646484375 0.0478515625
0 0.0177154541015625 0.3396267361111111 0.034423828125 0.04416232638888889
0 0.86572265625 0.3226996527777778 0.032470703125 0.040473090277777776
0 0.869140625 0.1467013888888889 0.0199432373046875 0.059516059027777776
0 0.06951904296875 0.4674479166666667 0.0413818359375 0.03762478298611111
0 0.1175537109375 0.4220920138888889 0.024566650390625 0.04774305555555555
0 0.6962890625 0.22265625 0.03228759765625 0.04831271701388889
0 0.84716796875 0.07823350694444445 0.03704833984375 0.04676649305555555
0 0.4111328125 0.06342230902777778 0.036285400390625 0.04942491319444445
0 0.0266571044921875 0.1486545138888889 0.039642333984375 0.05685763888888889
0 0.0582275390625 0.4444444444444444 0.0272674560546875 0.03976779513888889
0 0.1820068359375 0.10411241319444445 0.0330810546875 0.044759114583333336
0 0.08978271484375 0.14388020833333334 0.042724609375 0.034722222222222224
0 0.74169921875 0.046685112847222224 0.03253173828125 0.050835503472222224
0 0.75537109375 0.0925021701388889 0.033843994140625 0.037407769097222224
0 0.96826171875 0.17100694444444445 0.033843994140625 0.059733072916666664
0 0.01384735107421875 0.4552951388888889 0.0276947021484375 0.034993489583333336
0 0.2587890625 0.04283311631944445 0.0379638671875 0.040771484375
0 0.333984375 0.11555989583333333 0.033782958984375 0.0498046875
0 0.93359375 0.8793402777777778 0.038543701171875 0.044677734375
0 0.7744140625 0.23046875 0.037322998046875 0.044840494791666664
0 0.9853515625 0.2111545138888889 0.02691650390625 0.07221137152777778
0 0.361572265625 0.026082356770833332 0.033538818359375 0.032280815972222224
0 0.8935546875 0.9227430555555556 0.02423095703125 0.051432291666666664
0 0.833984375 0.6471354166666666 0.0261077880859375 0.042426215277777776
0 0.76123046875 0.1662326388888889 0.0289306640625 0.054443359375
0 0.219482421875 0.7756076388888888 0.019989013671875 0.04039171006944445
0 0.96728515625 0.9427083333333334 0.0235595703125 0.05319552951388889
0 0.1505126953125 0.08338758680555555 0.038818359375 0.040228949652777776
0 0.449462890625 0.5338541666666666 0.030731201171875 0.029378255208333332
0 0.97216796875 0.6059027777777778 0.025665283203125 0.05848524305555555
0 0.11083984375 0.024997287326388888 0.03448486328125 0.0498046875
0 0.98046875 0.10335286458333333 0.03790283203125 0.043511284722222224
0 0.88671875 0.23719618055555555 0.0192413330078125 0.06450737847222222
0 0.445068359375 0.5065104166666666 0.041473388671875 0.03917100694444445
0 0.98779296875 0.4809027777777778 0.023956298828125 0.037353515625
0 0.010986328125 0.5486111111111112 0.0209197998046875 0.07259114583333333
0 0.3466796875 0.8780381944444444 0.023956298828125 0.037841796875
0 0.76513671875 0.7947048611111112 0.0276947021484375 0.028266059027777776
0 0.12115478515625 0.9331597222222222 0.035675048828125 0.049506293402777776
0 0.347900390625 0.9331597222222222 0.0305023193359375 0.046576605902777776
0 0.1820068359375 0.044840494791666664 0.02215576171875 0.035807291666666664
0 0.0704345703125 0.8567708333333334 0.032470703125 0.061197916666666664
0 0.76416015625 0.9157986111111112 0.02423095703125 0.06309678819444445
0 0.67724609375 0.9340277777777778 0.0330810546875 0.045708550347222224
0 0.6845703125 0.9704861111111112 0.032470703125 0.036702473958333336
0 0.98974609375 0.3070746527777778 0.0199432373046875 0.041802300347222224
0 0.13232421875 0.6137152777777778 0.0199432373046875 0.03504774305555555
0 0.1412353515625 0.4769965277777778 0.0284881591796875 0.030897352430555556
0 0.513671875 0.9262152777777778 0.0260009765625 0.05837673611111111
0 0.07598876953125 0.9453125 0.0390625 0.03843858506944445
0 0.9932291666666667 0.924074074074074 0.013541666666666667 0.046296296296296294
0 0.06268310546875 0.4086371527777778 0.0261993408203125 0.030409071180555556
0 0.0287017822265625 0.030083550347222224 0.0247039794921875 0.037543402777777776
0 0.80517578125 0.9809027777777778 0.038604736328125 0.029839409722222224
0 0.0109375 0.8708333333333333 0.021875 0.04537037037037037
0 0.95361328125 0.044514973958333336 0.016845703125 0.031005859375
0 0.2880859375 0.84765625 0.0303802490234375 0.045355902777777776
0 0.3837890625 0.9800347222222222 0.03607177734375 0.031982421875
0 0.6216145833333333 0.9814814814814815 0.0390625 0.037037037037037035
0 0.9853515625 0.8793402777777778 0.027740478515625 0.04359266493055555
0 0.65625 0.9791666666666666 0.03289794921875 0.040473090277777776
0 0.94677734375 0.9800347222222222 0.0394287109375 0.03615993923611111
0 0.78076171875 0.4142795138888889 0.01242828369140625 0.026190863715277776
0 0.7451171875 0.9756944444444444 0.0252685546875 0.01513671875
0 0.2548828125 0.8880208333333334 0.027740478515625 0.054117838541666664